15, 18, 6, 16, 17, 11, 13, 12, 7, 8, 14, 10, 9, 4, 1, 19, 20, 2, 3, 5
0.7451648712158203, 0.6861716508865356, 0.7844215631484985, 0.8312708139419556, 0.5217795968055725, 0.9855852723121643, 0.4528522491455078, 0.9565542936325073, 0.6535174250602722, 0.8800308704376221, 0.7532548308372498, 0.9958502054214478, 0.9977052807807922, 0.7168666124343872, 0.6955708265304565, 0.7734214663505554, 0.5225479006767273, 0.9826170802116394, 0.7557761669158936, 0.9116315245628357, 0.9924192428588867, 0.9592083692550659, 0.9852398633956909, 0.8217840194702148, 0.5382829904556274, 0.999620795249939, 0.9999517202377319, 0.9995326995849609, 0.927766740322113, 0.9987057447433472, 0.9999771118164062
6, 7, 8, 9, 2, 3, 4, 5, 11, 12, 13, 1, 10, 14, 15, 20, 16, 19, 17, 18
0.7697830200195312, 0.48311668634414673, 0.897929847240448, 0.9993263483047485, 0.65407395362854, 0.9938649535179138, 0.9982249140739441, 0.9978764057159424, 0.9987524747848511, 0.7522653937339783, 0.9826691150665283, 0.6090632081031799, 0.9999948740005493, 0.9999756813049316, 0.9944832921028137, 0.9907025098800659, 0.9800432920455933, 0.9725999236106873, 0.9541161060333252, 0.9998302459716797, 0.9999339580535889, 0.8170063495635986, 0.9999991655349731, 0.9987450838088989, 0.9949907660484314, 0.999971866607666, 0.9180393218994141, 0.9999974966049194, 0.9989173412322998, 1.0, 0.9999995231628418
1, 2, 3, 4, 5, 12, 13, 14, 15, 18, 17, 20, 9, 6, 8, 11, 16, 19, 10, 7
0.9893990755081177, 0.5615062713623047, 0.6770676374435425, 0.9067515730857849, 0.9995231628417969, 0.7210452556610107, 0.908187985420227, 0.8895716071128845, 0.6066994071006775, 0.9606575965881348, 0.9752910733222961, 0.7723915576934814, 0.8591645956039429, 0.7064834833145142, 0.6253061294555664, 0.8638131618499756, 0.9005123972892761, 0.5807971954345703, 0.9999525547027588, 0.7776590585708618, 0.7070106863975525, 0.9130216240882874, 0.889604389667511, 0.6030402183532715, 0.7546924352645874, 0.8791128993034363, 0.9600396752357483, 0.9626564979553223, 0.7605715394020081, 0.9999921321868896, 0.999998927116394
1, 5, 11, 12, 13, 14, 17, 18, 20, 6, 8, 9, 10, 15, 19, 2, 3, 4, 7, 16
0.690708339214325, 0.33239519596099854, 0.6914229393005371, 0.97092604637146, 0.9765779376029968, 0.9981278777122498, 0.5132820010185242, 0.618804395198822, 0.976889967918396, 0.9964465498924255, 0.917186439037323, 0.9047480821609497, 0.9990923404693604, 0.9999524354934692, 0.8504538536071777, 0.9989263415336609, 0.7914230823516846, 0.9323790669441223, 0.9960625767707825, 0.9998161196708679, 0.9997561573982239, 0.8974732756614685, 0.8976360559463501, 0.9977675676345825, 0.9992868304252625, 0.9887105822563171, 0.999907374382019, 0.9999923706054688, 0.9553170204162598, 0.9999997615814209, 0.9999991655349731
1, 2, 3, 7, 8, 15, 16, 17, 5, 4, 18, 11, 14, 9, 10, 19, 20, 12, 13, 6
0.9517636895179749, 0.8486600518226624, 0.9486132860183716, 0.4079132080078125, 0.9913610816001892, 0.869435727596283, 0.9705474972724915, 0.7925817370414734, 0.7498152256011963, 0.5089494585990906, 0.9943268895149231, 0.5387652516365051, 0.9907079935073853, 0.6270086169242859, 0.4939814507961273, 0.4305855333805084, 0.6975274085998535, 0.8464779853820801, 0.9927709698677063, 0.4292609393596649, 0.7862705588340759, 0.8431311845779419, 0.5913567543029785, 0.6242618560791016, 0.989554762840271, 0.999994158744812, 0.6718124747276306, 0.9597487449645996, 0.9995763897895813, 0.9999992847442627, 0.9999768733978271
10, 2, 7, 11, 1, 18, 16, 13, 14, 12, 3, 4, 9, 5, 15, 19, 20, 6, 8, 17
0.44208186864852905, 0.6501495242118835, 0.6553080081939697, 0.95374596118927, 0.9727184176445007, 0.9286051988601685, 0.8481879234313965, 0.9785973429679871, 0.9907858371734619, 0.709973931312561, 0.5261836051940918, 0.9363076686859131, 0.9739518165588379, 0.7231720685958862, 0.9838358163833618, 0.37746337056159973, 0.6859625577926636, 0.7736260294914246, 0.7395668029785156, 0.46297934651374817, 0.738856852054596, 0.4868994653224945, 0.7914576530456543, 0.4558689594268799, 0.52419114112854, 0.7773427963256836, 0.9999971389770508, 0.7344335913658142, 0.5621050000190735, 0.9999531507492065, 0.999971866607666
6, 8, 18, 12, 1, 2, 3, 4, 5, 9, 10, 14, 17, 13, 11, 19, 7, 20, 15, 16
0.9192997217178345, 0.887731671333313, 0.9966249465942383, 0.6149067878723145, 0.968042254447937, 0.9717000722885132, 0.6846622824668884, 0.9372521042823792, 0.9491313695907593, 0.9742722511291504, 0.9694098830223083, 0.9866906404495239, 0.996337890625, 0.9305983185768127, 0.9920148849487305, 0.5819311738014221, 0.9861160516738892, 0.8007788062095642, 0.7080408930778503, 0.3702871799468994, 0.896853506565094, 0.9592097997665405, 0.5697572231292725, 0.9642274379730225, 0.5672996044158936, 0.7310171723365784, 0.9999978542327881, 0.9998890161514282, 0.9896665811538696, 0.9999973773956299, 0.9999996423721313
9, 1, 13, 5, 19, 6, 14, 20, 2, 3, 10, 11, 12, 7, 8, 15, 16, 17, 4, 18
0.4717441499233246, 0.8963161706924438, 0.6355260610580444, 0.6619939208030701, 0.3582635521888733, 0.8003308176994324, 0.9741414785385132, 0.47376778721809387, 0.6539487838745117, 0.9468695521354675, 0.6987110376358032, 0.618745744228363, 0.48935434222221375, 0.7147132754325867, 0.9971544742584229, 0.8524777889251709, 0.9996198415756226, 0.9982574582099915, 0.9959709048271179, 0.9801067113876343, 0.8822270035743713, 0.9963369369506836, 0.980270266532898, 0.9210513830184937, 0.9999747276306152, 0.9997175335884094, 0.8221784830093384, 0.9896390438079834, 0.8333216309547424, 0.9999994039535522, 0.9999974966049194
2, 17, 8, 4, 1, 18, 19, 7, 9, 10, 11, 12, 13, 14, 15, 16, 5, 6, 20, 3
0.510528564453125, 0.7791475057601929, 0.611997663974762, 0.4874953329563141, 0.7711103558540344, 0.9319136738777161, 0.6935449242591858, 0.502808153629303, 0.9734154343605042, 0.991446852684021, 0.6909355521202087, 0.5401734709739685, 0.9962785840034485, 0.9429959058761597, 0.9940933585166931, 0.7668607831001282, 0.9891152381896973, 0.9356361627578735, 0.9921369552612305, 0.9944155216217041, 0.9973036050796509, 0.9983273148536682, 0.9941733479499817, 0.9893434047698975, 0.9623523354530334, 0.9999922513961792, 0.6154455542564392, 0.8736801743507385, 0.9192727208137512, 0.9999908208847046, 0.9999951124191284
4, 11, 18, 10, 3, 13, 7, 6, 14, 17, 12, 19, 5, 9, 16, 1, 2, 8, 20, 15
0.8703163862228394, 0.7799936532974243, 0.5722721219062805, 0.9104248285293579, 0.9752668738365173, 0.6280620694160461, 0.9885023832321167, 0.41556423902511597, 0.39359453320503235, 0.4366381764411926, 0.4374910891056061, 0.5775987505912781, 0.986727774143219, 0.4228382706642151, 0.9726470112800598, 0.6682503819465637, 0.8690863847732544, 0.655951738357544, 0.7402148842811584, 0.9881405830383301, 0.5576695203781128, 0.9597642421722412, 0.8346483111381531, 0.8288305997848511, 0.9831416606903076, 0.6876730918884277, 0.7145843505859375, 0.9949508905410767, 0.9999977350234985, 0.9999959468841553, 0.9999994039535522
1, 2, 3, 4, 5, 6, 7, 8, 9, 10, 11, 12, 13, 14, 15, 16, 17, 18, 19, 20
0.8012282848358154, 0.8015361428260803, 0.707118809223175, 0.9739600419998169, 0.9931517839431763, 0.9995235204696655, 0.5918413400650024, 0.9961040019989014, 0.9994608759880066, 0.9999191761016846, 0.998945415019989, 0.9999938011169434, 0.9997747540473938, 0.9999938011169434, 0.999929666519165, 0.9999977350234985, 0.9978106617927551, 0.9999985694885254, 0.9999717473983765, 0.9999980926513672, 0.999934196472168, 0.9999991655349731, 0.9999716281890869, 0.9999977350234985, 0.9999722242355347, 0.9999991655349731, 0.9999887943267822, 0.9999983310699463, 0.9999982118606567, 0.9999966621398926, 0.9999927282333374
3, 14, 4, 1, 13, 19, 11, 6, 17, 5, 15, 9, 8, 7, 2, 18, 10, 16, 12, 20
0.9988253712654114, 0.951942503452301, 0.9986140727996826, 0.9983221888542175, 0.9768526554107666, 0.933147132396698, 0.40102285146713257, 0.8460822701454163, 0.6138717532157898, 0.7424574494361877, 0.8730021715164185, 0.5841161012649536, 0.6847707033157349, 0.9334462285041809, 0.7993409037590027, 0.42239949107170105, 0.8879801034927368, 0.4749499559402466, 0.5048630833625793, 0.8905236124992371, 0.9273049235343933, 0.6925502419471741, 0.9068448543548584, 0.79303377866745, 0.8582594990730286, 0.7606234550476074, 0.9096131324768066, 0.6926275491714478, 0.9999747276306152, 0.9998975992202759, 0.9999977350234985
1, 2, 3, 4, 5, 9, 10, 13, 14, 16, 17, 18, 7, 11, 12, 15, 19, 20, 6, 8
0.8367332220077515, 0.7036711573600769, 0.9570764899253845, 0.35260385274887085, 0.5397803783416748, 0.4535144567489624, 0.9955686926841736, 0.9841741323471069, 0.5376898646354675, 0.9775689244270325, 0.9934400916099548, 0.9997246861457825, 0.49753421545028687, 0.8716596364974976, 0.9921013712882996, 0.9996675252914429, 0.7154055237770081, 0.9833989143371582, 0.8099204897880554, 0.8191462159156799, 0.8956957459449768, 0.9999332427978516, 0.999896764755249, 0.9003642201423645, 0.9294195175170898, 0.8747145533561707, 0.9999974966049194, 0.6135509014129639, 0.9999977350234985, 0.8987330198287964, 0.9999704360961914
1, 2, 3, 8, 11, 15, 13, 18, 17, 4, 5, 10, 16, 7, 12, 14, 6, 19, 20, 9
0.9953562617301941, 0.6161118745803833, 0.9479526281356812, 0.4621259868144989, 0.9180872440338135, 0.9925311207771301, 0.8893388509750366, 0.7600104808807373, 0.8298203945159912, 0.6677642464637756, 0.7195329666137695, 0.9728695750236511, 0.7545002698898315, 0.9364513754844666, 0.8874489665031433, 0.6438223123550415, 0.5442016124725342, 0.8564170002937317, 0.5869094133377075, 0.9951423406600952, 0.9074108600616455, 0.8395771384239197, 0.9260291457176208, 0.5037869215011597, 0.9991000890731812, 0.988234281539917, 0.6868124604225159, 0.9999867677688599, 0.9848058819770813, 0.9999992847442627, 0.9999935626983643
3, 11, 16, 1, 17, 18, 14, 15, 19, 20, 8, 9, 4, 5, 10, 2, 6, 7, 12, 13
0.6255347728729248, 0.9996077418327332, 0.9469946026802063, 0.9997777342796326, 0.9998362064361572, 0.9443871974945068, 0.7979260087013245, 0.5135493874549866, 0.9896753430366516, 0.9970025420188904, 0.7220547795295715, 0.8442632555961609, 0.9729796051979065, 0.9942638278007507, 0.6813632249832153, 0.9991804957389832, 0.997791051864624, 0.9999505281448364, 0.5912017822265625, 0.9942750334739685, 0.9434234499931335, 0.6486807465553284, 0.9359151124954224, 0.967811644077301, 0.5449835062026978, 0.819901168346405, 0.9999599456787109, 0.9997811913490295, 0.9986205101013184, 0.9999988079071045, 0.9999996423721313
1, 12, 2, 10, 11, 6, 13, 18, 19, 3, 9, 7, 14, 17, 4, 20, 15, 16, 8, 5
0.9956769347190857, 0.6548769474029541, 0.8978742361068726, 0.7989152073860168, 0.80949467420578, 0.9773617386817932, 0.6194747686386108, 0.7649452686309814, 0.5230015516281128, 0.4966481029987335, 0.553051769733429, 0.5264176726341248, 0.5092546939849854, 0.9645392894744873, 0.9624210596084595, 0.6264089345932007, 0.38052910566329956, 0.5110533833503723, 0.4746038019657135, 0.9141985177993774, 0.8865271210670471, 0.95460045337677, 0.5130956768989563, 0.8351508378982544, 0.9999991655349731, 0.5509330034255981, 0.9743283987045288, 0.9917625188827515, 0.999984860420227, 0.9513763785362244, 0.9999783039093018
1, 2, 6, 7, 18, 10, 11, 4, 3, 5, 12, 14, 15, 17, 13, 19, 20, 16, 8, 9
0.8176371455192566, 0.8319134712219238, 0.9764812588691711, 0.6451284289360046, 0.9911235570907593, 0.6719328761100769, 0.7023290991783142, 0.5942345857620239, 0.8008477687835693, 0.9890501499176025, 0.6106767058372498, 0.9190562963485718, 0.9995670914649963, 0.9909509420394897, 0.891269326210022, 0.9999048709869385, 0.9980891346931458, 0.9999681711196899, 0.9999055862426758, 0.9625146985054016, 0.6290503740310669, 0.9751529693603516, 0.9208502769470215, 0.9000408053398132, 0.883990466594696, 0.9997302889823914, 0.9999924898147583, 0.9222875237464905, 0.9999048709869385, 0.9202244877815247, 0.9999929666519165
1, 2, 3, 6, 7, 9, 13, 17, 8, 16, 4, 5, 10, 11, 12, 14, 15, 18, 19, 20
0.5729033350944519, 0.6593729257583618, 0.9884414672851562, 0.9526224732398987, 0.9995303153991699, 0.9935805797576904, 0.9999727010726929, 0.9968417882919312, 0.999976634979248, 0.9999644756317139, 0.9158390164375305, 0.8994648456573486, 0.9767569899559021, 0.5172457695007324, 0.9996531009674072, 0.9962701797485352, 0.9992926120758057, 0.999976634979248, 0.9216713309288025, 0.9999514818191528, 0.9994925260543823, 0.9999768733978271, 0.9995013475418091, 0.9999901056289673, 0.9953839182853699, 0.9999945163726807, 0.999962568283081, 0.9999951124191284, 0.9999986886978149, 0.9999924898147583, 0.9999945163726807
3, 2, 5, 8, 1, 6, 18, 20, 4, 7, 17, 11, 16, 15, 19, 12, 14, 13, 9, 10
0.8017778396606445, 0.9864768981933594, 0.5396301746368408, 0.9478451609611511, 0.9096084833145142, 0.7952858209609985, 0.754285454750061, 0.988678514957428, 0.6002019047737122, 0.9999978542327881, 0.5444986820220947, 0.7824451923370361, 0.9734876155853271, 0.7226618528366089, 0.7531301379203796, 0.4354381859302521, 0.948095977306366, 0.6628173589706421, 0.7684221267700195, 0.3936123847961426, 0.6539843678474426, 0.7083024978637695, 0.8835606575012207, 0.5459813475608826, 0.9983866214752197, 0.9973760843276978, 0.5736339092254639, 0.8499629497528076, 0.6113694906234741, 0.9999973773956299, 0.9999991655349731
4, 7, 9, 11, 12, 19, 20, 13, 18, 16, 17, 2, 3, 5, 6, 8, 10, 14, 15, 1
0.377084344625473, 0.42331406474113464, 0.5562260150909424, 0.6853810548782349, 0.6691679358482361, 0.9901086091995239, 0.9950467348098755, 0.8665907382965088, 0.8073145747184753, 0.9968840479850769, 0.9993019104003906, 0.6187829375267029, 0.5271778106689453, 0.9427613019943237, 0.951942503452301, 0.5192381739616394, 0.470260888338089, 0.9958754181861877, 0.9985552430152893, 0.2972809374332428, 0.9997507929801941, 0.5094026923179626, 0.9997337460517883, 0.7518043518066406, 0.999922513961792, 0.8837344646453857, 0.9995377063751221, 0.8653241395950317, 0.9999986886978149, 0.9999767541885376, 0.9999978542327881
1, 3, 2, 4, 5, 8, 13, 14, 15, 16, 17, 18, 9, 11, 12, 10, 19, 20, 6, 7
0.919266939163208, 0.5681529641151428, 0.8483696579933167, 0.9956740736961365, 0.9996227025985718, 0.5216269493103027, 0.9885744452476501, 0.8900309801101685, 0.99997878074646, 0.99928218126297, 0.9996318817138672, 0.964611291885376, 0.9999277591705322, 0.9999518394470215, 0.921129047870636, 0.972028374671936, 0.999962568283081, 0.999991774559021, 0.535758376121521, 0.9935958981513977, 0.9749897718429565, 0.9997254014015198, 0.9999232292175293, 0.5311751961708069, 0.9324124455451965, 0.7772442102432251, 0.9999896287918091, 0.988465428352356, 0.9999958276748657, 0.6150446534156799, 0.9999996423721313
1, 2, 6, 8, 12, 7, 3, 4, 5, 15, 16, 17, 11, 13, 14, 9, 10, 19, 18, 20
0.9756624102592468, 0.8375064134597778, 0.9251289963722229, 0.9549877643585205, 0.46086040139198303, 0.9970801472663879, 0.4922511875629425, 0.7900902628898621, 0.95401930809021, 0.9992443323135376, 0.9907634854316711, 0.9742491841316223, 0.999984622001648, 0.9974242448806763, 0.999992847442627, 0.9999926090240479, 0.9651201367378235, 0.8201363682746887, 0.515256941318512, 0.9290075302124023, 0.999920129776001, 0.9999192953109741, 0.6504841446876526, 0.9999202489852905, 0.9693032503128052, 0.9999358654022217, 0.9999299049377441, 0.9822840094566345, 0.9999942779541016, 0.9999982118606567, 0.9999957084655762
1, 2, 6, 5, 4, 3, 7, 8, 9, 10, 11, 14, 13, 12, 19, 15, 16, 17, 18, 20
0.9987265467643738, 0.9164382815361023, 0.41169992089271545, 0.4428899586200714, 0.5087158679962158, 0.4942571818828583, 0.5936718583106995, 0.923270046710968, 0.987151026725769, 0.9998646974563599, 0.8389322757720947, 0.9998526573181152, 0.9893165826797485, 0.9999563694000244, 0.9280434846878052, 0.9995998740196228, 0.9467448592185974, 0.952560305595398, 0.6560236215591431, 0.9828172922134399, 0.620978832244873, 0.6442179679870605, 0.9786913394927979, 0.9998781681060791, 0.9580733776092529, 0.9999791383743286, 0.9975268244743347, 0.9979806542396545, 0.9999985694885254, 0.9999144077301025, 0.9999951124191284
14, 8, 9, 10, 3, 1, 2, 16, 5, 6, 7, 17, 20, 11, 15, 4, 18, 19, 13, 12
0.4308210611343384, 0.44229641556739807, 0.6966542601585388, 0.8431521058082581, 0.5688352584838867, 0.905691385269165, 0.5642214417457581, 0.9118286967277527, 0.9727010726928711, 0.5286502838134766, 0.9635581374168396, 0.4411487281322479, 0.9977259039878845, 0.7570973634719849, 0.8755295276641846, 0.9923880100250244, 0.9524582028388977, 0.9999939203262329, 0.9909411072731018, 0.587589681148529, 0.9798251986503601, 0.9974523186683655, 0.5158447027206421, 0.9929524064064026, 0.9668234586715698, 0.9794492721557617, 0.9980354905128479, 0.9810290932655334, 0.9780651926994324, 0.9996235370635986, 0.9999557733535767
1, 2, 3, 5, 4, 6, 7, 10, 16, 11, 8, 12, 13, 14, 15, 19, 18, 9, 17, 18
0.8703095316886902, 0.9660621881484985, 0.8291308879852295, 0.5637131333351135, 0.472425639629364, 0.7165064215660095, 0.8705044388771057, 0.5794094800949097, 0.9540956020355225, 0.7834154963493347, 0.7837775349617004, 0.6682025790214539, 0.6913859248161316, 0.6030998229980469, 0.9148038625717163, 0.911909282207489, 0.9983940720558167, 0.9531774520874023, 0.9990261793136597, 0.9931858777999878, 0.9982284903526306, 0.9991601705551147, 0.9195696115493774, 0.8327009677886963, 0.8799411058425903, 0.9986559152603149, 0.9902800917625427, 0.9951840043067932, 0.9971164464950562, 0.531102180480957, 0.9610740542411804
1, 2, 3, 4, 5, 6, 7, 8, 9, 10, 11, 12, 13, 14, 15, 16, 17, 19, 20, 18
0.9249958395957947, 0.7890209555625916, 0.8494338989257812, 0.9970942735671997, 0.9882786273956299, 0.7091187834739685, 0.9958156943321228, 0.9929855465888977, 0.8774492740631104, 0.999976634979248, 0.5818049311637878, 0.9999780654907227, 0.9947604537010193, 0.999987006187439, 0.9997715353965759, 0.9999938011169434, 0.9983381032943726, 0.9999842643737793, 0.999765932559967, 0.9999401569366455, 0.9995002746582031, 0.9995513558387756, 0.9995028972625732, 0.9999631643295288, 0.999914288520813, 0.9989659786224365, 0.9879454374313354, 0.9937698245048523, 0.9999756813049316, 0.9998940229415894, 0.9999793767929077
1, 2, 3, 7, 10, 12, 4, 9, 14, 18, 15, 16, 5, 13, 8, 11, 6, 17, 19, 20
0.7038240432739258, 0.9983105659484863, 0.9960739612579346, 0.9822580814361572, 0.9012844562530518, 0.9993855953216553, 0.45445704460144043, 0.9644174575805664, 0.49495941400527954, 0.8961082100868225, 0.8771272301673889, 0.5774242281913757, 0.8378305435180664, 0.8484860062599182, 0.7038546800613403, 0.5210142135620117, 0.6934275031089783, 0.4024403691291809, 0.4468599259853363, 0.5847569704055786, 0.9638919234275818, 0.54664546251297, 0.8198723793029785, 0.9835524559020996, 0.8651888370513916, 0.9999698400497437, 0.999967098236084, 0.7153700590133667, 0.9994363188743591, 0.9997105002403259, 0.9999957084655762
1, 2, 15, 16, 17, 18, 19, 20, 10, 9, 4, 11, 12, 13, 14, 3, 6, 7, 8, 5
0.9885435104370117, 0.9234557151794434, 0.5957074761390686, 0.6204540133476257, 0.9969128370285034, 0.962715744972229, 0.9991206526756287, 0.9949588179588318, 0.9988321661949158, 0.999624490737915, 0.8031388521194458, 0.9999856948852539, 0.9992544054985046, 0.9999805688858032, 0.7474881410598755, 0.9601170420646667, 0.6548704504966736, 0.5896055102348328, 0.9957436919212341, 0.5543432235717773, 0.955679178237915, 0.9902828931808472, 0.6441656947135925, 0.8633439540863037, 0.9810518026351929, 0.9999980926513672, 0.5803794860839844, 0.8948788046836853, 0.9611026644706726, 0.9999860525131226, 0.9999912977218628
1, 2, 3, 6, 7, 10, 11, 8, 9, 4, 5, 12, 14, 19, 20, 13, 15, 16, 17, 18
0.964869499206543, 0.9893019795417786, 0.998988687992096, 0.7334112524986267, 0.9997856020927429, 0.9960653185844421, 0.992225170135498, 0.999984622001648, 0.9999663829803467, 0.6577290296554565, 0.9998487234115601, 0.8089238405227661, 0.9999438524246216, 0.9996474981307983, 0.9967402815818787, 0.9888261556625366, 0.6057338714599609, 0.9833347797393799, 0.9914507269859314, 0.9999771118164062, 0.9999927282333374, 0.9997343420982361, 0.9984002709388733, 0.9999197721481323, 0.9683344960212708, 0.9999817609786987, 0.9941993951797485, 0.999995231628418, 0.9980119466781616, 0.9999984502792358, 0.9999988079071045
3, 5, 18, 19, 16, 15, 6, 4, 11, 8, 2, 12, 14, 1, 7, 10, 20, 9, 13, 17
0.8547959923744202, 0.9491885900497437, 0.27386441826820374, 0.5424433946609497, 0.9467836022377014, 0.9640867114067078, 0.3495006561279297, 0.5697125792503357, 0.8269810676574707, 0.9866085648536682, 0.3364598751068115, 0.6186943650245667, 0.5642337799072266, 0.7885819673538208, 0.5832744240760803, 0.7060311436653137, 0.6228846311569214, 0.48570284247398376, 0.6333750486373901, 0.7671616673469543, 0.6007733345031738, 0.5736363530158997, 0.8238915205001831, 0.9801533222198486, 0.6687076687812805, 0.9999992847442627, 0.7904773354530334, 0.9986827969551086, 0.9998524188995361, 0.9999988079071045, 0.9999992847442627
3, 13, 10, 16, 17, 18, 19, 8, 20, 1, 2, 4, 5, 6, 7, 9, 11, 12, 14, 15
0.8106533288955688, 0.913619339466095, 0.4151175916194916, 0.9345442056655884, 0.6147121787071228, 0.9766107797622681, 0.8971463441848755, 0.9931508302688599, 0.8744651675224304, 0.9980029463768005, 0.8927403688430786, 0.9987975358963013, 0.9997658133506775, 0.8320688009262085, 0.9978808164596558, 0.9995835423469543, 0.6574270725250244, 0.9984086155891418, 0.9996342658996582, 0.9993528723716736, 0.999940037727356, 0.9980353713035583, 0.9698030352592468, 0.999996542930603, 0.9478400349617004, 0.9999966621398926, 0.9991363883018494, 0.9999991655349731, 0.9998514652252197, 0.9999997615814209, 0.9999988079071045
1, 2, 3, 4, 6, 7, 8, 9, 13, 14, 15, 16, 18, 10, 11, 12, 20, 5, 17, 19
0.8691118955612183, 0.8700590133666992, 0.5277721285820007, 0.9860511422157288, 0.9878910779953003, 0.9864431619644165, 0.9859886169433594, 0.9990224838256836, 0.9995641112327576, 0.7248504161834717, 0.9960792660713196, 0.9881407022476196, 0.9996040463447571, 0.9634101986885071, 0.9992508292198181, 0.9982559084892273, 0.9936031699180603, 0.7446141242980957, 0.749016284942627, 0.9845795631408691, 0.9988558292388916, 0.9952229857444763, 0.9989774227142334, 0.9999526739120483, 0.8452016115188599, 0.9999918937683105, 0.8932867050170898, 0.9999935626983643, 0.5505983829498291, 0.999995231628418, 0.9999980926513672
2, 3, 1, 4, 5, 17, 20, 18, 12, 13, 6, 9, 10, 14, 15, 8, 19, 7, 11, 16
0.9893978834152222, 0.6210232377052307, 0.7295432090759277, 0.9858366250991821, 0.7715768218040466, 0.7122389674186707, 0.5495695471763611, 0.7269980311393738, 0.9999963045120239, 0.9470043182373047, 0.9447073340415955, 0.8749912977218628, 0.4893686771392822, 0.6975176334381104, 0.9955784678459167, 0.5839660167694092, 0.8773286938667297, 0.9999384880065918, 0.9989439845085144, 0.9756320118904114, 0.9785758852958679, 0.6130465865135193, 0.5283892154693604, 0.6297905445098877, 0.9772853255271912, 0.9975267052650452, 0.9637734293937683, 0.999998927116394, 0.6224563121795654, 0.9999998807907104, 0.9999995231628418
3, 4, 5, 6, 7, 8, 9, 18, 20, 11, 10, 12, 16, 17, 1, 2, 19, 14, 13, 15
0.48467686772346497, 0.5877729058265686, 0.9628944993019104, 0.9954779744148254, 0.9974467754364014, 0.9996073842048645, 0.9993640780448914, 0.9303664565086365, 0.7650159597396851, 0.851081132888794, 0.970180094242096, 0.8716508150100708, 0.3778584599494934, 0.9626525044441223, 0.8388452529907227, 0.9322123527526855, 0.8914193511009216, 0.9727481007575989, 0.854782223701477, 0.9343694448471069, 0.9081059694290161, 0.8311338424682617, 0.9838257431983948, 0.999903678894043, 0.9995080232620239, 0.9991890788078308, 0.9505465030670166, 0.9998897314071655, 0.8080583214759827, 0.999996542930603, 0.9999991655349731
14, 18, 17, 15, 3, 1, 2, 4, 19, 13, 16, 12, 10, 11, 7, 20, 5, 6, 8, 9
0.9152233004570007, 0.38199514150619507, 0.927493691444397, 0.37810060381889343, 0.7949509024620056, 0.4879274070262909, 0.6616658568382263, 0.685318648815155, 0.5833501815795898, 0.6197913885116577, 0.9832786917686462, 0.9905571937561035, 0.9770566821098328, 0.9684984683990479, 0.9324769973754883, 0.541263222694397, 0.9542468190193176, 0.9620157480239868, 0.826521635055542, 0.758152961730957, 0.6238654851913452, 0.8054661154747009, 0.9996260404586792, 0.9999821186065674, 0.6986231207847595, 0.4417489767074585, 0.9999971389770508, 0.4299662411212921, 0.9993972778320312, 0.6846896409988403, 0.9999798536300659
1, 2, 3, 4, 5, 6, 7, 8, 9, 10, 11, 12, 13, 14, 15, 16, 17, 18, 19, 20
0.7056474685668945, 0.8991612792015076, 0.9803552627563477, 0.9997946619987488, 0.8634641766548157, 0.9973382353782654, 0.9996465444564819, 0.9996646642684937, 0.9997093081474304, 0.9998509883880615, 0.9814085364341736, 0.9997232556343079, 0.9999254941940308, 0.9996775388717651, 0.9982680082321167, 0.9998307228088379, 0.9999418258666992, 0.9999936819076538, 0.9999594688415527, 0.9999399185180664, 0.9998818635940552, 0.9998313188552856, 0.9999955892562866, 0.5077922344207764, 0.9999749660491943, 0.9974082112312317, 0.9999980926513672, 0.658400297164917, 0.9999984502792358, 0.9999650716781616, 0.9999942779541016
2, 1, 7, 10, 18, 5, 11, 6, 4, 3, 9, 20, 19, 17, 16, 15, 12, 14, 8, 13
0.7103907465934753, 0.5124261379241943, 0.8741649389266968, 0.6532068252563477, 0.9345235824584961, 0.40454232692718506, 0.9580336809158325, 0.4373859167098999, 0.5342614650726318, 0.9958426356315613, 0.7670424580574036, 0.9346175789833069, 0.35840803384780884, 0.9364537000656128, 0.9170604944229126, 0.9999966621398926, 0.9894542694091797, 0.3035196363925934, 0.9993859529495239, 0.5698493719100952, 0.9998292922973633, 0.9239948391914368, 0.9997836947441101, 0.9987229704856873, 0.999329686164856, 0.8788454532623291, 0.8498950600624084, 0.995664656162262, 0.9480992555618286, 0.9999988079071045, 0.9999979734420776
1, 6, 5, 2, 3, 4, 9, 10, 11, 8, 7, 12, 13, 15, 16, 19, 20, 17, 18, 14
0.9905679821968079, 0.5943107604980469, 0.8233203291893005, 0.45020171999931335, 0.8094443678855896, 0.9974383115768433, 0.6465051770210266, 0.9999860525131226, 0.9371906518936157, 0.9999566078186035, 0.9999399185180664, 0.8183540105819702, 0.523206353187561, 0.9999014139175415, 0.9484374523162842, 0.9999923706054688, 0.999607503414154, 0.9739850759506226, 0.9868313074111938, 0.7458698749542236, 0.5195665955543518, 0.7545855045318604, 0.8915423154830933, 0.7904089689254761, 0.9999924898147583, 0.9999047517776489, 0.9100452661514282, 0.9999961853027344, 0.9999812841415405, 0.9999974966049194, 0.9999998807907104
11, 14, 4, 6, 19, 10, 18, 1, 2, 7, 17, 5, 13, 12, 16, 20, 9, 15, 8, 3
0.5011107325553894, 0.5587015151977539, 0.5750548243522644, 0.8734133839607239, 0.36351555585861206, 0.9112712144851685, 0.5811474919319153, 0.4265631437301636, 0.7944712042808533, 0.6691873073577881, 0.5995463728904724, 0.6121457815170288, 0.48734426498413086, 0.9342978000640869, 0.570233941078186, 0.8521016836166382, 0.6044508218765259, 0.6751499176025391, 0.49048522114753723, 0.42354288697242737, 0.9789828062057495, 0.9774453639984131, 0.35981690883636475, 0.7658705115318298, 0.3168621063232422, 0.9999980926513672, 0.516880452632904, 0.6319025158882141, 0.9999115467071533, 0.6112831234931946, 0.9999994039535522
1, 2, 3, 4, 5, 7, 6, 8, 12, 15, 10, 13, 14, 16, 17, 18, 9, 11, 20, 19
0.9110785126686096, 0.9873015880584717, 0.8344424962997437, 0.9320692420005798, 0.9996585845947266, 0.8586589694023132, 0.9637308120727539, 0.6747697591781616, 0.9808229804039001, 0.9581131339073181, 0.5629413723945618, 0.7000362873077393, 0.6388199329376221, 0.4993787407875061, 0.9676841497421265, 0.9464541077613831, 0.9997952580451965, 0.9933713674545288, 0.9999264478683472, 0.9982841610908508, 0.9998600482940674, 0.9979336261749268, 0.9994221925735474, 0.9991724491119385, 0.9686980247497559, 0.9979793429374695, 0.9997969269752502, 0.9936083555221558, 0.9999988079071045, 0.9999995231628418, 0.9999996423721313
1, 2, 3, 4, 5, 6, 7, 8, 9, 13, 14, 15, 16, 10, 11, 17, 19, 20, 12, 18
0.9902064204216003, 0.8495603203773499, 0.9182798862457275, 0.9785196185112, 0.8668268918991089, 0.9993657469749451, 0.9701296091079712, 0.7301221489906311, 0.9822770953178406, 0.9999924898147583, 0.9008771777153015, 0.9999905824661255, 0.9979149699211121, 0.9999926090240479, 0.9995633959770203, 0.9998034834861755, 0.9593263864517212, 0.9333907961845398, 0.9278275966644287, 0.9987144470214844, 0.9724372029304504, 0.9954581260681152, 0.9529666304588318, 0.9936097860336304, 0.9623004794120789, 0.9124320149421692, 0.9999911785125732, 0.9999879598617554, 0.5621711611747742, 0.9999998807907104, 0.9999990463256836
18, 17, 16, 15, 4, 3, 6, 12, 1, 5, 19, 9, 7, 13, 14, 2, 10, 20, 11, 8
0.5426387786865234, 0.2720506191253662, 0.663090705871582, 0.596664547920227, 0.6079548001289368, 0.7147700786590576, 0.6813818216323853, 0.9616970419883728, 0.8009335994720459, 0.9914594888687134, 0.5008906722068787, 0.9649301767349243, 0.8376432657241821, 0.7938901782035828, 0.6730753779411316, 0.6246387362480164, 0.7828574776649475, 0.42137086391448975, 0.6988951563835144, 0.9992231130599976, 0.9602532386779785, 0.9817841053009033, 0.9940060377120972, 0.711288332939148, 0.8423100709915161, 0.9871048927307129, 0.43611016869544983, 0.9999994039535522, 0.839691162109375, 0.9999926090240479, 0.9999872446060181
12, 13, 1, 4, 7, 15, 9, 10, 11, 16, 17, 8, 20, 19, 3, 5, 6, 2, 18, 14
0.9820560812950134, 0.8028888702392578, 0.9375173449516296, 0.68777996301651, 0.9175945520401001, 0.6306754350662231, 0.531414806842804, 0.9073953628540039, 0.9795827865600586, 0.6564618945121765, 0.9998478889465332, 0.9706279039382935, 0.9999450445175171, 0.9999499320983887, 0.4837007224559784, 0.9363041520118713, 0.9997357726097107, 0.9999004602432251, 0.6724785566329956, 0.9401018619537354, 0.9663889408111572, 0.3395102322101593, 0.997177243232727, 0.6372187733650208, 0.6384004950523376, 0.9997133612632751, 0.966895341873169, 0.9998953342437744, 0.9018366932868958, 0.9999924898147583, 0.9999995231628418
1, 2, 5, 4, 6, 8, 10, 12, 9, 11, 20, 13, 19, 15, 14, 16, 3, 17, 7, 18
0.9964972138404846, 0.7078766822814941, 0.5398465394973755, 0.8646066188812256, 0.6423843502998352, 0.9141504168510437, 0.9014238715171814, 0.988921046257019, 0.9851074814796448, 0.9900673627853394, 0.7434812188148499, 0.7088876962661743, 0.43866094946861267, 0.5034668445587158, 0.9999940395355225, 0.9981878399848938, 0.6312790513038635, 0.9997267127037048, 0.6217662692070007, 0.9995825886726379, 0.9984596967697144, 0.9984702467918396, 0.9465315937995911, 0.9993475079536438, 0.9998812675476074, 0.9932742118835449, 0.6513514518737793, 0.9998399019241333, 0.9658966660499573, 0.9999974966049194, 0.9999996423721313
1, 2, 3, 4, 6, 7, 8, 9, 5, 15, 18, 17, 14, 12, 10, 11, 13, 16, 19, 20
0.7459819316864014, 0.8743347525596619, 0.9896826148033142, 0.9817865490913391, 0.6379122734069824, 0.8117368817329407, 0.8628475069999695, 0.8065952658653259, 0.7459458112716675, 0.9996515512466431, 0.9396551847457886, 0.9950392842292786, 0.8735482692718506, 0.9979066848754883, 0.49082398414611816, 0.9988278746604919, 0.8516051769256592, 0.9990922212600708, 0.5308244228363037, 0.9976786971092224, 0.574087381362915, 0.9991338849067688, 0.9874534010887146, 0.9989251494407654, 0.9551096558570862, 0.9976202845573425, 0.8900582790374756, 0.9989641904830933, 0.9999915361404419, 0.9999717473983765, 0.9999991655349731
9, 11, 10, 16, 1, 14, 18, 19, 17, 20, 12, 15, 8, 3, 5, 7, 6, 4, 13, 2
0.6215237975120544, 0.984157919883728, 0.49209335446357727, 0.9893871545791626, 0.9726084470748901, 0.9531704187393188, 0.8542384505271912, 0.9295761585235596, 0.4925174117088318, 0.8511489033699036, 0.4462920129299164, 0.9148024916648865, 0.5097897052764893, 0.9153944849967957, 0.42245644330978394, 0.8583789467811584, 0.49920886754989624, 0.9059497117996216, 0.39080700278282166, 0.5801969170570374, 0.6533802151679993, 0.6990426182746887, 0.7142149806022644, 0.6834482550621033, 0.33551469445228577, 0.4619617760181427, 0.6643356084823608, 0.94926917552948, 0.9647952318191528, 0.9999855756759644, 0.9999217987060547
2, 5, 3, 4, 9, 1, 13, 11, 17, 18, 10, 19, 16, 7, 12, 15, 14, 20, 6, 8
0.465471476316452, 0.6709458827972412, 0.6892673969268799, 0.9660237431526184, 0.5614178776741028, 0.997399091720581, 0.9910681843757629, 0.4114769995212555, 0.9706089496612549, 0.6094679236412048, 0.9762911796569824, 0.9798765778541565, 0.9991361498832703, 0.9972735047340393, 0.9273535013198853, 0.581977903842926, 0.9924077987670898, 0.9492439031600952, 0.7211946845054626, 0.7434005737304688, 0.437245637178421, 0.9470973610877991, 0.5054260492324829, 0.973003089427948, 0.9724038243293762, 0.3920436203479767, 0.9999845027923584, 0.5233079195022583, 0.9999984502792358, 0.9984540939331055, 0.9998739957809448
1, 2, 3, 4, 6, 7, 8, 9, 5, 15, 18, 17, 14, 12, 10, 11, 13, 16, 19, 20
0.9814352989196777, 0.9999651908874512, 0.9999790191650391, 0.9998394250869751
1, 2, 3, 7, 13, 15, 4, 5, 6, 8, 9, 10, 11, 12, 14, 17, 18, 19, 20, 16
0.45135191082954407, 0.9774470329284668, 0.9822245240211487, 0.9681603312492371, 0.9693109393119812, 0.9980826377868652, 0.5573027729988098, 0.9869384765625, 0.9729689955711365, 0.99934321641922, 0.9854010939598083, 0.9940240979194641, 0.992864727973938, 0.9999709129333496, 0.999502420425415, 0.9999822378158569, 0.9999436140060425, 0.9999912977218628, 0.9999868869781494, 0.9532718062400818, 0.9962766766548157, 0.9998145699501038, 0.9979982972145081, 0.9999947547912598, 0.9999945163726807, 0.9999973773956299, 1.0, 0.9982981085777283, 0.9999836683273315, 0.9999984502792358, 0.9999973773956299
19, 10, 3, 18, 16, 11, 15, 12, 13, 14, 4, 20, 1, 8, 5, 6, 9, 2, 17, 7
0.9359533190727234, 0.7729813456535339, 0.8555042743682861, 0.935115396976471, 0.6050207018852234, 0.9968438148498535, 0.8057327270507812, 0.9965552091598511, 0.7091198563575745, 0.9960929751396179, 0.5375608205795288, 0.9907923936843872, 0.5366586446762085, 0.994631290435791, 0.820243239402771, 0.9961429238319397, 0.8916068077087402, 0.9981040954589844, 0.9999599456787109, 0.4096519351005554, 0.591771125793457, 0.7956377863883972, 0.6414972543716431, 0.3685316741466522, 0.7451521158218384, 0.5964947938919067, 0.8366753458976746, 0.9537563920021057, 0.5774833559989929, 0.9999485015869141, 0.9999972581863403
1, 2, 4, 6, 3, 11, 12, 14, 5, 7, 15, 13, 8, 18, 19, 16, 17, 9, 10, 20
0.7982925176620483, 0.7066824436187744, 0.6947044730186462, 0.8300286531448364, 0.8736279606819153, 0.5825362801551819, 0.9312497973442078, 0.9923951625823975, 0.743127703666687, 0.9858189821243286, 0.999355137348175, 0.8510801196098328, 0.8990639448165894, 0.9545493125915527, 0.9295144081115723, 0.6368800401687622, 0.8335890769958496, 0.7874425053596497, 0.9965351819992065, 0.43787524104118347, 0.9981796741485596, 0.9972700476646423, 0.9872550964355469, 0.985724687576294, 0.9999839067459106, 0.9999986886978149, 0.9311950206756592, 0.9566270709037781, 0.9999974966049194, 0.9999945163726807, 0.9999986886978149
5, 12, 6, 20, 2, 7, 10, 16, 17, 1, 13, 11, 3, 4, 9, 14, 8, 19, 15, 18
0.3072177767753601, 0.4019382894039154, 0.6159971952438354, 0.40851926803588867, 0.4124900996685028, 0.5466148257255554, 0.3119019865989685, 0.7521999478340149, 0.7851702570915222, 0.4770216643810272, 0.677028238773346, 0.38622552156448364, 0.7711971402168274, 0.4237833321094513, 0.9159417152404785, 0.6972959637641907, 0.9017294645309448, 0.8006540536880493, 0.9489985108375549, 0.43367522954940796, 0.9709402322769165, 0.6551887392997742, 0.7799044847488403, 0.9716918468475342, 0.8418026566505432, 0.999929666519165, 0.7601233720779419, 0.9999583959579468, 0.9615126848220825, 0.9999990463256836, 0.9999974966049194
1, 3, 4, 5, 10, 6, 7, 16, 2, 11, 19, 20, 14, 18, 12, 13, 8, 9, 15, 17
0.598983645439148, 0.9958192110061646, 0.6191976070404053, 0.9982473850250244, 0.8080374002456665, 0.7972490787506104, 0.6485661864280701, 0.9936977028846741, 0.9714460968971252, 0.9818873405456543, 0.7510673999786377, 0.7891108393669128, 0.9335888028144836, 0.7207813858985901, 0.8250035643577576, 0.5683316588401794, 0.99998939037323, 0.9793165326118469, 0.8576435446739197, 0.9582690596580505, 0.5568981170654297, 0.9404911398887634, 0.8658224940299988, 0.9995853304862976, 0.9958857893943787, 0.6558274030685425, 0.9793475270271301, 0.999998927116394, 0.9998261332511902, 0.9999997615814209, 0.9999995231628418
