1, 2, 3, 4, 5, 6, 7, 8, 9, 10, 11, 12, 13, 14, 15, 16, 17, 18, 19, 20
0.9607058763504028, 0.9895663261413574, 0.9999721050262451, 0.8165616393089294, 0.8965573906898499, 0.9999316930770874, 0.9999624490737915, 0.9996757507324219, 0.9999992847442627, 0.9999998807907104, 0.9999716281890869, 1.0, 0.9999842643737793, 1.0, 0.9999974966049194, 1.0, 0.9999061822891235, 0.9999998807907104, 0.9980542659759521, 1.0, 0.9999996423721313, 1.0, 0.999998927116394, 1.0, 0.9999998807907104, 0.9999992847442627, 0.999997615814209, 0.9999996423721313, 0.9999997615814209, 0.9998237490653992, 0.9999994039535522
1, 2, 3, 4, 5, 6, 7, 8, 9, 11, 12, 13, 14, 15, 16, 17, 18, 19, 20, 10
0.9915279150009155, 0.9999849796295166, 0.9999922513961792, 0.9999744892120361, 0.9998996257781982, 0.9999203681945801, 0.9999992847442627, 0.9999053478240967, 0.9999979734420776, 0.9978716373443604, 0.5793649554252625, 0.9999949932098389, 0.9972686767578125, 0.9999996423721313, 0.999845027923584, 0.998173713684082, 0.4615403711795807, 0.9999985694885254, 0.9975211024284363, 0.9998862743377686, 0.9944342970848083, 0.997979462146759, 0.7821533679962158, 0.9999994039535522, 0.9999923706054688, 0.9999958276748657, 0.9999904632568359, 0.8670133352279663, 1.0, 0.999991774559021, 0.9999915361404419
1, 2, 3, 4, 5, 6, 7, 8, 9, 10, 11, 12, 13, 14, 15, 16, 17, 18, 19, 20
0.9819071888923645, 0.9756524562835693, 0.4858704209327698, 0.9947928786277771, 0.9999743700027466, 0.9974117875099182, 0.9693677425384521, 0.9994032382965088, 0.9998664855957031, 0.9999998807907104, 0.9805700182914734, 1.0, 0.9999943971633911, 1.0, 0.9999910593032837, 1.0, 0.9999996423721313, 1.0, 0.9999945163726807, 1.0, 0.9999995231628418, 1.0, 0.9999985694885254, 0.9999998807907104, 0.9999990463256836, 1.0, 0.9999996423721313, 0.9999990463256836, 0.9999994039535522, 0.9996036887168884, 0.999998927116394
1, 2, 3, 4, 5, 6, 7, 8, 9, 10, 11, 12, 13, 14, 15, 16, 17, 18, 19, 20
0.795415997505188, 0.9926247000694275, 0.9999469518661499, 0.9995635151863098, 0.9996840953826904, 0.9955188035964966, 0.9997394680976868, 0.9876078963279724, 0.9999969005584717, 1.0, 0.9997057318687439, 1.0, 0.9989944100379944, 1.0, 0.9999902248382568, 1.0, 0.999987006187439, 1.0, 0.9994094371795654, 0.9999998807907104, 0.9999996423721313, 1.0, 0.9999642372131348, 1.0, 0.9999998807907104, 1.0, 0.9999994039535522, 0.9999991655349731, 0.9999996423721313, 0.9998111128807068, 0.9999996423721313
1, 2, 3, 4, 5, 6, 7, 8, 9, 10, 11, 12, 13, 14, 15, 16, 17, 18, 19, 20
0.9877781271934509, 0.9985173344612122, 0.9999160766601562, 0.9904348850250244, 0.9996927976608276, 0.9999552965164185, 0.9861739873886108, 0.9999305009841919, 0.9399112462997437, 1.0, 0.9966069459915161, 1.0, 0.9999946355819702, 1.0, 0.9998292922973633, 1.0, 0.9999988079071045, 1.0, 0.9991948008537292, 1.0, 0.9999996423721313, 1.0, 0.9999996423721313, 1.0, 0.9999998807907104, 1.0, 0.9999994039535522, 0.9999995231628418, 0.9999991655349731, 0.9999219179153442, 0.999998927116394
2, 8, 1, 18, 11, 3, 9, 10, 15, 6, 17, 14, 13, 16, 7, 4, 19, 20, 5, 12
0.9336807727813721, 0.4091738164424896, 0.9498776793479919, 0.803729236125946, 0.9462258219718933, 0.519688069820404, 0.6535054445266724, 0.565432071685791, 0.6629582047462463, 0.6926919221878052, 0.7820490598678589, 0.3350808024406433, 0.41557589173316956, 0.7774264812469482, 0.6099879741668701, 0.4749191403388977, 0.6612318158149719, 0.6858379244804382, 0.795020580291748, 0.8978573679924011, 0.5263840556144714, 0.6797261238098145, 0.29379236698150635, 0.4397941827774048, 0.6159988045692444, 0.7309017777442932, 0.45305460691452026, 0.9999983310699463, 0.6926394701004028, 0.9999991655349731, 0.9999655485153198
1, 2, 3, 4, 5, 6, 7, 8, 9, 10, 11, 12, 13, 14, 15, 16, 17, 18, 19, 20
0.9055530428886414, 0.9999181032180786, 0.9792988300323486, 0.9999955892562866, 0.9999549388885498, 0.9555819630622864, 0.6253515481948853, 0.9998886585235596, 0.9999743700027466, 0.9999991655349731, 0.9998865127563477, 0.9999998807907104, 0.9323400855064392, 0.9999998807907104, 0.9999973773956299, 0.9999997615814209, 0.9997492432594299, 0.9999998807907104, 0.9999041557312012, 1.0, 0.9999998807907104, 1.0, 0.9999992847442627, 0.9999998807907104, 0.9999996423721313, 0.9999998807907104, 0.9999996423721313, 0.9999990463256836, 0.9999997615814209, 0.9997928738594055, 0.9999990463256836
1, 2, 3, 5, 6, 7, 8, 9, 10, 11, 12, 13, 14, 15, 16, 18, 19, 4, 17, 20
0.9827114939689636, 0.9991405010223389, 0.9999375343322754, 0.9685736298561096, 0.9993062019348145, 0.5691166520118713, 0.9995083808898926, 0.9995213747024536, 0.9999518394470215, 0.9989036321640015, 1.0, 0.9999657869338989, 0.9999986886978149, 0.9945559501647949, 0.9999997615814209, 0.5846840143203735, 0.9999995231628418, 0.9972274899482727, 0.9999997615814209, 0.9999920129776001, 0.9999995231628418, 0.9999909400939941, 0.9989081621170044, 0.9199423789978027, 0.992489755153656, 0.9999316930770874, 0.5132321119308472, 0.9740396738052368, 0.9999971389770508, 0.9441727995872498, 1.0
1, 2, 4, 7, 8, 9, 10, 11, 12, 13, 14, 15, 16, 17, 18, 19, 5, 6, 3, 19
0.9948338270187378, 0.9944156408309937, 0.9486516714096069, 0.8848333954811096, 0.9984819293022156, 0.8852165937423706, 0.9214627742767334, 0.9609811305999756, 0.9999531507492065, 0.9997836947441101, 0.9999951124191284, 0.9986701011657715, 0.9999992847442627, 0.9999897480010986, 0.9999939203262329, 0.9813511371612549, 0.9999988079071045, 0.9999933242797852, 0.9999914169311523, 0.9980583786964417, 0.946698784828186, 0.9657865762710571, 0.9981568455696106, 0.9999717473983765, 0.9970869421958923, 0.9999914169311523, 0.6816065311431885, 0.9072589874267578, 0.9635419845581055, 0.6791744828224182, 0.5883913040161133
2, 4, 11, 18, 1, 5, 9, 10, 12, 13, 14, 17, 3, 6, 7, 8, 15, 16, 19, 20
0.7251480221748352, 0.49442002177238464, 0.6944073438644409, 0.7914999723434448, 0.5260980129241943, 0.7420961260795593, 0.8581984043121338, 0.9866153001785278, 0.8022578358650208, 0.6670472621917725, 0.6074374914169312, 0.860359787940979, 0.5834061503410339, 0.9997527003288269, 0.9998717308044434, 0.9586649537086487, 0.9956756234169006, 0.6659675240516663, 0.991574227809906, 0.8479369282722473, 0.9313443303108215, 0.9975528120994568, 0.9230080246925354, 0.9999915361404419, 0.9896140694618225, 0.9999994039535522, 0.9977821707725525, 0.9999990463256836, 0.9999991655349731, 0.9777065515518188, 0.9999997615814209
1, 2, 3, 4, 5, 6, 7, 8, 9, 10, 11, 12, 13, 14, 15, 16, 17, 18, 19, 20
0.6625434756278992, 0.9994397759437561, 0.9978042244911194, 0.8703118562698364, 0.9959839582443237, 0.9999723434448242, 0.972740113735199, 0.9995176792144775, 0.9848101735115051, 1.0, 0.9999408721923828, 1.0, 0.9995608925819397, 1.0, 0.9999970197677612, 1.0, 0.9999709129333496, 0.9999998807907104, 0.9999903440475464, 0.9999994039535522, 0.9999985694885254, 0.9999996423721313, 0.9999977350234985, 0.999998927116394, 0.9992559552192688, 0.9999998807907104, 0.9999996423721313, 0.9999797344207764, 0.9999982118606567, 0.9997195601463318, 0.9999997615814209
3, 1, 4, 14, 11, 9, 13, 2, 15, 17, 19, 8, 10, 12, 16, 5, 6, 7, 18, 20
0.9600723385810852, 0.99210125207901, 0.9976361989974976, 0.9254485368728638, 0.8253768086433411, 0.46322402358055115, 0.6225475668907166, 0.7091594338417053, 0.8039581775665283, 0.9327110052108765, 0.7635045647621155, 0.514822781085968, 0.576718270778656, 0.4722309708595276, 0.8768850564956665, 0.5251205563545227, 0.98643559217453, 0.5747707486152649, 0.476746529340744, 0.9859316349029541, 0.4282912611961365, 0.7153565883636475, 0.9320988059043884, 0.9964931607246399, 0.7684161067008972, 0.9997075200080872, 0.9249505996704102, 0.9996076226234436, 0.9999953508377075, 0.8289372324943542, 1.0
1, 2, 3, 4, 5, 6, 7, 8, 9, 10, 11, 12, 13, 14, 15, 16, 17, 18, 19, 20
0.9961789846420288, 0.999966025352478, 0.9999914169311523, 0.9875186085700989, 0.9999963045120239, 0.922099769115448, 0.9993971586227417, 0.999738872051239, 0.999992847442627, 0.9999998807907104, 0.999992847442627, 1.0, 0.999996542930603, 1.0, 0.9999974966049194, 1.0, 0.9999997615814209, 1.0, 0.9999940395355225, 1.0, 0.9999450445175171, 1.0, 0.9999998807907104, 1.0, 0.9999997615814209, 1.0, 0.9999995231628418, 0.999994158744812, 0.999998927116394, 0.9999672174453735, 0.9999998807907104
1, 2, 3, 4, 5, 6, 7, 8, 9, 10, 11, 12, 13, 14, 15, 16, 17, 18, 19, 20
0.5231394171714783, 0.9987562894821167, 0.999981164932251, 0.5619610548019409, 0.5709823369979858, 0.9865905046463013, 0.9909771680831909, 0.9999548196792603, 0.5964207053184509, 0.9999998807907104, 0.9982696771621704, 1.0, 0.9999969005584717, 1.0, 0.9999730587005615, 1.0, 0.9999961853027344, 0.9999998807907104, 0.9985913634300232, 1.0, 0.9999992847442627, 1.0, 0.9999986886978149, 1.0, 0.9999736547470093, 1.0, 0.9999994039535522, 0.9999997615814209, 0.9999983310699463, 0.9998888969421387, 0.9999988079071045
11, 3, 1, 2, 10, 16, 17, 18, 14, 15, 8, 9, 4, 5, 6, 7, 19, 20, 12, 13
0.5388560891151428, 0.9645803570747375, 0.8683291077613831, 0.95644611120224, 0.4959970712661743, 0.4490238130092621, 0.6513168215751648, 0.7314795851707458, 0.4382930099964142, 0.7547891139984131, 0.702565610408783, 0.9993322491645813, 0.8863629102706909, 0.8377506732940674, 0.881808876991272, 0.9992853999137878, 0.9863541722297668, 0.7990530133247375, 0.9998867511749268, 0.3705797791481018, 0.7996024489402771, 0.9487006068229675, 0.9999566078186035, 0.9938050508499146, 0.7071832418441772, 0.9819899797439575, 0.999995231628418, 0.9999932050704956, 0.8902391791343689, 1.0, 0.9999998807907104
1, 2, 3, 4, 5, 6, 7, 8, 9, 10, 11, 12, 13, 14, 15, 16, 17, 18, 19, 20
0.9975830316543579, 0.9791256189346313, 0.7356696724891663, 0.813683271408081, 0.9828208684921265, 0.9999372959136963, 0.9995160102844238, 0.996212363243103, 0.9999665021896362, 0.9999996423721313, 0.9999881982803345, 1.0, 0.99998939037323, 1.0, 0.999990701675415, 1.0, 0.9999865293502808, 0.9999997615814209, 0.9998610019683838, 0.9999998807907104, 0.9999998807907104, 1.0, 0.9999996423721313, 0.9999997615814209, 0.9999579191207886, 0.9999998807907104, 0.9999992847442627, 0.9999978542327881, 0.9999991655349731, 0.9998893737792969, 0.9999998807907104
1, 2, 3, 4, 5, 6, 7, 8, 9, 10, 11, 12, 13, 14, 15, 16, 17, 18, 19, 20
0.9043193459510803, 0.9898316860198975, 0.9958036541938782, 0.9998846054077148, 0.9764972925186157, 0.998765230178833, 0.9980727434158325, 0.9839743971824646, 0.9999122619628906, 1.0, 0.8705934882164001, 1.0, 0.9999949932098389, 0.9999998807907104, 0.9999898672103882, 1.0, 0.9999954700469971, 1.0, 0.9999924898147583, 1.0, 0.9999995231628418, 1.0, 0.999998927116394, 1.0, 0.9999997615814209, 1.0, 0.9999996423721313, 0.9999997615814209, 0.9999995231628418, 0.9996905326843262, 0.9999986886978149
1, 2, 3, 6, 7, 9, 13, 8, 16, 17, 10, 11, 12, 14, 15, 18, 19, 4, 5, 19
0.9984292387962341, 0.9873442649841309, 0.9997596144676208, 0.9762627482414246, 0.9999754428863525, 0.999151349067688, 0.9938031435012817, 0.9925164580345154, 0.5488646626472473, 0.8414714932441711, 0.532005786895752, 0.7606895565986633, 0.8931359648704529, 0.5733897686004639, 0.32566753029823303, 0.9999877214431763, 0.999915599822998, 0.9980271458625793, 0.9389809370040894, 0.9955422282218933, 0.9947633743286133, 0.9997747540473938, 0.9945283532142639, 0.968818187713623, 0.9999839067459106, 0.9985413551330566, 0.9999995231628418, 0.46038541197776794, 0.9999701976776123, 0.9620953798294067, 0.4086008071899414
2, 1, 3, 5, 6, 7, 9, 11, 12, 14, 18, 16, 17, 19, 4, 13, 10, 8, 15, 20
0.9101489186286926, 0.38508421182632446, 0.8545610308647156, 0.7360027432441711, 0.49667608737945557, 0.9987389445304871, 0.6545862555503845, 0.9144826531410217, 0.8294298648834229, 0.9990076422691345, 0.9972313046455383, 0.9995993971824646, 0.6759514212608337, 0.9990826845169067, 0.5332831144332886, 0.900990903377533, 0.40866410732269287, 0.8148618340492249, 0.33426138758659363, 0.3686780333518982, 0.44897910952568054, 0.8382666110992432, 0.9281652569770813, 0.6900724768638611, 0.817237377166748, 0.7520033121109009, 0.5355585217475891, 0.6959571242332458, 0.9999978542327881, 0.9160962104797363, 1.0
2, 3, 4, 5, 6, 7, 8, 9, 11, 12, 13, 14, 15, 16, 17, 18, 19, 20, 1, 10
0.9939759373664856, 0.999672532081604, 0.9805072546005249, 0.7820371985435486, 0.9999877214431763, 0.9891265034675598, 0.9998636245727539, 0.9929754734039307, 0.9998795986175537, 0.8847644329071045, 1.0, 0.9999608993530273, 0.9877542853355408, 0.7434207201004028, 0.9985664486885071, 0.6966662406921387, 0.9999998807907104, 0.9999974966049194, 0.9996525049209595, 0.7057427763938904, 0.9999996423721313, 0.9999693632125854, 0.9999315738677979, 0.9979937076568604, 0.9912853837013245, 0.9936116337776184, 0.7930867671966553, 0.999998927116394, 0.9999759197235107, 0.9999881982803345, 0.9999920129776001
1, 2, 3, 4, 5, 8, 9, 10, 11, 12, 13, 14, 15, 16, 17, 18, 19, 20, 6, 7
0.9749820232391357, 0.9999270439147949, 0.9999887943267822, 0.9978275895118713, 0.9999996423721313, 0.845981240272522, 0.83112633228302, 0.9999716281890869, 0.6852841377258301, 0.9999665021896362, 0.9993748068809509, 0.9998459815979004, 0.9959074258804321, 0.9998619556427002, 0.9979318380355835, 0.9999994039535522, 0.9972847700119019, 0.9999995231628418, 0.9999995231628418, 0.9999909400939941, 0.9999932050704956, 0.9103707075119019, 0.9902858138084412, 0.9999527931213379, 0.9999992847442627, 0.529829740524292, 0.9999946355819702, 0.6715536713600159, 0.9999998807907104, 0.9997933506965637, 0.9999936819076538
1, 2, 3, 4, 5, 6, 7, 8, 9, 10, 11, 12, 13, 14, 15, 16, 17, 18, 19, 20
0.543964147567749, 0.8885198831558228, 0.9982609152793884, 0.9999548196792603, 0.9999960660934448, 0.9869296550750732, 0.9993367791175842, 0.9744206666946411, 0.9999985694885254, 0.9999996423721313, 0.9999206066131592, 1.0, 0.9999804496765137, 1.0, 0.9999923706054688, 1.0, 0.9999986886978149, 1.0, 0.999996542930603, 1.0, 0.9999998807907104, 1.0, 0.9999995231628418, 1.0, 0.9999997615814209, 0.9999996423721313, 0.9999990463256836, 0.9999995231628418, 0.9999997615814209, 0.9997313618659973, 0.9999991655349731
1, 2, 3, 4, 5, 6, 7, 8, 9, 10, 11, 12, 13, 14, 15, 16, 17, 18, 19, 20
0.999488353729248, 0.9912575483322144, 0.9994555115699768, 0.9957836866378784, 0.9999890327453613, 0.9968462586402893, 0.9999923706054688, 0.9999850988388062, 0.9999990463256836, 0.9999988079071045, 0.9987334609031677, 1.0, 0.9999709129333496, 1.0, 0.8774481415748596, 1.0, 0.9999945163726807, 1.0, 0.999996542930603, 0.9999998807907104, 0.9999991655349731, 1.0, 0.9999996423721313, 1.0, 0.9999994039535522, 0.9999998807907104, 0.999998927116394, 0.999995231628418, 0.9999991655349731, 0.9996916055679321, 0.9999992847442627
3, 8, 9, 14, 1, 2, 5, 6, 10, 11, 16, 17, 7, 12, 13, 18, 19, 20, 4, 15
0.534153938293457, 0.4301054775714874, 0.9983094930648804, 0.8119264245033264, 0.9059046506881714, 0.4468328654766083, 0.9999673366546631, 0.9978121519088745, 0.9999922513961792, 0.7879056334495544, 0.7040014863014221, 0.7852823734283447, 0.9254646897315979, 0.9869111776351929, 0.5724253058433533, 0.5771352648735046, 0.9140915274620056, 0.47369036078453064, 0.9797766804695129, 0.8723532557487488, 0.9970042109489441, 0.8508080840110779, 0.9970978498458862, 0.6836413145065308, 0.9636296629905701, 0.7185894846916199, 0.6060863137245178, 0.9999998807907104, 0.9848104119300842, 0.9999974966049194, 0.9999982118606567
1, 2, 3, 4, 5, 6, 7, 8, 9, 10, 11, 12, 13, 14, 15, 16, 17, 18, 19, 20
0.6287131905555725, 0.9992733597755432, 0.9997721314430237, 0.9998316764831543, 0.9894156455993652, 0.9997895359992981, 0.9998188614845276, 0.9703590869903564, 0.9988833069801331, 0.9999997615814209, 0.9997456669807434, 1.0, 0.9999679327011108, 1.0, 0.9997237324714661, 1.0, 0.9999997615814209, 1.0, 0.9987247586250305, 1.0, 0.999984622001648, 0.9999996423721313, 0.9999986886978149, 1.0, 0.9999970197677612, 1.0, 0.9999996423721313, 0.9999998807907104, 0.9999995231628418, 0.9973185658454895, 0.9999988079071045
1, 2, 3, 4, 5, 6, 7, 8, 9, 10, 11, 12, 13, 14, 15, 16, 17, 19, 20, 18
0.9889911413192749, 0.9981009364128113, 0.9999289512634277, 0.9997804760932922, 0.9999414682388306, 0.9995622038841248, 0.9999992847442627, 0.9879742860794067, 0.9999994039535522, 0.9999998807907104, 0.9990992546081543, 1.0, 0.9999954700469971, 1.0, 0.9997691512107849, 1.0, 0.99983811378479, 0.9999997615814209, 0.9996246099472046, 0.9999994039535522, 0.9997560381889343, 0.9999997615814209, 0.9998193383216858, 0.9999998807907104, 0.999976396560669, 0.9883056879043579, 0.7772600650787354, 0.9488246440887451, 0.9999864101409912, 0.9999983310699463, 0.9999669790267944
1, 2, 3, 4, 5, 7, 8, 9, 10, 11, 12, 13, 14, 15, 16, 17, 18, 6, 19, 20
0.9966967105865479, 0.9999641180038452, 0.9999297857284546, 0.9973887801170349, 0.9938839077949524, 0.5156055092811584, 0.9800645709037781, 0.9970666766166687, 0.999998927116394, 0.9995193481445312, 0.9999995231628418, 0.7358384132385254, 0.9999996423721313, 0.9985999464988708, 0.9999984502792358, 0.9715598225593567, 0.9999996423721313, 0.9999963045120239, 0.9973666071891785, 0.9109298586845398, 0.7153940796852112, 0.7563555836677551, 0.7490807771682739, 0.9609414935112, 0.9111754894256592, 0.9999877214431763, 0.9975003600120544, 0.9986253976821899, 0.9997954964637756, 0.8221835494041443, 0.9999997615814209
1, 2, 3, 4, 5, 6, 7, 8, 9, 10, 11, 12, 13, 14, 15, 16, 17, 18, 19, 20
0.9997183680534363, 0.7140944004058838, 0.983324408531189, 0.998417854309082, 0.995648205280304, 0.9962968230247498, 0.8684766292572021, 0.9998776912689209, 0.9998502731323242, 0.9999998807907104, 0.9977789521217346, 1.0, 0.9999970197677612, 1.0, 0.9999871253967285, 1.0, 0.999901533126831, 1.0, 0.9999947547912598, 1.0, 0.9999997615814209, 1.0, 0.9999996423721313, 1.0, 0.9999997615814209, 1.0, 0.9999991655349731, 0.9999998807907104, 0.9999996423721313, 0.9998601675033569, 0.9999997615814209
3, 1, 2, 6, 7, 10, 11, 4, 5, 8, 9, 12, 13, 14, 15, 16, 17, 18, 19, 20
0.7079712748527527, 0.5540023446083069, 0.987982988357544, 0.9879682064056396, 0.9991891980171204, 0.8446687459945679, 0.9792145490646362, 0.9640483856201172, 0.9987196922302246, 0.3948749899864197, 0.9999485015869141, 0.8149051666259766, 0.9999663829803467, 0.9999096393585205, 0.8060959577560425, 0.9999834299087524, 0.5878113508224487, 0.9999550580978394, 0.9837761521339417, 0.9991381168365479, 0.8013375401496887, 0.999962568283081, 0.9982971549034119, 0.9999939203262329, 0.9943200349807739, 0.9999954700469971, 0.9999352693557739, 0.9999858140945435, 0.9999990463256836, 0.994207501411438, 0.9999997615814209
3, 5, 7, 1, 2, 4, 6, 8, 9, 10, 11, 12, 13, 14, 15, 16, 17, 18, 19, 20
0.6846922039985657, 0.9779468178749084, 0.4825510084629059, 0.9036151170730591, 0.90936279296875, 0.9422139525413513, 0.9338235855102539, 0.9607919454574585, 0.7718367576599121, 1.0, 0.749071478843689, 1.0, 0.9999710321426392, 0.9999995231628418, 0.9996671676635742, 0.9999995231628418, 0.9914941787719727, 0.9999997615814209, 0.9992827773094177, 0.9999998807907104, 0.9999953508377075, 0.9999996423721313, 0.9999126195907593, 0.9999977350234985, 0.9553070068359375, 0.9999997615814209, 0.9999933242797852, 0.9998502731323242, 0.9999988079071045, 0.9086105823516846, 0.9999991655349731
3, 1, 2, 4, 5, 6, 7, 8, 9, 10, 11, 12, 13, 14, 15, 16, 17, 18, 19, 20
0.9765021800994873, 0.8850667476654053, 0.9997075200080872, 0.9964578747749329, 0.9999964237213135, 0.9999183416366577, 0.8606076836585999, 0.9998867511749268, 0.8152147531509399, 0.9999991655349731, 0.976264476776123, 1.0, 0.9999202489852905, 0.9999998807907104, 0.9882756471633911, 0.9999997615814209, 0.9991809725761414, 0.9999990463256836, 0.9999680519104004, 1.0, 0.9999994039535522, 0.9999982118606567, 0.9999958276748657, 1.0, 0.9999984502792358, 0.9999998807907104, 0.999998927116394, 0.9999992847442627, 0.9999997615814209, 0.9912848472595215, 0.9999996423721313
1, 2, 3, 4, 6, 7, 8, 9, 10, 11, 12, 13, 14, 15, 16, 17, 18, 5, 19, 20
0.9422787427902222, 0.9988883137702942, 0.9999556541442871, 0.9971498847007751, 0.6804698705673218, 0.9999433755874634, 0.9847466945648193, 0.9994087219238281, 0.9999974966049194, 0.9970517158508301, 1.0, 0.9999637603759766, 0.9999998807907104, 0.9993426203727722, 0.9999997615814209, 0.9999868869781494, 1.0, 0.9999902248382568, 0.9999998807907104, 0.9999971389770508, 0.9999955892562866, 0.9995506405830383, 0.9966217279434204, 0.988128125667572, 0.9990437626838684, 0.9999949932098389, 0.8121635317802429, 0.9998306035995483, 0.9999949932098389, 0.9111766815185547, 0.9999998807907104
2, 4, 1, 3, 5, 6, 7, 8, 9, 10, 11, 12, 13, 14, 15, 16, 17, 18, 19, 20
0.6575880646705627, 0.3978448808193207, 0.41846972703933716, 0.9750438928604126, 0.9355891942977905, 0.9916186928749084, 0.99434494972229, 0.9922420978546143, 0.9861481189727783, 0.9999995231628418, 0.9886283874511719, 0.9999996423721313, 0.9432136416435242, 1.0, 0.9999545812606812, 1.0, 0.99996018409729, 0.9999938011169434, 0.9978089928627014, 0.9999904632568359, 0.9988104104995728, 0.9999996423721313, 0.9999585151672363, 0.9999997615814209, 0.9997963309288025, 0.9999868869781494, 0.9999911785125732, 0.9999803304672241, 0.9999967813491821, 0.9911495447158813, 0.9999996423721313
1, 2, 3, 4, 5, 6, 7, 8, 9, 10, 11, 12, 13, 14, 15, 16, 17, 18, 19, 20
0.9990487694740295, 0.9996259212493896, 0.9998910427093506, 0.9999935626983643, 0.9999977350234985, 0.9999992847442627, 0.9999836683273315, 0.9999847412109375, 0.9942589998245239, 0.999997615814209, 0.9968420267105103, 1.0, 0.9998410940170288, 0.9999998807907104, 0.9999891519546509, 0.9998334646224976, 0.6772681474685669, 0.9999991655349731, 0.9999433755874634, 0.9999998807907104, 0.9999983310699463, 0.9999995231628418, 0.999985933303833, 0.9999997615814209, 0.9999626874923706, 0.9999994039535522, 0.9999988079071045, 0.9999890327453613, 0.9999970197677612, 0.999636173248291, 0.9999997615814209
1, 2, 3, 4, 5, 6, 7, 8, 9, 10, 11, 12, 13, 14, 15, 16, 17, 18, 19, 20
0.994219183921814, 0.9981462955474854, 0.9239570498466492, 0.9998685121536255, 0.9928945899009705, 0.9999963045120239, 0.9879570603370667, 0.999765932559967, 0.9999997615814209, 0.9999998807907104, 0.9999037981033325, 1.0, 0.999997615814209, 1.0, 0.9999960660934448, 1.0, 0.999998927116394, 0.9999998807907104, 0.999996542930603, 1.0, 0.9999996423721313, 1.0, 0.9999995231628418, 1.0, 0.9999997615814209, 0.9999997615814209, 0.9999977350234985, 0.9999995231628418, 0.9999997615814209, 0.9997548460960388, 0.9999997615814209
1, 2, 3, 4, 5, 6, 7, 8, 9, 10, 11, 12, 13, 14, 15, 16, 17, 18, 19, 20
0.9914616346359253, 0.9999147653579712, 0.9999791383743286, 0.9999750852584839, 0.9046820402145386, 0.996826708316803, 0.9999964237213135, 0.9999927282333374, 0.9990737438201904, 1.0, 0.9902850985527039, 1.0, 0.9999960660934448, 1.0, 0.9999959468841553, 1.0, 0.9999984502792358, 1.0, 0.9999982118606567, 0.9999978542327881, 0.9999386072158813, 0.9999979734420776, 0.9999979734420776, 0.9999988079071045, 0.9999929666519165, 0.9999998807907104, 0.9999996423721313, 0.999996542930603, 0.9999983310699463, 0.9997550845146179, 0.9999995231628418
1, 2, 7, 4, 5, 11, 6, 3, 9, 10, 8, 13, 14, 12, 15, 16, 17, 18, 19, 20
0.6572543382644653, 0.9998844861984253, 0.5769453644752502, 0.6990190744400024, 0.9560703635215759, 0.7346137762069702, 0.9975282549858093, 0.7507379055023193, 0.6945200562477112, 0.8932312726974487, 0.7216731309890747, 0.831553041934967, 0.787872850894928, 0.9999967813491821, 0.6094526052474976, 0.9999958276748657, 0.9388889074325562, 0.9999899864196777, 0.8593586683273315, 0.9994097948074341, 0.8901271224021912, 0.9999990463256836, 0.9999321699142456, 0.9999997615814209, 0.9998776912689209, 0.9999969005584717, 0.9991297125816345, 0.9999927282333374, 0.9999990463256836, 0.9546403288841248, 1.0
1, 2, 3, 4, 6, 5, 8, 9, 10, 11, 7, 12, 13, 15, 16, 14, 17, 18, 19, 20
0.985733151435852, 0.9981580376625061, 0.9998736381530762, 0.9995520710945129, 0.7771070599555969, 0.47512200474739075, 0.5632895827293396, 0.9595814347267151, 0.9998645782470703, 0.9899719953536987, 0.999637246131897, 0.9999853372573853, 0.5850743055343628, 0.9999868869781494, 0.9499512314796448, 1.0, 0.9999929666519165, 0.9999959468841553, 0.9779343008995056, 0.9999957084655762, 0.9443447589874268, 0.9999667406082153, 0.9000468850135803, 0.9980092644691467, 0.9827354550361633, 0.9999964237213135, 0.9999889135360718, 0.9963472485542297, 0.9999955892562866, 0.9399099349975586, 0.9999992847442627
1, 2, 3, 4, 5, 6, 7, 8, 9, 10, 11, 12, 13, 14, 15, 16, 17, 18, 19, 20
0.9997891783714294, 0.9999195337295532, 0.9606871604919434, 0.9746325612068176, 0.9523258805274963, 0.9389581680297852, 0.9999662637710571, 0.8643308281898499, 0.9999661445617676, 1.0, 0.9674047827720642, 1.0, 0.9999972581863403, 1.0, 0.9999921321868896, 1.0, 0.9999996423721313, 1.0, 0.9999969005584717, 1.0, 0.9999998807907104, 1.0, 0.9999990463256836, 1.0, 0.9999985694885254, 1.0, 0.9999998807907104, 0.9999995231628418, 0.9999998807907104, 0.9998903274536133, 0.9999996423721313
1, 2, 3, 4, 5, 7, 10, 13, 14, 15, 11, 12, 17, 18, 8, 6, 16, 9, 19, 20
0.9998177886009216, 0.9990978240966797, 0.9999712705612183, 0.8951634764671326, 0.9999545812606812, 0.9801786541938782, 0.8520597219467163, 0.8870113492012024, 0.9958853125572205, 0.6309778690338135, 0.9999971389770508, 0.9997066855430603, 0.9402598142623901, 0.9182198643684387, 0.9520773887634277, 0.5132138133049011, 0.965072512626648, 0.9738696217536926, 0.7979654669761658, 0.6939560174942017, 0.8706620931625366, 0.9948203563690186, 0.6016509532928467, 0.5015933513641357, 0.5528159141540527, 0.9532382488250732, 0.3602747619152069, 0.8175718188285828, 0.9999938011169434, 0.9943549633026123, 0.9999997615814209
1, 2, 3, 4, 5, 6, 7, 8, 9, 10, 11, 12, 13, 14, 15, 16, 17, 18, 19, 20
0.6944000720977783, 0.9842743277549744, 0.9999839067459106, 0.9999653100967407, 0.9999959468841553, 0.9904363751411438, 0.9999765157699585, 0.9799925684928894, 0.9999644756317139, 1.0, 0.999919056892395, 1.0, 0.9989067316055298, 1.0, 0.9998904466629028, 1.0, 0.999998927116394, 1.0, 0.9999983310699463, 1.0, 0.9999991655349731, 0.9999998807907104, 0.9999990463256836, 1.0, 0.9999980926513672, 1.0, 0.9999996423721313, 0.9999988079071045, 0.9999997615814209, 0.9999117851257324, 0.9999997615814209
1, 2, 3, 4, 5, 6, 7, 8, 9, 10, 11, 12, 13, 14, 15, 16, 17, 18, 19, 20
0.5257004499435425, 0.932532548904419, 0.9869236350059509, 0.9990045428276062, 0.9999899864196777, 0.9946762323379517, 0.9996755123138428, 0.8669427037239075, 0.999996542930603, 0.9999996423721313, 0.9987950325012207, 1.0, 0.9956188797950745, 1.0, 0.9999755620956421, 1.0, 0.9999979734420776, 0.9999998807907104, 0.999984860420227, 1.0, 0.9999997615814209, 1.0, 0.9999997615814209, 1.0, 0.9999998807907104, 1.0, 0.9999985694885254, 0.9999979734420776, 0.9999970197677612, 0.9997630715370178, 0.9999997615814209
1, 4, 12, 13, 2, 3, 5, 6, 7, 9, 10, 11, 15, 16, 17, 19, 8, 18, 14, 20
0.9989709854125977, 0.6107972860336304, 0.6455714106559753, 0.9998512268066406, 0.9705671668052673, 0.9999171495437622, 0.9373421669006348, 0.773914098739624, 0.6743985414505005, 0.9998749494552612, 0.9996204376220703, 0.5812580585479736, 0.9999288320541382, 0.9996563196182251, 0.9999947547912598, 0.9999675750732422, 0.9964585900306702, 0.9990202188491821, 0.9989492297172546, 0.9947562217712402, 0.9999986886978149, 0.9999911785125732, 0.6292532682418823, 0.9722013473510742, 0.5488584637641907, 0.9928749799728394, 0.6001665592193604, 0.769075334072113, 0.9999867677688599, 0.9579069018363953, 1.0
1, 2, 5, 8, 12, 10, 6, 4, 9, 11, 13, 14, 15, 19, 20, 3, 7, 16, 17, 18
0.9998257756233215, 0.9519472718238831, 0.5425184369087219, 0.964629054069519, 0.9245719313621521, 0.7023285031318665, 0.8768793344497681, 0.994925856590271, 0.8228991627693176, 0.7022161483764648, 0.6946448683738708, 0.6365050077438354, 0.471331924200058, 0.9787271618843079, 0.44218915700912476, 0.9945000410079956, 0.7837148308753967, 0.9936969876289368, 0.9764437675476074, 0.775272011756897, 0.9326733946800232, 0.9733415842056274, 0.9999985694885254, 0.9473620057106018, 0.7634744644165039, 0.999998927116394, 0.9750277996063232, 1.0, 0.9835947155952454, 1.0, 0.9999973773956299
1, 2, 3, 4, 5, 6, 7, 8, 9, 11, 12, 14, 15, 17, 18, 10, 13, 16, 19, 20
0.7515942454338074, 0.9903586506843567, 0.999996542930603, 0.9999855756759644, 0.9797464609146118, 0.9951584935188293, 0.999976634979248, 0.9932119846343994, 0.9995555281639099, 1.0, 0.8479627370834351, 0.9999985694885254, 0.7618472576141357, 0.9999998807907104, 0.6787109971046448, 1.0, 0.9999351501464844, 0.9999922513961792, 0.956902801990509, 0.9998559951782227, 0.996850311756134, 0.9998076558113098, 0.9816588759422302, 0.9999518394470215, 0.9110462069511414, 0.9999685287475586, 0.998394787311554, 0.9984196424484253, 0.9999977350234985, 0.9861452579498291, 0.9999998807907104
1, 2, 3, 4, 5, 6, 7, 8, 9, 10, 11, 12, 13, 14, 15, 16, 17, 18, 19, 20
0.6135712265968323, 0.9992135763168335, 0.9586100578308105, 0.9999843835830688, 0.999998927116394, 0.9999982118606567, 0.9999731779098511, 0.9941959381103516, 0.9999971389770508, 0.9999997615814209, 0.9999898672103882, 1.0, 0.999980092048645, 0.9999997615814209, 0.9999921321868896, 0.9999916553497314, 0.9417812824249268, 0.9999997615814209, 0.9996077418327332, 1.0, 0.9999997615814209, 1.0, 0.9999992847442627, 1.0, 0.9999998807907104, 1.0, 0.9999996423721313, 0.9999994039535522, 0.9999997615814209, 0.9997420907020569, 0.9999990463256836
2, 5, 1, 3, 4, 6, 7, 9, 10, 11, 12, 13, 14, 15, 16, 17, 18, 19, 20, 8
0.5860571265220642, 0.5903853178024292, 0.9717801213264465, 0.771496593952179, 0.9989394545555115, 0.8238711357116699, 0.996971845626831, 0.4891365170478821, 0.9997350573539734, 0.8128150105476379, 0.9999996423721313, 0.9003207683563232, 0.9999973773956299, 0.9975610971450806, 0.9999998807907104, 0.9999520778656006, 0.999998927116394, 0.975899875164032, 0.9999991655349731, 0.9999334812164307, 0.9999706745147705, 0.9693009853363037, 0.9999961853027344, 0.9999761581420898, 0.9999861717224121, 0.9999897480010986, 0.995618462562561, 0.9999973773956299, 0.8378097414970398, 0.9999994039535522, 0.9702381491661072
1, 2, 3, 5, 6, 7, 8, 9, 11, 12, 13, 14, 15, 16, 17, 18, 4, 10, 19, 20
0.5877401828765869, 0.9993890523910522, 0.9999514818191528, 0.6431222558021545, 0.9980981945991516, 0.3988493084907532, 0.9505032896995544, 0.9914193153381348, 0.9999957084655762, 0.6039131283760071, 0.9999978542327881, 0.9663676023483276, 0.9999922513961792, 0.8884882926940918, 0.9999651908874512, 0.9985818862915039, 0.999828577041626, 0.896052896976471, 0.999930739402771, 0.9999591112136841, 0.9999798536300659, 0.9999603033065796, 0.9828218817710876, 0.9998674392700195, 0.7110651135444641, 0.999546468257904, 0.661906361579895, 0.9991958737373352, 0.9999961853027344, 0.9648511409759521, 0.9999998807907104
1, 2, 3, 4, 5, 6, 7, 8, 9, 10, 11, 12, 13, 14, 15, 16, 17, 18, 19, 20
0.8781304359436035, 0.9861467480659485, 0.9989633560180664, 0.9998482465744019, 0.9999969005584717, 0.9554601907730103, 0.9986516833305359, 0.999932050704956, 0.9999991655349731, 1.0, 0.9993632435798645, 1.0, 0.9999986886978149, 0.9999998807907104, 0.9999908208847046, 0.9999991655349731, 0.9978233575820923, 0.9999997615814209, 0.9994624257087708, 1.0, 0.9999998807907104, 0.9999995231628418, 0.9998047947883606, 1.0, 0.9999998807907104, 1.0, 0.9999994039535522, 0.9999992847442627, 0.9999994039535522, 0.9999368190765381, 0.9999998807907104
16, 1, 3, 18, 19, 15, 8, 9, 2, 5, 11, 6, 12, 13, 14, 20, 7, 10, 4, 17
0.7535892128944397, 0.8674941658973694, 0.634073793888092, 0.787540853023529, 0.6350791454315186, 0.42094215750694275, 0.9187687039375305, 0.8259826302528381, 0.652125895023346, 0.6002216935157776, 0.4024868607521057, 0.7289403676986694, 0.4875999391078949, 0.5878141522407532, 0.7904203534126282, 0.8572810888290405, 0.5376312136650085, 0.7411338090896606, 0.551784098148346, 0.9591212868690491, 0.9395460486412048, 0.9957510232925415, 0.9972009658813477, 0.36967605352401733, 0.9999966621398926, 0.6326916217803955, 0.760646641254425, 0.837599515914917, 0.8267099857330322, 0.9999995231628418, 0.9999943971633911
6, 1, 2, 4, 5, 7, 8, 9, 11, 12, 13, 15, 16, 17, 18, 3, 10, 14, 19, 20
0.8707086443901062, 0.4641188681125641, 0.5980631113052368, 0.9876333475112915, 0.5367734432220459, 0.8081101775169373, 0.3616761565208435, 0.9100059866905212, 0.9160906076431274, 0.5589500069618225, 0.9999738931655884, 0.9991846680641174, 0.9978127479553223, 0.8705442547798157, 0.9957208037376404, 0.49812421202659607, 0.9312766790390015, 0.9660288095474243, 0.999850869178772, 0.9959606528282166, 0.9845989942550659, 0.9879888296127319, 0.5750508904457092, 0.9998985528945923, 0.9295066595077515, 0.9998113512992859, 0.9871760010719299, 0.999954342842102, 0.9999973773956299, 0.9449876546859741, 0.9999996423721313
2, 7, 12, 1, 5, 11, 10, 13, 15, 16, 3, 4, 6, 17, 14, 18, 19, 9, 8, 20
0.936342179775238, 0.9563376903533936, 0.899219274520874, 0.9205793142318726, 0.6661704182624817, 0.9304115176200867, 0.7323899865150452, 0.735294759273529, 0.877818763256073, 0.4477282464504242, 0.6073247790336609, 0.5325046181678772, 0.4846642017364502, 0.577597439289093, 0.633171796798706, 0.9357966184616089, 0.6251823306083679, 0.9999635219573975, 0.6686569452285767, 0.41718992590904236, 0.9825652837753296, 0.3119121491909027, 0.8756722211837769, 0.6785054206848145, 0.9975511431694031, 0.7542858123779297, 0.9999961853027344, 0.4360136091709137, 0.5784831047058105, 0.7606488466262817, 1.0
1, 3, 19, 4, 5, 16, 10, 11, 2, 7, 14, 6, 17, 12, 13, 15, 8, 9, 18, 20
0.7772247791290283, 0.9992852807044983, 0.6141636967658997, 0.7486216425895691, 0.5654280185699463, 0.9997256398200989, 0.8247729539871216, 0.6405356526374817, 0.6497347950935364, 0.37403157353401184, 0.7361829876899719, 0.9608667492866516, 0.732882559299469, 0.8370315432548523, 0.8039202690124512, 0.6127930283546448, 0.49404463171958923, 0.9379611015319824, 0.5140216946601868, 0.6954543590545654, 0.8960555791854858, 0.9519484639167786, 0.984772264957428, 0.7141442894935608, 0.5312039256095886, 0.5712321996688843, 0.9999164342880249, 0.9861504435539246, 0.9999973773956299, 0.9859165549278259, 1.0
