15, 9, 10, 6, 2, 3, 5, 16, 4, 1, 17, 12, 7, 11, 14, 19, 20, 18, 13, 8
0.44102710485458374, 0.8304612040519714, 0.5082752704620361, 0.953603982925415, 0.9969348907470703, 0.5238078832626343, 0.49744153022766113, 0.9031318426132202, 0.7055720686912537, 0.7390061616897583, 0.5806471109390259, 0.4856649935245514, 0.811853289604187, 0.7293102741241455, 0.41617313027381897, 0.7156704664230347, 0.66144198179245, 0.5243551135063171, 0.9426289796829224, 0.4959203600883484, 0.9250067472457886, 0.47164636850357056, 0.7106470465660095, 0.5923539400100708, 0.756464958190918, 0.9999992847442627, 0.7401654124259949, 0.6859164237976074, 0.5698508024215698, 0.999997615814209, 0.9999998807907104
1, 2, 3, 4, 5, 6, 7, 8, 9, 11, 12, 13, 16, 15, 14, 19, 17, 18, 10, 20
0.9698202610015869, 0.9997134804725647, 0.999992847442627, 0.9999300241470337, 0.9999773502349854, 0.9924216866493225, 0.9999957084655762, 0.9998325109481812, 0.9999977350234985, 0.9770137667655945, 0.5388535857200623, 0.9990597367286682, 0.9946619868278503, 0.9999864101409912, 0.9991719722747803, 0.9953174591064453, 0.536653995513916, 0.9172956347465515, 0.772068977355957, 0.7310505509376526, 0.5048590302467346, 0.600184440612793, 0.43286094069480896, 0.787799060344696, 0.5262239575386047, 0.9986673593521118, 0.9990861415863037, 0.8872030973434448, 0.9999978542327881, 0.9999996423721313, 0.9999996423721313
5, 1, 3, 9, 15, 2, 13, 14, 12, 18, 16, 10, 17, 8, 11, 6, 19, 4, 7, 20
0.9162627458572388, 0.9323188662528992, 0.48837822675704956, 0.8430343270301819, 0.4658254384994507, 0.6479098200798035, 0.46458613872528076, 0.6081270575523376, 0.5328092575073242, 0.8749175667762756, 0.9284197688102722, 0.6797357797622681, 0.41933026909828186, 0.503984272480011, 0.9109237790107727, 0.6849132776260376, 0.5017934441566467, 0.8883274793624878, 0.6865389943122864, 0.6284345388412476, 0.43165671825408936, 0.5406755805015564, 0.4946266710758209, 0.953942596912384, 0.4857962429523468, 0.6255712509155273, 0.9999914169311523, 0.42129603028297424, 0.7718244791030884, 1.0, 1.0
8, 11, 1, 16, 19, 13, 5, 6, 18, 17, 14, 7, 15, 10, 9, 2, 3, 4, 20, 12
0.9937435984611511, 0.9970158338546753, 0.612381100654602, 0.9578776955604553, 0.7779973149299622, 0.911119818687439, 0.7152032256126404, 0.33813712000846863, 0.6397289037704468, 0.6218056678771973, 0.42087531089782715, 0.37451446056365967, 0.5703322291374207, 0.5276587605476379, 0.8608977198600769, 0.8275448083877563, 0.6669726967811584, 0.7420759201049805, 0.5317814946174622, 0.829265832901001, 0.9786359667778015, 0.26860710978507996, 0.5428243279457092, 0.7729030251502991, 0.38260617852211, 0.5791081786155701, 0.8080855011940002, 0.6992473006248474, 0.9999997615814209, 0.9999985694885254, 0.9999992847442627
1, 2, 3, 4, 5, 6, 7, 8, 9, 10, 11, 12, 13, 14, 15, 16, 17, 18, 19, 20
0.9971730709075928, 0.9400668740272522, 0.9998672008514404, 0.9891776442527771, 0.9982854723930359, 0.9994348883628845, 0.9885240197181702, 0.9999489784240723, 0.9706868529319763, 0.9999998807907104, 0.9896811842918396, 1.0, 0.9999910593032837, 1.0, 0.9998403787612915, 1.0, 0.9999973773956299, 1.0, 0.9975256323814392, 1.0, 0.9999992847442627, 1.0, 0.9999992847442627, 0.9999997615814209, 0.9999996423721313, 0.9999996423721313, 0.9999994039535522, 0.9999996423721313, 0.9999995231628418, 0.9999973773956299, 0.9999994039535522
2, 7, 10, 5, 1, 18, 8, 12, 9, 3, 11, 17, 15, 16, 13, 14, 4, 20, 19, 6
0.999214768409729, 0.9369208812713623, 0.4997899830341339, 0.9128547310829163, 0.4072546362876892, 0.71000736951828, 0.5693441033363342, 0.8574036359786987, 0.8356999158859253, 0.3558679521083832, 0.5574402809143066, 0.4960378408432007, 0.6143324971199036, 0.7129455208778381, 0.44842982292175293, 0.6087667346000671, 0.30963239073753357, 0.553505003452301, 0.5241462588310242, 0.36532819271087646, 0.3432866930961609, 0.6184830665588379, 0.7527357935905457, 0.7583732008934021, 0.9424511790275574, 0.45941442251205444, 0.38353973627090454, 0.9999994039535522, 0.6001623868942261, 0.9999947547912598, 1.0
12, 6, 8, 18, 9, 1, 2, 10, 17, 3, 4, 5, 15, 16, 19, 13, 11, 7, 14, 20
0.5531099438667297, 0.78373783826828, 0.953396201133728, 0.9516257047653198, 0.634535014629364, 0.7121267318725586, 0.5613450407981873, 0.816070020198822, 0.9141477942466736, 0.5038180351257324, 0.6985968351364136, 0.33951336145401, 0.7376857399940491, 0.488269180059433, 0.8213053941726685, 0.9976961016654968, 0.9704663157463074, 0.40199044346809387, 0.9996949434280396, 0.9954833984375, 0.9517242312431335, 0.7662631869316101, 0.5999757647514343, 0.602094292640686, 0.6300618648529053, 0.9825544953346252, 0.8125503659248352, 0.9372103214263916, 0.9999984502792358, 0.9999996423721313, 1.0
2, 3, 4, 17, 15, 16, 14, 5, 1, 7, 8, 10, 11, 12, 20, 18, 19, 6, 9, 13
0.40364396572113037, 0.9798663258552551, 0.5858367681503296, 0.9887018203735352, 0.9946211576461792, 0.7947272062301636, 0.6088355183601379, 0.9867287278175354, 0.9941841959953308, 0.48706966638565063, 0.6317111849784851, 0.5022434592247009, 0.632638692855835, 0.44374802708625793, 0.9701797962188721, 0.9117598533630371, 0.728563129901886, 0.9890648126602173, 0.986889123916626, 0.6475837826728821, 0.850283682346344, 0.4251384735107422, 1.0, 0.6670275926589966, 0.5920702815055847, 0.456116646528244, 0.9532556533813477, 0.7770336270332336, 0.9218999147415161, 1.0, 0.9999998807907104
17, 18, 19, 10, 11, 12, 13, 14, 15, 9, 7, 3, 16, 6, 1, 2, 20, 8, 5, 4
0.973061203956604, 0.6062325835227966, 0.9527302384376526, 0.49740469455718994, 0.9951840043067932, 0.9976797699928284, 0.37345391511917114, 0.5998664498329163, 0.5398521423339844, 0.4666367769241333, 0.8003442883491516, 0.62359219789505, 0.8068257570266724, 0.5353409051895142, 0.7184252142906189, 0.4355167746543884, 0.6782355904579163, 0.5493177175521851, 0.36315208673477173, 0.6028327941894531, 0.46721354126930237, 0.5369832515716553, 0.7904418110847473, 0.700470507144928, 0.5826345086097717, 0.5711926221847534, 0.5353206992149353, 0.9999969005584717, 0.5314930081367493, 0.7490508556365967, 0.9996684789657593
18, 2, 12, 14, 3, 13, 17, 4, 11, 19, 5, 9, 1, 6, 16, 15, 10, 20, 8, 7
0.710054874420166, 0.9438134431838989, 0.5103065371513367, 0.9048001766204834, 0.44229188561439514, 0.7580873966217041, 0.7372633218765259, 0.7052213549613953, 0.9767481684684753, 0.8508502840995789, 0.7502782344818115, 0.7648258805274963, 0.38441967964172363, 0.9648124575614929, 0.8949353694915771, 0.8566142320632935, 0.8479986786842346, 0.8238457441329956, 0.5943701267242432, 0.9633364677429199, 0.5368570685386658, 0.8713712096214294, 0.836090087890625, 0.4647112190723419, 0.5812978744506836, 0.35217663645744324, 0.9999926090240479, 0.44440290331840515, 0.9999996423721313, 0.5505914092063904, 0.9999997615814209
9, 1, 2, 17, 4, 6, 10, 11, 12, 3, 15, 16, 20, 18, 13, 14, 5, 8, 7, 19
0.9764299392700195, 0.5146762728691101, 0.998157799243927, 0.8494997024536133, 0.9727283716201782, 0.7040823698043823, 0.48095735907554626, 0.8398436903953552, 0.791178286075592, 0.716727077960968, 0.6082467436790466, 0.7738924026489258, 0.8868440389633179, 0.4024902284145355, 0.8169785141944885, 0.548492431640625, 0.9705012440681458, 0.9789779782295227, 0.6325464248657227, 0.9999998807907104, 0.8949055075645447, 0.36918404698371887, 0.8441529870033264, 0.5200369954109192, 0.4513551592826843, 0.7743211388587952, 0.3700946271419525, 0.3743111193180084, 0.7217395901679993, 1.0, 0.9999996423721313
3, 1, 4, 14, 13, 11, 17, 19, 15, 9, 2, 20, 12, 16, 18, 8, 6, 5, 7, 10
0.9907960891723633, 0.9983319640159607, 0.9898033142089844, 0.9535219073295593, 0.44126901030540466, 0.6608713269233704, 0.6208604574203491, 0.9971103072166443, 0.9795091152191162, 0.743168294429779, 0.9076300263404846, 0.7512097358703613, 0.8494799137115479, 0.3314330577850342, 0.9993127584457397, 0.353756308555603, 0.5850892663002014, 0.26704251766204834, 0.9999994039535522, 0.656896710395813, 0.763876736164093, 0.7228403687477112, 0.3987455666065216, 0.32383933663368225, 0.647773027420044, 0.3549198508262634, 0.39038926362991333, 0.904944658279419, 0.6757302284240723, 0.9999998807907104, 0.9999997615814209
11, 12, 6, 7, 13, 14, 1, 10, 9, 16, 17, 18, 2, 3, 8, 15, 20, 5, 4, 19
0.960603654384613, 0.4511649012565613, 0.951339602470398, 0.9988595247268677, 0.9302542805671692, 0.6724857687950134, 0.9852123260498047, 0.7776138782501221, 0.985110878944397, 0.9757368564605713, 0.6313023567199707, 0.5458608269691467, 0.7724661231040955, 0.9097402095794678, 0.801173985004425, 0.5803953409194946, 0.8214589953422546, 0.9448660016059875, 0.335426926612854, 0.9493893980979919, 0.36949461698532104, 0.829765260219574, 0.6438047885894775, 0.5440178513526917, 0.6892687678337097, 0.39175546169281006, 0.9999997615814209, 0.41830578446388245, 0.718590497970581, 0.9999998807907104, 0.9999994039535522
2, 15, 1, 18, 6, 20, 19, 7, 17, 16, 8, 11, 5, 12, 9, 10, 4, 3, 13, 14
0.9918860197067261, 0.9305576682090759, 0.9686057567596436, 0.6346168518066406, 0.8022989630699158, 0.9799254536628723, 0.3415004014968872, 0.4550543427467346, 0.9999997615814209, 0.5769294500350952, 0.9903004169464111, 0.8479660153388977, 0.9593749642372131, 0.5288397669792175, 0.5565388798713684, 0.8827493190765381, 0.591922402381897, 0.6195317506790161, 0.9163466095924377, 0.3076615035533905, 0.5073999166488647, 0.7995949387550354, 0.39690643548965454, 0.374808669090271, 0.49281707406044006, 0.42897912859916687, 0.5077911019325256, 0.9999748468399048, 0.5428581833839417, 0.9999997615814209, 0.999998927116394
11, 1, 16, 3, 8, 9, 14, 15, 17, 18, 19, 20, 2, 4, 5, 6, 7, 10, 12, 13
0.9998742341995239, 0.9995114803314209, 0.9810568690299988, 0.6454863548278809, 0.9611855149269104, 0.7847223877906799, 0.41342413425445557, 0.9994558691978455, 0.5070343017578125, 0.9951903820037842, 0.9995427131652832, 0.999964714050293, 0.6447928547859192, 0.8316218852996826, 0.9964300990104675, 0.9918438792228699, 0.7870543003082275, 0.9947969317436218, 0.970128059387207, 0.9688525199890137, 0.9491994380950928, 0.7210904955863953, 0.9999284744262695, 0.994548499584198, 0.9999997615814209, 0.999998927116394, 0.8631129860877991, 1.0, 0.9989180564880371, 1.0, 1.0
1, 19, 18, 12, 5, 6, 14, 10, 15, 16, 3, 13, 9, 20, 11, 8, 17, 2, 7, 4
0.9965924620628357, 0.9590298533439636, 0.5132394433021545, 0.9991809725761414, 0.9979389309883118, 0.5680111646652222, 0.9877106547355652, 0.8161816596984863, 0.5622169375419617, 0.5687329769134521, 0.3839164674282074, 0.45717853307724, 0.5689905285835266, 0.4514111578464508, 0.5656130909919739, 0.48235684633255005, 0.8496009707450867, 0.3240378499031067, 0.5973594188690186, 0.8747499585151672, 0.43156227469444275, 0.4338095784187317, 0.8887448310852051, 0.4952585995197296, 0.7340891361236572, 0.5355434417724609, 0.5098713040351868, 0.9999667406082153, 0.3971269428730011, 0.5272814631462097, 0.9999995231628418
4, 1, 3, 5, 11, 2, 6, 10, 7, 12, 14, 15, 8, 9, 13, 16, 17, 18, 19, 20
0.6469165086746216, 0.8109652400016785, 0.7765600085258484, 0.8340097069740295, 0.8853460550308228, 0.99977046251297, 0.34321850538253784, 0.8840281963348389, 0.5651003122329712, 0.9761655330657959, 0.72049480676651, 0.6116870641708374, 0.9449478387832642, 0.9977686405181885, 0.9647082686424255, 0.9999319314956665, 0.999904990196228, 0.4631251394748688, 0.9988948702812195, 0.9998413324356079, 0.7729758620262146, 0.9999788999557495, 0.5303364396095276, 0.9999649524688721, 0.9909929633140564, 0.999971866607666, 0.9916828870773315, 0.9999651908874512, 0.9999996423721313, 0.9999964237213135, 1.0
1, 2, 3, 6, 7, 9, 13, 17, 8, 16, 18, 19, 5, 10, 11, 14, 15, 4, 12, 20
0.8953559994697571, 0.9933826923370361, 0.9995334148406982, 0.8749651908874512, 0.9999203681945801, 0.9998345375061035, 0.9968162178993225, 0.9849081039428711, 0.8953579068183899, 0.8869612216949463, 0.951035737991333, 0.9948493838310242, 0.9371530413627625, 0.5857318043708801, 0.7324295043945312, 0.8014461398124695, 0.9905286431312561, 0.4378911852836609, 0.9193568229675293, 0.8685973286628723, 0.9995871186256409, 0.9994018077850342, 0.9907370209693909, 0.5481128096580505, 0.9238075017929077, 0.9489148259162903, 0.9632793068885803, 0.9532735347747803, 0.9999997615814209, 1.0, 1.0
3, 5, 1, 9, 20, 17, 2, 18, 19, 12, 11, 16, 15, 4, 10, 13, 8, 7, 6, 14
0.7465608716011047, 0.7165780067443848, 0.6854346990585327, 0.5185312628746033, 0.5172402262687683, 0.8080416917800903, 0.8100786805152893, 0.579893171787262, 0.517665684223175, 0.509113073348999, 0.44478172063827515, 0.8316373825073242, 0.8078405857086182, 0.633693516254425, 0.5094481110572815, 0.696672260761261, 0.4592323303222656, 0.4262019693851471, 0.4166765511035919, 0.5303044319152832, 0.9158123731613159, 0.6893526315689087, 0.7365630865097046, 0.8956577777862549, 0.5147315859794617, 0.8031622171401978, 0.4577986001968384, 0.40946164727211, 0.7371333837509155, 1.0, 0.9999996423721313
18, 12, 11, 1, 5, 6, 4, 14, 15, 10, 13, 2, 3, 20, 19, 8, 7, 9, 16, 17
0.9886638522148132, 0.9582971930503845, 0.9975231289863586, 0.7567718029022217, 0.999267041683197, 0.9990324974060059, 0.5703390836715698, 0.4745739996433258, 0.8716093301773071, 0.5264231562614441, 0.6412503123283386, 0.4739118218421936, 0.9627801179885864, 0.9418972134590149, 0.5181000828742981, 0.5791286826133728, 0.43237602710723877, 0.9455759525299072, 0.6098418831825256, 0.7936483025550842, 0.3041912317276001, 0.9999994039535522, 0.38774117827415466, 0.6110051274299622, 0.3728598356246948, 0.5335919857025146, 0.5736404657363892, 0.9999918937683105, 0.6187646985054016, 1.0, 0.9999992847442627
1, 2, 3, 4, 5, 8, 11, 12, 13, 14, 15, 16, 17, 18, 19, 10, 7, 6, 9, 20
0.9313893914222717, 0.9500577449798584, 0.9994171857833862, 0.9912872910499573, 0.9999984502792358, 0.5829614400863647, 0.5543804168701172, 0.7957422137260437, 0.9999667406082153, 0.9974020719528198, 0.9848666787147522, 0.9859793782234192, 0.9999936819076538, 0.9993703961372375, 0.9999583959579468, 0.9999150037765503, 0.9999545812606812, 0.998482882976532, 0.9863494038581848, 0.7397201061248779, 0.9999839067459106, 0.9999485015869141, 0.9424132704734802, 0.9706846475601196, 0.3641588091850281, 0.9999966621398926, 0.8437554240226746, 0.8974087238311768, 0.9755703806877136, 0.9999998807907104, 1.0
17, 16, 15, 13, 14, 11, 19, 10, 9, 3, 18, 20, 5, 4, 6, 8, 12, 1, 7, 2
0.8654458522796631, 0.2671356797218323, 0.9993239641189575, 0.6236682534217834, 0.9991859793663025, 0.8865424990653992, 0.9969863295555115, 0.5774756669998169, 0.9949066042900085, 0.9688464999198914, 0.9356090426445007, 0.4145115613937378, 0.6872655153274536, 0.6598020792007446, 0.4676763117313385, 0.7843831181526184, 0.6957452893257141, 0.5982466340065002, 0.7160620093345642, 0.9902909398078918, 0.7675142288208008, 0.9982873797416687, 0.5061813592910767, 0.5882129073143005, 0.42223280668258667, 0.814048707485199, 0.5602340698242188, 0.5114923119544983, 0.46940934658050537, 0.7718086242675781, 0.9999523162841797
1, 2, 3, 4, 5, 6, 7, 8, 9, 10, 11, 12, 13, 14, 15, 16, 17, 18, 19, 20
0.7306021451950073, 0.9847952723503113, 0.9931607246398926, 0.932569682598114, 0.9999721050262451, 0.9334572553634644, 0.9996033310890198, 0.9999175071716309, 0.9999969005584717, 0.9999654293060303, 0.9785354733467102, 0.9999998807907104, 0.9999016523361206, 0.9999998807907104, 0.8902884721755981, 0.9999998807907104, 0.9999978542327881, 0.9999997615814209, 0.9999816417694092, 0.9999996423721313, 0.9999982118606567, 0.9999998807907104, 0.9999994039535522, 0.9999995231628418, 0.9999985694885254, 0.999998927116394, 0.9999858140945435, 0.9999969005584717, 0.9999973773956299, 0.9999998807907104, 0.9999996423721313
3, 8, 9, 14, 1, 2, 5, 6, 10, 11, 16, 17, 4, 12, 13, 18, 19, 20, 7, 15
0.8578985333442688, 0.29778289794921875, 0.9947646856307983, 0.7779183387756348, 0.7190271019935608, 0.7465715408325195, 0.9999847412109375, 0.7109010815620422, 0.9998593330383301, 0.91363525390625, 0.6531929969787598, 0.9908372163772583, 0.8235909342765808, 0.9926867485046387, 0.7044800519943237, 0.9306843280792236, 0.9924180507659912, 0.5507859587669373, 0.7677236199378967, 0.9665583372116089, 0.999818742275238, 0.9943218231201172, 0.9795140027999878, 0.43400314450263977, 0.9179040789604187, 0.8887572288513184, 0.5444791913032532, 0.9999998807907104, 0.9993120431900024, 0.9999996423721313, 1.0
7, 2, 10, 3, 11, 4, 19, 5, 6, 8, 12, 13, 14, 15, 1, 9, 17, 18, 20, 16
0.9892413020133972, 0.7137309908866882, 0.9357104897499084, 0.9947299957275391, 0.4592004120349884, 0.39305415749549866, 0.9245386123657227, 0.35406795144081116, 0.29883328080177307, 0.4361345171928406, 0.2818824350833893, 0.8341878652572632, 0.8217366933822632, 0.958246111869812, 0.5066700577735901, 0.9951648712158203, 0.9319115877151489, 0.9885616302490234, 0.5255717039108276, 0.9114248156547546, 0.9711148738861084, 0.5475890636444092, 0.7587335705757141, 0.9473789930343628, 0.6228412389755249, 0.9566320776939392, 0.6688520312309265, 0.7057814598083496, 0.9999991655349731, 0.9999998807907104, 0.9999994039535522
9, 12, 13, 11, 14, 15, 19, 17, 16, 8, 5, 4, 2, 3, 20, 1, 6, 7, 10, 18
0.502228319644928, 0.9985477328300476, 0.6044037342071533, 0.999692440032959, 0.5237764716148376, 0.9953573346138, 0.9600103497505188, 0.9423946142196655, 0.7220703363418579, 0.7587683200836182, 0.7808465361595154, 0.7535457611083984, 0.47573959827423096, 0.6088079214096069, 0.6950888633728027, 0.5885336995124817, 0.9997250437736511, 0.5350591540336609, 0.8307473063468933, 0.645733118057251, 0.7928062081336975, 0.8199074864387512, 0.8728295564651489, 0.9999996423721313, 0.8676913380622864, 0.5067071318626404, 0.6076315641403198, 0.9999456405639648, 0.8479576706886292, 1.0, 0.999998927116394
1, 2, 3, 4, 5, 7, 8, 9, 10, 11, 12, 13, 14, 15, 16, 17, 18, 6, 19, 20
0.9894968271255493, 0.9998869895935059, 0.6900200247764587, 0.9153602123260498, 0.8049023747444153, 0.7685468196868896, 0.7604572176933289, 0.9889398217201233, 0.9999929666519165, 0.9969432950019836, 0.9999938011169434, 0.5754488706588745, 0.9999942779541016, 0.9992582201957703, 0.9999936819076538, 0.998542070388794, 0.9999213218688965, 0.9999479055404663, 0.9969224333763123, 0.9703552722930908, 0.6477916836738586, 0.9533584713935852, 0.8615341186523438, 0.9907295107841492, 0.8479611873626709, 0.9999794960021973, 0.993767261505127, 0.9997909665107727, 0.9999943971633911, 0.9999997615814209, 0.9999991655349731
1, 4, 5, 11, 12, 2, 3, 6, 7, 8, 9, 10, 13, 14, 15, 16, 17, 18, 19, 20
0.9947522878646851, 0.9871758818626404, 0.6792255640029907, 0.7330847382545471, 0.9031885862350464, 0.9150819182395935, 0.9992406368255615, 0.4975512623786926, 0.9202947616577148, 0.997028648853302, 0.9541202187538147, 0.9998691082000732, 0.9752007722854614, 0.9999996423721313, 0.9943135976791382, 0.9999998807907104, 0.9975608587265015, 1.0, 0.9999581575393677, 0.9999997615814209, 0.9999908208847046, 0.9999998807907104, 0.9999977350234985, 0.9999997615814209, 0.9999957084655762, 0.9999992847442627, 0.9999979734420776, 0.9999947547912598, 0.9999998807907104, 0.9999938011169434, 0.9999998807907104
1, 2, 3, 6, 7, 10, 11, 19, 20, 4, 5, 8, 9, 12, 13, 14, 15, 16, 17, 18
0.6590105295181274, 0.99294114112854, 0.9909213185310364, 0.9071034789085388, 0.9999628067016602, 0.989011287689209, 0.9961413741111755, 0.9993809461593628, 0.9999229907989502, 0.6574894189834595, 0.9683060646057129, 0.8634129762649536, 0.9999998807907104, 0.8730641603469849, 0.9999911785125732, 0.5135449171066284, 0.9999681711196899, 0.9999997615814209, 0.6809365749359131, 1.0, 0.6521886587142944, 1.0, 0.994724452495575, 1.0, 0.8932445645332336, 0.9999998807907104, 0.9999504089355469, 0.9999998807907104, 0.999930739402771, 1.0, 1.0
5, 3, 4, 18, 19, 13, 1, 15, 16, 6, 9, 17, 2, 12, 20, 11, 10, 14, 8, 7
0.9092777371406555, 0.987373411655426, 0.8643789291381836, 0.8545044660568237, 0.556510329246521, 0.9979117512702942, 0.956337034702301, 0.7636967897415161, 0.3224502205848694, 0.7004945278167725, 0.44252973794937134, 0.4611784815788269, 0.8856664896011353, 0.9839481711387634, 0.45749837160110474, 0.5195735692977905, 0.6070148944854736, 0.8315827250480652, 0.5788314342498779, 0.6482025980949402, 0.6945891976356506, 0.598172664642334, 0.9999995231628418, 0.8731421828269958, 0.4870251715183258, 0.5184125304222107, 0.7956336736679077, 0.4943595826625824, 0.9999853372573853, 0.6224376559257507, 0.9999988079071045
9, 11, 3, 8, 13, 1, 2, 7, 10, 4, 5, 6, 14, 15, 16, 17, 18, 19, 20, 12
0.628413200378418, 0.6347455978393555, 0.5311068892478943, 0.828785240650177, 0.6596866250038147, 0.9049079418182373, 0.7597343921661377, 0.5246288776397705, 0.9951503872871399, 0.5636041164398193, 0.8187440037727356, 0.4106422960758209, 0.32698845863342285, 0.9825677275657654, 0.9997275471687317, 0.9637762308120728, 0.6007287502288818, 0.9999874830245972, 0.9994953870773315, 0.999679684638977, 0.9936854243278503, 0.9999986886978149, 0.9999157190322876, 0.9999780654907227, 0.9997933506965637, 0.9996421337127686, 0.9992778897285461, 0.629772961139679, 0.9999998807907104, 1.0, 0.9999986886978149
1, 6, 13, 11, 12, 10, 2, 3, 16, 9, 14, 15, 8, 7, 20, 19, 4, 17, 18, 5
0.9988208413124084, 0.8639945983886719, 0.6976891756057739, 0.6023350954055786, 0.7341160774230957, 0.4782487154006958, 0.9922938346862793, 0.8070163130760193, 0.9295309782028198, 0.9870160818099976, 0.40743744373321533, 0.3830033838748932, 0.4837236702442169, 0.840563178062439, 0.3383248746395111, 0.3365322947502136, 0.6080609560012817, 0.6821462512016296, 0.9712768197059631, 0.2927722632884979, 0.4805874526500702, 0.40070390701293945, 0.9999998807907104, 0.5212678909301758, 0.5666543841362, 0.538780689239502, 0.8221803903579712, 0.5117102861404419, 0.5964289307594299, 0.9999985694885254, 1.0
1, 2, 3, 4, 5, 6, 7, 8, 9, 10, 11, 12, 13, 14, 15, 16, 17, 18, 19, 20
0.6932684183120728, 0.8898160457611084, 0.9996274709701538, 0.6577065587043762, 0.9995724558830261, 0.9949093461036682, 0.9977401494979858, 0.9953410625457764, 0.99951171875, 0.9999995231628418, 0.9971824884414673, 0.9999990463256836, 0.9634873867034912, 1.0, 0.9999774694442749, 1.0, 0.9999972581863403, 0.9999977350234985, 0.9989487528800964, 0.9999986886978149, 0.9999316930770874, 0.9999998807907104, 0.9999676942825317, 0.9999995231628418, 0.9999812841415405, 0.9999985694885254, 0.9999982118606567, 0.999998927116394, 0.9999990463256836, 0.9999990463256836, 0.9999997615814209
20, 10, 12, 17, 16, 9, 18, 11, 14, 1, 2, 19, 15, 13, 8, 7, 6, 5, 4, 3
0.9411868453025818, 0.9992334842681885, 0.9979299306869507, 0.7999376654624939, 0.9799202084541321, 0.9110717177391052, 0.9327589273452759, 0.5750711560249329, 0.7475807666778564, 0.9192991852760315, 0.6867921948432922, 0.8501071333885193, 0.4241196811199188, 0.6799619197845459, 0.5599077939987183, 0.677443265914917, 0.5731540322303772, 0.617776095867157, 0.9336445927619934, 0.3112133741378784, 0.7126981616020203, 0.34524649381637573, 0.8103841543197632, 0.6169907450675964, 0.9999915361404419, 0.32034048438072205, 0.3992401361465454, 0.5745992064476013, 0.8024545311927795, 0.9390140771865845, 0.9999974966049194
1, 2, 3, 4, 5, 6, 7, 8, 9, 10, 11, 12, 13, 14, 15, 16, 17, 18, 19, 20
0.9712167382240295, 0.9998613595962524, 0.983903169631958, 0.9993801116943359, 0.9682564735412598, 0.9999936819076538, 0.9931628704071045, 0.9976032376289368, 0.9999983310699463, 0.9999995231628418, 0.9999572038650513, 1.0, 0.9999985694885254, 0.999998927116394, 0.9999833106994629, 0.9999997615814209, 0.9999966621398926, 0.9999986886978149, 0.9999854564666748, 0.9999998807907104, 0.9999997615814209, 0.999998927116394, 0.9999933242797852, 0.9999995231628418, 0.999940037727356, 0.9999983310699463, 0.9999886751174927, 0.9999971389770508, 0.9999996423721313, 0.9999996423721313, 0.9999998807907104
1, 2, 3, 4, 5, 6, 7, 8, 9, 10, 11, 12, 13, 14, 15, 16, 17, 18, 19, 20
0.9903744459152222, 0.9998016953468323, 0.9998997449874878, 0.9999399185180664, 0.9886291027069092, 0.9975237250328064, 0.999968409538269, 0.999994158744812, 0.9899840354919434, 0.9999998807907104, 0.9965301156044006, 1.0, 0.9999681711196899, 0.9999998807907104, 0.9999890327453613, 0.9999995231628418, 0.9999868869781494, 0.9999994039535522, 0.9998608827590942, 0.9999872446060181, 0.9970376491546631, 0.9999991655349731, 0.9999887943267822, 0.9999983310699463, 0.9999971389770508, 0.9999986886978149, 0.9999994039535522, 0.9999914169311523, 0.9999988079071045, 0.9999997615814209, 0.9999998807907104
2, 18, 5, 1, 4, 6, 11, 8, 3, 9, 19, 15, 16, 17, 12, 14, 13, 20, 7, 10
0.9596993327140808, 0.953841507434845, 0.8020364046096802, 0.7098603844642639, 0.9355418682098389, 0.7442465424537659, 0.7110694050788879, 0.6586112380027771, 0.981999397277832, 0.3595946431159973, 0.3904308080673218, 0.679070234298706, 0.6672694087028503, 0.5615262985229492, 0.7732906937599182, 0.5221251249313354, 0.9134400486946106, 0.7631124258041382, 0.8336085081100464, 0.9249265193939209, 0.584031879901886, 0.8842958211898804, 0.7676314115524292, 0.45547932386398315, 0.7513517737388611, 0.6039202213287354, 0.4199371039867401, 0.9999996423721313, 0.5195134282112122, 1.0, 0.9999992847442627
1, 2, 3, 4, 6, 7, 9, 10, 11, 12, 13, 5, 14, 15, 16, 17, 18, 19, 20, 8
0.743078351020813, 0.9224944114685059, 0.9722198247909546, 0.9754979014396667, 0.9863675236701965, 0.9324921369552612, 0.5988441109657288, 0.9999392032623291, 0.9899781942367554, 0.9997913241386414, 0.9998123049736023, 0.7340447902679443, 0.9102960228919983, 0.9677888751029968, 0.9965761303901672, 0.7882148623466492, 0.5076904296875, 0.9447195529937744, 0.9960242509841919, 0.994543194770813, 0.9976058006286621, 0.9978973865509033, 0.9985799789428711, 0.9923452734947205, 0.999894380569458, 0.9997754693031311, 0.9950858950614929, 0.9999988079071045, 0.8031706809997559, 1.0, 0.9999990463256836
1, 2, 3, 4, 5, 6, 7, 8, 9, 10, 11, 12, 13, 14, 15, 16, 17, 18, 19, 20
0.9878431558609009, 0.9997215867042542, 0.9959898591041565, 0.9980114698410034, 0.8852941393852234, 0.9994714856147766, 0.9985307455062866, 0.9884188771247864, 0.9999723434448242, 0.9999998807907104, 0.9987723231315613, 1.0, 0.9999858140945435, 0.9999998807907104, 0.9999865293502808, 1.0, 0.9999986886978149, 0.9999998807907104, 0.9999934434890747, 0.9999997615814209, 0.9999997615814209, 0.9999997615814209, 0.9999953508377075, 0.9999995231628418, 0.9998856782913208, 0.9999992847442627, 0.9999992847442627, 0.9999982118606567, 0.9999997615814209, 0.9999997615814209, 0.9999997615814209
1, 2, 3, 4, 5, 7, 10, 13, 14, 15, 17, 6, 11, 12, 18, 8, 16, 9, 19, 20
0.9998955726623535, 0.9983729124069214, 0.9999769926071167, 0.7136699557304382, 0.9999983310699463, 0.9654425978660583, 0.8320794105529785, 0.9309477210044861, 0.9481382966041565, 0.7701572775840759, 0.9998904466629028, 0.9907834529876709, 0.9971243739128113, 0.921346127986908, 0.9645007252693176, 0.9276188015937805, 0.5539812445640564, 0.9183748960494995, 0.9815272688865662, 0.9559054970741272, 0.981594443321228, 0.954444169998169, 0.9019121527671814, 0.987934947013855, 0.4512583315372467, 0.9921776652336121, 0.6132070422172546, 0.9099066853523254, 0.9999998807907104, 0.9999998807907104, 1.0
14, 9, 3, 5, 4, 2, 10, 19, 15, 13, 11, 17, 20, 18, 12, 8, 16, 7, 6, 1
0.6167411804199219, 0.9979362487792969, 0.6416478753089905, 0.32794803380966187, 0.5307701826095581, 0.9612037539482117, 0.6106820106506348, 0.9943654537200928, 0.36236369609832764, 0.993819534778595, 0.8570452332496643, 0.947704017162323, 0.39279118180274963, 0.8656619787216187, 0.426260769367218, 0.7778924703598022, 0.5273603200912476, 0.5800227522850037, 0.6548010110855103, 0.43168267607688904, 0.9999995231628418, 0.745760977268219, 0.5924573540687561, 0.6723832488059998, 0.8461175560951233, 0.33491790294647217, 0.42356863617897034, 0.7519472241401672, 0.5140689015388489, 0.5467262864112854, 0.9999997615814209
10, 3, 4, 19, 1, 5, 14, 15, 16, 17, 18, 6, 2, 8, 13, 9, 7, 20, 11, 12
0.767615795135498, 0.9862012267112732, 0.648606538772583, 0.8429156541824341, 0.6768667101860046, 0.8047837018966675, 0.512377142906189, 0.35435840487480164, 0.5448036789894104, 0.4366435110569, 0.9601205587387085, 0.716088056564331, 0.9781409502029419, 0.5885674953460693, 0.992294430732727, 0.8214312791824341, 0.9554611444473267, 0.997877836227417, 0.47007864713668823, 0.6024061441421509, 0.4471169412136078, 0.5061044096946716, 0.7323468327522278, 0.44220787286758423, 0.4917728304862976, 0.5467206835746765, 0.9999995231628418, 0.9999969005584717, 0.695956289768219, 0.9999998807907104, 0.9999995231628418
12, 13, 1, 4, 7, 15, 3, 5, 6, 9, 10, 11, 16, 17, 2, 8, 19, 20, 18, 14
0.9877865314483643, 0.5181509256362915, 0.9988056421279907, 0.9992859959602356, 0.6997928619384766, 0.7544515132904053, 0.5116678476333618, 0.5077177286148071, 0.9983958601951599, 0.6861978769302368, 0.6966589689254761, 0.9997292160987854, 0.7290811538696289, 0.9996306896209717, 0.9719822406768799, 0.9997859597206116, 0.9999815225601196, 0.6073314547538757, 0.9362065196037292, 0.9997430443763733, 0.9999151229858398, 0.5821252465248108, 0.8932430148124695, 0.9981024861335754, 0.8758878111839294, 0.6583936810493469, 0.9999998807907104, 0.9999990463256836, 0.7520100474357605, 1.0, 1.0
4, 2, 1, 6, 15, 19, 5, 10, 12, 8, 11, 14, 20, 13, 3, 17, 7, 16, 9, 18
0.7530452609062195, 0.9277077317237854, 0.9969218373298645, 0.7936418652534485, 0.6120561361312866, 0.5233963131904602, 0.47857099771499634, 0.5819103121757507, 0.6092917919158936, 0.4553837180137634, 0.8469805717468262, 0.5190311670303345, 0.9710351824760437, 0.44300583004951477, 0.5041675567626953, 0.5383692383766174, 0.6834154725074768, 0.8651748299598694, 0.5977804064750671, 0.9999988079071045, 0.8638178110122681, 0.9790970683097839, 0.4944642186164856, 0.6992050409317017, 0.9944724440574646, 0.7737168073654175, 0.7981722354888916, 0.9172415733337402, 0.6959404349327087, 0.9999996423721313, 0.9999994039535522
5, 7, 1, 8, 6, 17, 18, 2, 15, 4, 3, 12, 14, 10, 13, 16, 20, 11, 9, 19
0.5777312517166138, 0.8648648858070374, 0.9960702657699585, 0.35989752411842346, 0.5434454679489136, 0.6435561776161194, 0.8864659070968628, 0.43117207288742065, 0.6085687279701233, 0.421916663646698, 0.49283868074417114, 0.6244609355926514, 0.47890689969062805, 0.7922121286392212, 0.9022056460380554, 0.39856240153312683, 0.8852981328964233, 0.4793442487716675, 0.8236024379730225, 0.7591403126716614, 0.6698197722434998, 0.5012064576148987, 0.7526888251304626, 0.7293776869773865, 0.5982924103736877, 0.9999996423721313, 0.6688552498817444, 0.5812840461730957, 0.5078043341636658, 1.0, 0.9999990463256836
1, 2, 3, 4, 5, 6, 7, 8, 9, 10, 11, 12, 13, 14, 15, 16, 17, 18, 19, 20
0.9927619099617004, 0.9653676152229309, 0.9781767129898071, 0.9998260140419006, 0.9999754428863525, 0.9999854564666748, 0.9998039603233337, 0.8965699672698975, 0.9999374151229858, 0.9999997615814209, 0.9999138116836548, 0.999998927116394, 0.9993676543235779, 0.9999946355819702, 0.9999425411224365, 0.9999959468841553, 0.9835130572319031, 0.9999996423721313, 0.9994059801101685, 0.9999998807907104, 0.9999994039535522, 0.9999998807907104, 0.9999969005584717, 0.9999995231628418, 0.9999387264251709, 0.9999991655349731, 0.9999996423721313, 0.9999934434890747, 0.9999998807907104, 0.9999998807907104, 0.9999998807907104
5, 11, 3, 2, 4, 9, 14, 20, 16, 7, 19, 13, 15, 6, 17, 18, 1, 10, 8, 12
0.9838601350784302, 0.5742699503898621, 0.9915288686752319, 0.9442774653434753, 0.5047975778579712, 0.6788156628608704, 0.7097741961479187, 0.5406065583229065, 0.607792854309082, 0.6999732851982117, 0.9999998807907104, 0.861741840839386, 0.8500619530677795, 0.6670286655426025, 0.8719772100448608, 0.3484231233596802, 0.7480447292327881, 0.4700944423675537, 0.7559365034103394, 0.6133401989936829, 0.6603296399116516, 0.8437690734863281, 0.4667472839355469, 0.9399041533470154, 0.9720601439476013, 0.651340663433075, 0.5467276573181152, 0.4999878406524658, 0.9683647751808167, 0.9999996423721313, 0.9999996423721313
19, 11, 2, 12, 17, 16, 3, 8, 18, 14, 5, 6, 13, 1, 4, 10, 7, 15, 20, 9
0.6583866477012634, 0.6653084754943848, 0.5850603580474854, 0.9997469782829285, 0.9943102598190308, 0.9757334589958191, 0.9627330899238586, 0.5162466168403625, 0.5645846724510193, 0.5432256460189819, 0.9219667911529541, 0.6097298860549927, 0.41974201798439026, 0.552081823348999, 0.6754540205001831, 0.4086070954799652, 0.8448387980461121, 0.45295074582099915, 0.913456380367279, 0.9450295567512512, 0.7129902243614197, 0.5765711665153503, 0.43425503373146057, 0.6747742295265198, 0.8855796456336975, 0.29532378911972046, 0.6359288096427917, 0.9999710321426392, 0.4999859929084778, 1.0, 1.0
15, 4, 5, 13, 17, 18, 19, 11, 12, 14, 20, 10, 9, 8, 7, 2, 3, 16, 1, 6
0.6863068342208862, 0.9184826016426086, 0.3697565197944641, 0.9385072588920593, 0.9920308589935303, 0.9860715270042419, 0.6799893379211426, 0.6678481101989746, 0.9832097291946411, 0.6053287386894226, 0.9526406526565552, 0.9796823859214783, 0.5499155521392822, 0.4870476722717285, 0.8365218639373779, 0.9097415804862976, 0.4134957492351532, 0.5496694445610046, 0.33099228143692017, 0.600120484828949, 0.3181058168411255, 0.40440770983695984, 0.4138200879096985, 0.403063029050827, 0.30920717120170593, 0.29762282967567444, 0.8160739541053772, 0.6958682537078857, 0.6722599864006042, 0.5273085832595825, 0.999998927116394
11, 6, 4, 12, 14, 13, 2, 5, 10, 7, 1, 3, 17, 9, 8, 16, 15, 19, 20, 18
0.6602710485458374, 0.6554551720619202, 0.8117351531982422, 0.46257174015045166, 0.8388480544090271, 0.608634889125824, 0.8661156296730042, 0.8451724648475647, 0.5255081057548523, 0.9669625759124756, 0.7961965799331665, 0.4651232361793518, 0.39352914690971375, 0.7045620679855347, 0.302685409784317, 0.39337480068206787, 0.2752561569213867, 0.33458957076072693, 0.46465998888015747, 0.3597573935985565, 0.5421075224876404, 0.6113401055335999, 0.2782365679740906, 0.6441938877105713, 0.4289393723011017, 0.5698392987251282, 0.515595555305481, 0.8871920704841614, 0.9999988079071045, 0.9999994039535522, 0.9999933242797852
6, 1, 2, 4, 7, 8, 9, 15, 16, 17, 18, 5, 10, 11, 12, 13, 14, 19, 20, 3
0.6900520920753479, 0.9022958874702454, 0.8292941451072693, 0.5347000360488892, 0.9674582481384277, 0.4598558843135834, 0.9340628981590271, 0.6653338670730591, 0.6869260668754578, 0.9067415595054626, 0.9087992906570435, 0.9852924942970276, 0.9584843516349792, 0.7891481518745422, 0.9228987693786621, 0.34326010942459106, 0.7652744650840759, 0.5721544027328491, 0.9701884388923645, 0.8653865456581116, 0.9999653100967407, 0.9987471103668213, 0.99915611743927, 0.8408365845680237, 0.9975594282150269, 0.9693191647529602, 0.9204965233802795, 0.999997615814209, 0.6224552392959595, 1.0, 0.9999998807907104
12, 8, 6, 10, 11, 16, 7, 2, 13, 1, 15, 3, 4, 14, 18, 9, 19, 20, 5, 17
0.9800784587860107, 0.9975448250770569, 0.6174126863479614, 0.49553045630455017, 0.556239664554596, 0.4826846718788147, 0.8240801095962524, 0.43002748489379883, 0.7621945738792419, 0.8128431439399719, 0.3735595941543579, 0.6243762373924255, 0.822685956954956, 0.7612276673316956, 0.5008568167686462, 0.4506791830062866, 0.5385230779647827, 0.5117252469062805, 0.8249335885047913, 0.485231876373291, 0.7613633871078491, 0.7923062443733215, 0.981846034526825, 0.7180929183959961, 0.6381575465202332, 0.8152069449424744, 0.5664322376251221, 0.9999998807907104, 0.863369882106781, 0.9999996423721313, 0.9999974966049194
1, 3, 4, 5, 10, 19, 16, 7, 2, 11, 14, 18, 12, 13, 15, 6, 17, 8, 9, 20
0.983262300491333, 0.999763548374176, 0.44848179817199707, 0.9992938041687012, 0.5160714387893677, 0.6804632544517517, 0.8316542506217957, 0.6106821298599243, 0.8689343333244324, 0.9911260008811951, 0.8158054947853088, 0.4972836971282959, 0.8806928992271423, 0.7657046914100647, 0.9820709228515625, 0.9815546870231628, 0.926663875579834, 0.5165128111839294, 0.7820061445236206, 0.9536406993865967, 0.9720681309700012, 0.9983186721801758, 0.319591760635376, 0.9825478196144104, 0.7132163047790527, 0.7535418272018433, 0.9999940395355225, 0.9278551936149597, 0.9999949932098389, 0.9999985694885254, 0.9999998807907104
