5, 6, 7, 11, 13, 12, 15, 18, 1, 4, 8, 9, 10, 14, 16, 17, 2, 3, 19, 20
0.6483237743377686, 0.41641971468925476, 0.782728374004364, 0.6234813928604126, 0.44856804609298706, 0.984386146068573, 0.8941017985343933, 0.8722682595252991, 0.4388885796070099, 0.9228201508522034, 0.6239745616912842, 0.9145229458808899, 0.8333582282066345, 0.5269790291786194, 0.30485087633132935, 0.494467169046402, 0.9093264937400818, 0.9996644258499146, 0.975771963596344, 0.9968481659889221, 0.568545401096344, 0.9867450594902039, 0.9014595746994019, 0.9959866404533386, 0.9958613514900208, 0.7265939712524414, 0.9989713430404663, 0.9758963584899902, 0.9999710321426392, 0.9999686479568481, 0.9999979734420776
6, 7, 8, 9, 1, 2, 3, 4, 5, 11, 12, 13, 14, 15, 10, 16, 20, 17, 18, 19
0.6504457592964172, 0.8626894950866699, 0.9778972268104553, 0.9997885823249817, 0.6712125539779663, 0.9992268085479736, 0.9487550854682922, 0.9970945119857788, 0.9999486207962036, 0.9990523457527161, 0.46204447746276855, 0.9993423819541931, 0.9830875992774963, 0.9999853372573853, 0.9987428784370422, 0.9981586337089539, 0.49933338165283203, 0.9999381303787231, 0.9840406179428101, 0.9502750635147095, 0.8789396286010742, 0.5504431128501892, 0.989779531955719, 0.8006318211555481, 0.9999990463256836, 0.9999499320983887, 0.7708723545074463, 0.9999954700469971, 0.9978360533714294, 0.9999954700469971, 0.9999971389770508
1, 5, 4, 12, 15, 13, 14, 18, 2, 17, 11, 9, 20, 16, 3, 19, 6, 10, 8, 7
0.9833940863609314, 0.4873751103878021, 0.615098774433136, 0.6115368008613586, 0.6042348146438599, 0.5572706460952759, 0.7089857459068298, 0.6990850567817688, 0.5674397945404053, 0.9836244583129883, 0.9942914247512817, 0.6159670352935791, 0.5410693883895874, 0.5495659112930298, 0.6001009941101074, 0.45660820603370667, 0.4298010766506195, 0.7562452554702759, 0.2914569675922394, 0.9460552930831909, 0.9999978542327881, 0.5612913966178894, 0.6602177619934082, 0.45986929535865784, 0.7956168055534363, 0.9799414873123169, 0.7250930666923523, 0.8158043622970581, 0.9999942779541016, 0.6959377527236938, 0.9999510049819946
5, 11, 12, 7, 1, 6, 8, 13, 15, 17, 18, 14, 20, 9, 10, 19, 16, 2, 3, 4
0.4156997501850128, 0.7634329795837402, 0.605118989944458, 0.7512460947036743, 0.9742279052734375, 0.7019253373146057, 0.7670713663101196, 0.7306902408599854, 0.5470390915870667, 0.5458628535270691, 0.2575931251049042, 0.6672798991203308, 0.595612645149231, 0.46569833159446716, 0.4887298047542572, 0.988218367099762, 0.9944378137588501, 0.6130111217498779, 0.43230077624320984, 0.6026678085327148, 0.857664167881012, 0.400752991437912, 0.9963255524635315, 0.9925025701522827, 0.5366060733795166, 0.7657771706581116, 0.4901082217693329, 0.9999517202377319, 0.8549032211303711, 0.9595423340797424, 0.9999351501464844
1, 2, 3, 4, 5, 6, 7, 8, 9, 10, 11, 14, 15, 16, 17, 18, 19, 20, 12, 13
0.9926438927650452, 0.9800281524658203, 0.9705091118812561, 0.7637677192687988, 0.9845530986785889, 0.990017831325531, 0.6966208815574646, 0.9550948143005371, 0.6260895133018494, 0.999977707862854, 0.9144369959831238, 0.9999538660049438, 0.9972472786903381, 0.9999747276306152, 0.6188915967941284, 0.9999610185623169, 0.9478432536125183, 0.9999691247940063, 0.9983888864517212, 0.9999327659606934, 0.9991967082023621, 0.9999179840087891, 0.9991002082824707, 0.9909862875938416, 0.9972662925720215, 0.9975610971450806, 0.9999996423721313, 0.9999954700469971, 0.9822437167167664, 0.9999985694885254, 0.9999978542327881
2, 7, 10, 8, 11, 1, 18, 13, 16, 5, 14, 15, 17, 4, 3, 9, 12, 20, 19, 6
0.9783254861831665, 0.9868628978729248, 0.918123185634613, 0.998063862323761, 0.6399220824241638, 0.7201529145240784, 0.5529178977012634, 0.7645427584648132, 0.990037202835083, 0.9965651631355286, 0.3714432120323181, 0.4966747462749481, 0.9823174476623535, 0.99405437707901, 0.5965926647186279, 0.8546251058578491, 0.6629074215888977, 0.8349553942680359, 0.5079246163368225, 0.8207087516784668, 0.92086261510849, 0.46200814843177795, 0.5347288250923157, 0.707068920135498, 0.9994975328445435, 0.9998939037322998, 0.4355311989784241, 0.9999984502792358, 0.982002854347229, 0.9999963045120239, 0.9999897480010986
6, 8, 12, 18, 7, 10, 1, 2, 9, 11, 17, 20, 3, 4, 5, 14, 19, 15, 16, 13
0.6138119697570801, 0.6465580463409424, 0.6849158406257629, 0.5512629747390747, 0.8163001537322998, 0.9658371806144714, 0.6501951813697815, 0.755947470664978, 0.3368827998638153, 0.5844876170158386, 0.9836814403533936, 0.727782130241394, 0.9612218141555786, 0.6013099551200867, 0.8766313195228577, 0.536689817905426, 0.741887092590332, 0.9999983310699463, 0.6367079019546509, 0.990956723690033, 0.9995655417442322, 0.9999568462371826, 0.9778745770454407, 0.9999712705612183, 0.6831685304641724, 0.9999939203262329, 0.5243203043937683, 0.9999977350234985, 0.9999116659164429, 0.9999963045120239, 0.9999935626983643
5, 6, 14, 19, 1, 9, 13, 4, 18, 20, 2, 3, 10, 11, 7, 8, 15, 16, 12, 17
0.3785513937473297, 0.8196229934692383, 0.5083103775978088, 0.5720852017402649, 0.5203955769538879, 0.6886182427406311, 0.42925089597702026, 0.4831370413303375, 0.9843420386314392, 0.9990307092666626, 0.5416036248207092, 0.7154326438903809, 0.6530615091323853, 0.7074050903320312, 0.6547890901565552, 0.7069733738899231, 0.9937248826026917, 0.9304735660552979, 0.9789471626281738, 0.9970368146896362, 0.9988378882408142, 0.5727584958076477, 0.9996168613433838, 0.9999793767929077, 0.9501971006393433, 0.9999948740005493, 0.9999126195907593, 0.9999964237213135, 0.7216978073120117, 0.9999967813491821, 0.9999969005584717
1, 2, 4, 7, 8, 9, 17, 18, 19, 10, 11, 12, 13, 14, 15, 16, 5, 6, 20, 3
0.9154976606369019, 0.9531705379486084, 0.8434635996818542, 0.5406872630119324, 0.9819247722625732, 0.6612821817398071, 0.8452538847923279, 0.7629612684249878, 0.9676880240440369, 0.9487688541412354, 0.9892213344573975, 0.9955463409423828, 0.7274710536003113, 0.5724371671676636, 0.9918025135993958, 0.9680960178375244, 0.99909508228302, 0.9691558480262756, 0.9998264908790588, 0.9933300614356995, 0.9998615980148315, 0.9970811009407043, 0.9999600648880005, 0.9984976053237915, 0.9999635219573975, 0.9999995231628418, 0.5246232748031616, 0.9623779654502869, 0.7394474744796753, 0.999998927116394, 0.9914207458496094
18, 4, 11, 10, 2, 13, 7, 12, 17, 3, 14, 6, 19, 1, 5, 9, 16, 15, 20, 8
0.6482046246528625, 0.9286271929740906, 0.45151588320732117, 0.8392642140388489, 0.8158919215202332, 0.7328605055809021, 0.9458435773849487, 0.8363996744155884, 0.7046020030975342, 0.6638078093528748, 0.7147272229194641, 0.9347209930419922, 0.7830867171287537, 0.8472935557365417, 0.8555574417114258, 0.6140254139900208, 0.6068804860115051, 0.9992814660072327, 0.9220069050788879, 0.9018461108207703, 0.4802088439464569, 0.6241778135299683, 0.8387780785560608, 0.8055623173713684, 0.9997385144233704, 0.9986976385116577, 0.8043797016143799, 0.9998482465744019, 0.5884443521499634, 0.9999899864196777, 0.9998231530189514
1, 2, 3, 4, 6, 9, 10, 11, 12, 14, 18, 19, 20, 7, 13, 15, 16, 17, 5, 8
0.911532461643219, 0.994379460811615, 0.7319887280464172, 0.6790387034416199, 0.9192619323730469, 0.38495302200317383, 0.9774519801139832, 0.5469580292701721, 0.9766166806221008, 0.6730389595031738, 0.9810137152671814, 0.9567616581916809, 0.9924646615982056, 0.9180160164833069, 0.9801138043403625, 0.7285446524620056, 0.6761784553527832, 0.8917840719223022, 0.6612905263900757, 0.9999985694885254, 0.42801785469055176, 0.9636826515197754, 0.9955641031265259, 0.41706588864326477, 0.6831162571907043, 0.9904679656028748, 0.9935097098350525, 0.5079628229141235, 0.9999936819076538, 0.739410400390625, 0.9975628852844238
3, 1, 14, 4, 11, 13, 15, 17, 9, 6, 19, 8, 5, 7, 2, 10, 16, 12, 20, 18
0.7621429562568665, 0.9879763722419739, 0.760409414768219, 0.9997280240058899, 0.9814514517784119, 0.8665082454681396, 0.4313802421092987, 0.9964826107025146, 0.9445484280586243, 0.990116536617279, 0.914911150932312, 0.9591066837310791, 0.9686219692230225, 0.6437243223190308, 0.43708741664886475, 0.8011024594306946, 0.9998897314071655, 0.500056803226471, 0.8709614872932434, 0.566498339176178, 0.9004969596862793, 0.7851871848106384, 0.6915955543518066, 0.7370918393135071, 0.79920893907547, 0.5311926007270813, 0.8577267527580261, 0.7634696364402771, 0.9999986886978149, 0.9999879598617554, 0.9999642372131348
18, 13, 14, 1, 2, 3, 4, 5, 9, 10, 16, 17, 7, 8, 15, 20, 11, 12, 19, 6
0.9687336683273315, 0.8859497308731079, 0.8921727538108826, 0.4107770621776581, 0.9453346729278564, 0.9631368517875671, 0.6667481660842896, 0.8806266188621521, 0.9896259903907776, 0.3189060091972351, 0.9921962022781372, 0.48793840408325195, 0.9915715456008911, 0.9926766157150269, 0.6938075423240662, 0.773824155330658, 0.9917212128639221, 0.9986627101898193, 0.5301962494850159, 0.9113522171974182, 0.9972426891326904, 0.9336391687393188, 0.7105664610862732, 0.9999996423721313, 0.8740596175193787, 0.5240731239318848, 0.9973612427711487, 0.9990874528884888, 0.6892970204353333, 0.9999896287918091, 0.9996640682220459
1, 2, 3, 5, 8, 11, 15, 16, 17, 18, 10, 13, 12, 7, 4, 6, 9, 19, 20, 14
0.972809910774231, 0.6344043612480164, 0.8167520761489868, 0.5347235798835754, 0.9313443303108215, 0.9280726909637451, 0.834190309047699, 0.985029399394989, 0.9487243890762329, 0.9088647365570068, 0.468885213136673, 0.9932190775871277, 0.8511711359024048, 0.9982840418815613, 0.9951716065406799, 0.4369375705718994, 0.8010751008987427, 0.4984111785888672, 0.6967453956604004, 0.3708832561969757, 0.988680362701416, 0.5141425132751465, 0.8684401512145996, 0.8915281891822815, 0.6842121481895447, 0.985714852809906, 0.9241279363632202, 0.8459370732307434, 0.9999995231628418, 0.9999948740005493, 0.9999959468841553
3, 11, 16, 1, 2, 10, 4, 8, 9, 14, 15, 17, 18, 19, 20, 5, 6, 7, 12, 13
0.5224190950393677, 0.9980295300483704, 0.6552826166152954, 0.9996426105499268, 0.9939640164375305, 0.9898785352706909, 0.6371273398399353, 0.6004269123077393, 0.9873802661895752, 0.5253766179084778, 0.6060145497322083, 0.9947963356971741, 0.9911327958106995, 0.9796778559684753, 0.9996944665908813, 0.987059473991394, 0.9994155168533325, 0.9524096250534058, 0.9999730587005615, 0.9918102622032166, 0.9992638230323792, 0.9999979734420776, 0.9731460809707642, 0.9999998807907104, 0.8588250279426575, 0.7829721570014954, 0.9991938471794128, 0.999993085861206, 0.9747866988182068, 0.9999986886978149, 0.9999998807907104
1, 2, 5, 12, 14, 6, 11, 10, 3, 18, 19, 13, 4, 8, 15, 16, 20, 7, 9, 17
0.9777094125747681, 0.6074711680412292, 0.8076832294464111, 0.8951702117919922, 0.7437241077423096, 0.6167165637016296, 0.8572124242782593, 0.5121356248855591, 0.8900395631790161, 0.895249605178833, 0.42281678318977356, 0.9164443016052246, 0.38310837745666504, 0.7511832118034363, 0.5489530563354492, 0.9966044425964355, 0.9020944833755493, 0.9720426201820374, 0.9931877851486206, 0.4649566411972046, 0.4591243267059326, 0.513494610786438, 0.9824649691581726, 0.9933841824531555, 0.9997192025184631, 0.6915731430053711, 0.999998927116394, 0.4927792549133301, 0.9748169779777527, 0.9999979734420776, 0.9999964237213135
1, 2, 4, 6, 11, 3, 5, 10, 7, 18, 17, 13, 12, 14, 15, 16, 19, 20, 8, 9
0.9885149598121643, 0.8311144113540649, 0.6400253772735596, 0.6441665291786194, 0.439467191696167, 0.8507226705551147, 0.5287849307060242, 0.9920960664749146, 0.5398299694061279, 0.5078020691871643, 0.6739256978034973, 0.9722866415977478, 0.9756612777709961, 0.8158203363418579, 0.4303836226463318, 0.9673323035240173, 0.8927460312843323, 0.8127860426902771, 0.5823968052864075, 0.9988529682159424, 0.9764643311500549, 0.9999481439590454, 0.9994372725486755, 0.9949817061424255, 0.9937014579772949, 0.866479754447937, 0.9999618530273438, 0.9994826316833496, 0.9999997615814209, 0.8078514337539673, 0.9999706745147705
1, 3, 9, 2, 6, 7, 13, 17, 8, 16, 18, 19, 10, 11, 12, 14, 15, 20, 4, 5
0.9329701662063599, 0.46974655985832214, 0.7112792730331421, 0.8658413887023926, 0.987987220287323, 0.999853253364563, 0.9939069151878357, 0.7962762117385864, 0.9979185461997986, 0.9966896772384644, 0.8552382588386536, 0.9989620447158813, 0.9983946681022644, 0.526645839214325, 0.9164790511131287, 0.9982118606567383, 0.9995169639587402, 0.4840668737888336, 0.617798388004303, 0.9548041224479675, 0.9695740342140198, 0.9472636580467224, 0.994847297668457, 0.563652753829956, 0.6150233149528503, 0.5926320552825928, 0.9999330043792725, 0.8866271376609802, 0.9999955892562866, 0.7459312677383423, 0.9974029660224915
2, 1, 5, 3, 8, 16, 17, 20, 9, 18, 7, 13, 6, 10, 11, 12, 14, 19, 4, 15
0.6616353392601013, 0.6996027827262878, 0.8931512832641602, 0.8815111517906189, 0.5567509531974792, 0.37272754311561584, 0.9082396030426025, 0.5857295989990234, 0.6138439774513245, 0.7258319854736328, 0.9999995231628418, 0.43086889386177063, 0.44254860281944275, 0.8512840867042542, 0.49390506744384766, 0.6174595355987549, 0.983045220375061, 0.43056532740592957, 0.7689875364303589, 0.28025567531585693, 0.9642198085784912, 0.41908761858940125, 0.9958558678627014, 0.8046697974205017, 0.9995827078819275, 0.9973782300949097, 0.9802486300468445, 0.8840058445930481, 0.851935625076294, 0.9999880790710449, 0.9999772310256958
2, 3, 7, 8, 9, 18, 19, 20, 4, 11, 12, 13, 1, 5, 6, 10, 16, 17, 14, 15
0.640056848526001, 0.7230656743049622, 0.4556138813495636, 0.9697861075401306, 0.5347273945808411, 0.8475411534309387, 0.44551557302474976, 0.771085262298584, 0.949488639831543, 0.9851319193840027, 0.9999988079071045, 0.6716012358665466, 0.9663300514221191, 0.9737474322319031, 0.9999345541000366, 0.9998518228530884, 0.9652859568595886, 0.8329831957817078, 0.6419445872306824, 0.8697034120559692, 0.9998241066932678, 0.999950647354126, 0.9756755828857422, 0.9999773502349854, 0.5039483308792114, 0.9999978542327881, 0.9992269277572632, 0.9999935626983643, 0.989888608455658, 0.9999986886978149, 0.9999977350234985
1, 2, 3, 4, 5, 10, 7, 8, 13, 14, 15, 16, 17, 18, 11, 12, 19, 20, 9, 6
0.9697633385658264, 0.9947057366371155, 0.9801850318908691, 0.9958456158638, 0.999678373336792, 0.40287306904792786, 0.9476929903030396, 0.6676822900772095, 0.4698552191257477, 0.520081639289856, 0.48704251646995544, 0.9990572333335876, 0.8902411460876465, 0.997961163520813, 0.9918283224105835, 0.9998743534088135, 0.9995985627174377, 0.9124891757965088, 0.4041893184185028, 0.9997432827949524, 0.9995613694190979, 0.6874873042106628, 0.750125527381897, 0.9997689127922058, 0.9999450445175171, 0.47831836342811584, 0.9999719858169556, 0.9807433485984802, 0.9999994039535522, 0.6948580741882324, 0.9948552846908569
1, 2, 3, 4, 5, 7, 6, 8, 12, 13, 14, 15, 16, 17, 11, 9, 10, 19, 18, 20
0.7226921916007996, 0.5280939340591431, 0.6465807557106018, 0.9801494479179382, 0.9659082293510437, 0.5270018577575684, 0.6446037888526917, 0.6562833786010742, 0.9472896456718445, 0.9947105646133423, 0.8265177607536316, 0.4900504946708679, 0.9906845092773438, 0.9671458005905151, 0.9663172960281372, 0.905860185623169, 0.9986770749092102, 0.9948344230651855, 0.9971357583999634, 0.9858383536338806, 0.7179767489433289, 0.8126706480979919, 0.5996556282043457, 0.9999828338623047, 0.8215520977973938, 0.9999327659606934, 0.9923880100250244, 0.9136592745780945, 0.995364785194397, 0.9997777342796326, 0.9999992847442627
1, 2, 3, 4, 5, 6, 7, 8, 9, 10, 11, 12, 13, 14, 15, 16, 17, 18, 19, 20
0.9986264705657959, 0.9891742467880249, 0.6630182862281799, 0.9075777530670166, 0.9913289546966553, 0.9964867830276489, 0.9730284810066223, 0.9987890124320984, 0.9984446167945862, 0.9996302127838135, 0.9972902536392212, 0.9995070695877075, 0.9992774128913879, 0.9959772229194641, 0.5127311944961548, 0.9996753931045532, 0.9997969269752502, 0.9962835907936096, 0.9981330037117004, 0.9999183416366577, 0.9998695850372314, 0.9999821186065674, 0.9999737739562988, 0.9999916553497314, 0.9999935626983643, 0.9999969005584717, 0.9999521970748901, 0.99996018409729, 0.9999978542327881, 0.9997046589851379, 0.9999995231628418
3, 8, 9, 14, 10, 16, 1, 2, 5, 6, 17, 7, 11, 20, 15, 19, 18, 13, 4, 12
0.8095198273658752, 0.9081149101257324, 0.9964331388473511, 0.9695828557014465, 0.8739286065101624, 0.8740394711494446, 0.4836355447769165, 0.8622827529907227, 0.647224485874176, 0.7553264498710632, 0.9886385798454285, 0.9501113295555115, 0.9994097948074341, 0.5332127213478088, 0.944415807723999, 0.7945297956466675, 0.9942827224731445, 0.9979709982872009, 0.8398625254631042, 0.9999995231628418, 0.7024936079978943, 0.9150620698928833, 0.5156047940254211, 0.8042377829551697, 0.8740647435188293, 0.9149311780929565, 0.5350931286811829, 0.9736353754997253, 0.5234161019325256, 0.9999964237213135, 0.9999799728393555
2, 1, 4, 5, 6, 7, 8, 10, 11, 9, 12, 13, 14, 15, 16, 18, 19, 3, 17, 20
0.6521971225738525, 0.27640223503112793, 0.7086165547370911, 0.5109836459159851, 0.9413398504257202, 0.6435846090316772, 0.4254104793071747, 0.5446171164512634, 0.9660568833351135, 0.46723440289497375, 0.6869425773620605, 0.406480997800827, 0.6146457195281982, 0.5429958701133728, 0.9898814558982849, 0.9690157771110535, 0.9981939196586609, 0.977992594242096, 0.9992316961288452, 0.9967779517173767, 0.9799044132232666, 0.9974599480628967, 0.6754319071769714, 0.8465284109115601, 0.711969256401062, 0.9723536968231201, 0.8944054245948792, 0.9993466734886169, 0.9999511241912842, 0.896193265914917, 0.9999325275421143
1, 2, 4, 5, 6, 7, 8, 9, 10, 11, 12, 13, 14, 15, 16, 17, 19, 20, 3, 18
0.9945043325424194, 0.5163617134094238, 0.5117235779762268, 0.9739911556243896, 0.786486804485321, 0.991496741771698, 0.7796594500541687, 0.8686385750770569, 0.9936863780021667, 0.6771489381790161, 0.9927915334701538, 0.8369030356407166, 0.9997643828392029, 0.9823863506317139, 0.9999001026153564, 0.9957764744758606, 0.9998235106468201, 0.9986156225204468, 0.9992715716362, 0.9985997080802917, 0.99443519115448, 0.9995273351669312, 0.9994726777076721, 0.9991790652275085, 0.993382453918457, 0.999906063079834, 0.9803242087364197, 0.9999991655349731, 0.9207837581634521, 0.9999860525131226, 0.9969454407691956
1, 2, 3, 7, 4, 14, 18, 12, 9, 10, 11, 13, 16, 5, 8, 15, 17, 6, 16, 19
0.9624831080436707, 0.9992302656173706, 0.9975551962852478, 0.7342361807823181, 0.530709981918335, 0.8499869704246521, 0.9648285508155823, 0.7982086539268494, 0.6503870487213135, 0.7398261427879333, 0.5511452555656433, 0.5228455066680908, 0.9942876696586609, 0.9079808592796326, 0.9503132700920105, 0.7635437250137329, 0.8452991247177124, 0.5454418659210205, 0.5699868202209473, 0.5431642532348633, 0.48588892817497253, 0.8225884437561035, 0.9959639310836792, 0.9743831753730774, 0.8373922109603882, 0.9998424053192139, 0.9994693398475647, 0.9990014433860779, 0.666907787322998, 0.9658896923065186, 0.8206327557563782
1, 2, 4, 15, 16, 17, 18, 19, 20, 12, 9, 10, 11, 13, 14, 6, 3, 5, 7, 8
0.995055079460144, 0.7548853754997253, 0.8607338666915894, 0.9194766283035278, 0.5474146604537964, 0.9948474168777466, 0.9916186928749084, 0.9985054731369019, 0.9804761409759521, 0.9975226521492004, 0.9683263301849365, 0.9748635292053223, 0.999895453453064, 0.9966573715209961, 0.9999998807907104, 0.5593501925468445, 0.5415275692939758, 0.537270724773407, 0.968441903591156, 0.9759613275527954, 0.7424895763397217, 0.5776424407958984, 0.806764543056488, 0.9861422181129456, 0.9976003766059875, 0.9999986886978149, 0.7156074643135071, 0.8171157836914062, 0.9867066740989685, 0.8695030212402344, 0.9998576641082764
1, 2, 3, 6, 7, 10, 11, 4, 5, 19, 20, 12, 14, 8, 9, 15, 16, 17, 18, 13
0.9312500357627869, 0.9725301265716553, 0.9559260010719299, 0.49854975938796997, 0.997945249080658, 0.5245887637138367, 0.9773890972137451, 0.9951134324073792, 0.9998179078102112, 0.6557250618934631, 0.9985913634300232, 0.5850328207015991, 0.7415795922279358, 0.9859004616737366, 0.9999994039535522, 0.8552209138870239, 0.5915692448616028, 0.8003010153770447, 0.9980474710464478, 0.7991617918014526, 0.9994593262672424, 0.9999483823776245, 0.7818945646286011, 0.9999349117279053, 0.9739869832992554, 0.9999958276748657, 0.9959933757781982, 0.999997615814209, 0.9999842643737793, 0.9999973773956299, 0.9999964237213135
3, 5, 7, 12, 6, 4, 18, 19, 11, 15, 16, 1, 2, 8, 10, 14, 13, 9, 17, 20
0.7358222007751465, 0.9249967932701111, 0.4766576886177063, 0.7256485223770142, 0.7809122204780579, 0.43303900957107544, 0.6750807166099548, 0.512741208076477, 0.47332119941711426, 0.9976319074630737, 0.9684340953826904, 0.8262448906898499, 0.571147620677948, 0.8634529709815979, 0.7781212329864502, 0.9960971474647522, 0.9926835894584656, 0.5043795704841614, 0.8447555899620056, 0.5191838145256042, 0.999306321144104, 0.8040858507156372, 0.9974714517593384, 0.992889404296875, 0.49686962366104126, 0.9737061262130737, 0.9683864712715149, 0.7772767543792725, 0.9999697208404541, 0.9985332489013672, 0.9999933242797852
3, 13, 10, 8, 16, 17, 18, 19, 20, 1, 2, 4, 5, 6, 7, 9, 11, 12, 14, 15
0.898875892162323, 0.5378110408782959, 0.44307851791381836, 0.7681295275688171, 0.8003983497619629, 0.5129102468490601, 0.38773077726364136, 0.7681361436843872, 0.9968175888061523, 0.7432199716567993, 0.9997015595436096, 0.9494988918304443, 0.9995681643486023, 0.9998164772987366, 0.7856653332710266, 0.9847855567932129, 0.4928547143936157, 0.9969013929367065, 0.9807038307189941, 0.9914560914039612, 0.9999743700027466, 0.9121232628822327, 0.9333904981613159, 0.9999953508377075, 0.9843438863754272, 0.9999589920043945, 0.9018560647964478, 0.9999455213546753, 0.9998975992202759, 0.9999972581863403, 0.9999945163726807
1, 2, 3, 4, 6, 7, 8, 13, 16, 10, 11, 12, 14, 15, 17, 18, 20, 9, 19, 5
0.9797771573066711, 0.8489737510681152, 0.9322192072868347, 0.9481307864189148, 0.6919111609458923, 0.9495890736579895, 0.997568666934967, 0.6497974991798401, 0.5183967351913452, 0.8628879189491272, 0.5606793761253357, 0.7888413667678833, 0.5857135057449341, 0.9432867765426636, 0.8591842651367188, 0.9949080348014832, 0.9721716046333313, 0.9921948909759521, 0.9868786931037903, 0.9990267753601074, 0.9990365505218506, 0.9960119724273682, 0.9838240146636963, 0.9363464713096619, 0.9996854066848755, 0.8739675283432007, 0.9999994039535522, 0.8918452262878418, 0.9046378135681152, 0.9999438524246216, 0.9969655871391296
2, 1, 3, 4, 5, 6, 9, 10, 12, 13, 17, 18, 20, 8, 11, 14, 15, 16, 19, 7
0.7211507558822632, 0.7643134593963623, 0.953315019607544, 0.5420584678649902, 0.9814837574958801, 0.8607649207115173, 0.46863552927970886, 0.9956352114677429, 0.5385733246803284, 0.979225218296051, 0.905386209487915, 0.9936125874519348, 0.9997585415840149, 0.9569190740585327, 0.9200268387794495, 0.5113030672073364, 0.9674083590507507, 0.9898507595062256, 0.9999995231628418, 0.6080861687660217, 0.8175347447395325, 0.37827223539352417, 0.9692767858505249, 0.9554422497749329, 0.9609212279319763, 0.845663845539093, 0.9018795490264893, 0.8947672843933105, 0.682551920413971, 0.9999819993972778, 0.9995669722557068
3, 4, 5, 6, 7, 8, 1, 2, 9, 16, 17, 18, 20, 10, 11, 19, 12, 14, 15, 13
0.6945807933807373, 0.8986389636993408, 0.9532422423362732, 0.9830529689788818, 0.9789589047431946, 0.9974834322929382, 0.5506952404975891, 0.9995777010917664, 0.8595380783081055, 0.9959399700164795, 0.46311885118484497, 0.878996729850769, 0.5719868540763855, 0.8396111726760864, 0.6933396458625793, 0.6513277292251587, 0.9999988079071045, 0.9999598264694214, 0.44263219833374023, 0.9998635053634644, 0.954199492931366, 0.9999250173568726, 0.5656076073646545, 0.9999767541885376, 0.9767729043960571, 0.9996383190155029, 0.8645539879798889, 0.9999417066574097, 0.8553869724273682, 0.9999889135360718, 0.9999797344207764
1, 2, 3, 4, 14, 15, 16, 17, 18, 19, 12, 5, 6, 7, 8, 9, 10, 11, 13, 20
0.7755432724952698, 0.9017104506492615, 0.9647876620292664, 0.958947479724884, 0.7171750664710999, 0.8064194321632385, 0.9993220567703247, 0.9985137581825256, 0.9877070784568787, 0.49320387840270996, 0.9587795734405518, 0.7356167435646057, 0.9957950115203857, 0.994067907333374, 0.9652819633483887, 0.6639544367790222, 0.6923653483390808, 0.9384647607803345, 0.296575129032135, 0.9987228512763977, 0.5340059995651245, 0.6974673271179199, 0.9984103441238403, 0.9979730248451233, 0.8963843584060669, 0.9999701976776123, 0.9996861219406128, 0.9273582100868225, 0.9999957084655762, 0.9905823469161987, 0.9999990463256836
1, 2, 3, 4, 5, 6, 7, 8, 9, 10, 11, 12, 13, 14, 15, 16, 17, 18, 19, 20
0.9564065337181091, 0.990139901638031, 0.9588679075241089, 0.9962798953056335, 0.8787248730659485, 0.996785044670105, 0.9983300566673279, 0.9987924098968506, 0.9955516457557678, 0.9998970031738281, 0.9899096488952637, 0.9996577501296997, 0.9993591904640198, 0.9999668598175049, 0.9958558678627014, 0.9999752044677734, 0.9999184608459473, 0.9999451637268066, 0.9993085861206055, 0.996224045753479, 0.9837852716445923, 0.9953085780143738, 0.9998972415924072, 0.6297652721405029, 0.997252881526947, 0.9997404217720032, 0.999933123588562, 0.9136692881584167, 0.9999513626098633, 0.9996203184127808, 0.9999992847442627
2, 1, 7, 4, 6, 11, 5, 18, 10, 3, 9, 20, 15, 16, 17, 19, 8, 12, 14, 13
0.9367668032646179, 0.8971899151802063, 0.5047760605812073, 0.7497514486312866, 0.7935939431190491, 0.8216445446014404, 0.5454469919204712, 0.5709452033042908, 0.9935675263404846, 0.971636950969696, 0.8854712247848511, 0.98861163854599, 0.4703429639339447, 0.9907035827636719, 0.9304133057594299, 0.9999991655349731, 0.9031907320022583, 0.7087402939796448, 0.9987462759017944, 0.9543368816375732, 0.9998965263366699, 0.9005195498466492, 0.9457841515541077, 0.994674801826477, 0.5812705159187317, 0.9999209642410278, 0.9772786498069763, 0.999891996383667, 0.9759290814399719, 0.9999871253967285, 0.9999963045120239
1, 3, 4, 2, 7, 6, 5, 8, 9, 10, 11, 15, 12, 13, 19, 17, 18, 20, 14, 16
0.9985905289649963, 0.4976305067539215, 0.9586564302444458, 0.5402266383171082, 0.8299252390861511, 0.5379500389099121, 0.9359027743339539, 0.7333595752716064, 0.9045576453208923, 0.9999773502349854, 0.9122525453567505, 0.9999711513519287, 0.9994105100631714, 0.989072322845459, 0.4981426000595093, 0.9922513365745544, 0.7087152600288391, 0.9999758005142212, 0.9998688697814941, 0.9603248834609985, 0.47484123706817627, 0.6688259840011597, 0.5912421941757202, 0.9968128800392151, 0.9992249011993408, 0.9805644154548645, 0.9999986886978149, 0.9999781847000122, 0.8128387331962585, 0.9999963045120239, 0.9999982118606567
1, 2, 4, 6, 11, 7, 14, 18, 20, 5, 3, 15, 16, 19, 10, 17, 9, 12, 13, 8
0.9728606939315796, 0.9851817488670349, 0.6229778528213501, 0.936247706413269, 0.37837326526641846, 0.8646433353424072, 0.4849773049354553, 0.9615217447280884, 0.9945167899131775, 0.7848528027534485, 0.5650614500045776, 0.4143018424510956, 0.9999992847442627, 0.510898232460022, 0.600854218006134, 0.7670360803604126, 0.5038178563117981, 0.9104949235916138, 0.7445008754730225, 0.7800140380859375, 0.49057334661483765, 0.9211735725402832, 0.9608808755874634, 0.686583399772644, 0.6282870769500732, 0.4872068166732788, 0.913662314414978, 0.8705866932868958, 0.9974461793899536, 0.9999990463256836, 0.9966723918914795
1, 2, 3, 4, 5, 7, 6, 15, 13, 14, 16, 10, 17, 18, 12, 11, 20, 8, 19, 9
0.9961457252502441, 0.9945888519287109, 0.7563135623931885, 0.9251330494880676, 0.9985772371292114, 0.9977582097053528, 0.4761196970939636, 0.808142364025116, 0.4901047945022583, 0.9253425598144531, 0.4177127182483673, 0.9997467398643494, 0.9851164221763611, 0.9990633130073547, 0.7226195931434631, 0.9992024302482605, 0.686739981174469, 0.9984374642372131, 0.972606897354126, 0.9922526478767395, 0.7581760883331299, 0.9964354038238525, 0.5504575371742249, 0.9198465943336487, 0.9997407793998718, 0.4559711515903473, 0.9999988079071045, 0.9729991555213928, 0.8006610870361328, 0.9992596507072449, 0.9953144788742065
2, 1, 3, 4, 5, 6, 7, 8, 9, 10, 11, 12, 13, 14, 15, 16, 17, 18, 19, 20
0.657958447933197, 0.8193408846855164, 0.8310270309448242, 0.8739970326423645, 0.8784792423248291, 0.999173104763031, 0.9596033692359924, 0.9840834736824036, 0.9531037211418152, 0.9998075366020203, 0.8989489674568176, 0.9997199177742004, 0.8225428462028503, 0.9998947381973267, 0.8164787292480469, 0.9999212026596069, 0.9982385635375977, 0.9999624490737915, 0.9977791905403137, 0.9999301433563232, 0.9998472929000854, 0.9999650716781616, 0.9995112419128418, 0.9999064207077026, 0.999889612197876, 0.9998772144317627, 0.998272180557251, 0.9960461258888245, 0.9999961853027344, 0.9998281002044678, 0.9999995231628418
3, 4, 6, 12, 1, 2, 5, 7, 9, 13, 14, 15, 16, 17, 18, 19, 10, 11, 8, 20
0.5935064554214478, 0.8666417002677917, 0.4698476791381836, 0.8577382564544678, 0.9037783741950989, 0.7667065858840942, 0.6333341002464294, 0.8550816774368286, 0.6527608036994934, 0.9873425960540771, 0.9734130501747131, 0.9459065794944763, 0.8330217599868774, 0.7929559946060181, 0.9808756113052368, 0.9740228056907654, 0.9990888833999634, 0.9991523027420044, 0.9998605251312256, 0.998921275138855, 0.9999133348464966, 0.9994452595710754, 0.9943102598190308, 0.9842324256896973, 0.7556868195533752, 0.8887534737586975, 0.7475607395172119, 0.9999830722808838, 0.7570064663887024, 0.99616938829422, 0.999997615814209
1, 12, 13, 4, 9, 10, 11, 2, 8, 16, 17, 7, 20, 3, 15, 5, 6, 19, 18, 14
0.9990284442901611, 0.5798545479774475, 0.9224504828453064, 0.945713996887207, 0.9994495511054993, 0.8541287183761597, 0.7805218696594238, 0.9991645812988281, 0.8375486135482788, 0.9995115995407104, 0.9992563128471375, 0.32101184129714966, 0.9501110911369324, 0.5209016799926758, 0.6492944955825806, 0.9915293455123901, 0.9966530203819275, 0.4928903877735138, 0.8193570971488953, 0.9999995231628418, 0.6448230743408203, 0.8951956629753113, 0.9969016313552856, 0.7891833782196045, 0.9993205070495605, 0.9999657869338989, 0.9936609268188477, 0.9999616146087646, 0.9632028937339783, 0.9999940395355225, 0.9999986886978149
1, 4, 6, 5, 8, 2, 10, 20, 12, 9, 19, 13, 15, 11, 16, 14, 18, 3, 7, 17
0.9874160885810852, 0.5109995007514954, 0.7319522500038147, 0.5160949230194092, 0.7847907543182373, 0.5669884085655212, 0.5560910701751709, 0.4387113153934479, 0.7181707620620728, 0.9999964237213135, 0.6474551558494568, 0.7894025444984436, 0.6891371607780457, 0.9996663331985474, 0.44969144463539124, 0.999417781829834, 0.9775862693786621, 0.998624324798584, 0.7397519946098328, 0.9992565512657166, 0.7866994738578796, 0.9996887445449829, 0.5697240233421326, 0.9995038509368896, 0.9999401569366455, 0.736470103263855, 0.6132357120513916, 0.5815151333808899, 0.975030779838562, 0.9989870190620422, 0.9999963045120239
1, 2, 3, 4, 6, 8, 9, 15, 17, 18, 11, 12, 14, 5, 7, 10, 13, 16, 19, 20
0.9166249632835388, 0.7847263216972351, 0.9627475142478943, 0.9940178394317627, 0.5018207430839539, 0.7224059700965881, 0.4525258243083954, 0.9371289610862732, 0.5796487331390381, 0.9745955467224121, 0.8195605874061584, 0.9920424818992615, 0.9070878624916077, 0.9602065086364746, 0.7309685945510864, 0.9761002063751221, 0.5804582834243774, 0.8753096461296082, 0.9919031262397766, 0.7081323266029358, 0.9825385808944702, 0.9999464750289917, 0.9444589614868164, 0.9998810291290283, 0.8066689968109131, 0.9997386336326599, 0.9872635006904602, 0.9814324975013733, 0.9998868703842163, 0.9901043772697449, 0.9999957084655762
1, 2, 8, 12, 15, 20, 18, 17, 16, 9, 10, 11, 13, 19, 14, 3, 4, 5, 6, 7
0.8414539098739624, 0.6638845205307007, 0.4351789057254791, 0.8539320230484009, 0.9842458367347717, 0.7804921865463257, 0.9048195481300354, 0.5361186265945435, 0.999998927116394, 0.5641300082206726, 0.7551962733268738, 0.8798180222511292, 0.42776885628700256, 0.8506489992141724, 0.3727450966835022, 0.6163889169692993, 0.9990921020507812, 0.8207412362098694, 0.9997918009757996, 0.9988207221031189, 0.49359455704689026, 0.6459361910820007, 0.794219970703125, 0.7371131181716919, 0.7390480637550354, 0.999994158744812, 0.49844932556152344, 0.9901793003082275, 0.9888107776641846, 0.9983310103416443, 0.9996886253356934
2, 5, 13, 4, 17, 18, 9, 1, 3, 16, 19, 10, 6, 20, 15, 12, 14, 7, 11, 8
0.7302322387695312, 0.8074050545692444, 0.43674561381340027, 0.5666666030883789, 0.6141204833984375, 0.46269190311431885, 0.4075551927089691, 0.965035617351532, 0.9973551034927368, 0.4423382580280304, 0.5213670134544373, 0.7353804707527161, 0.8881217837333679, 0.6930989027023315, 0.487078994512558, 0.7218403816223145, 0.5923802256584167, 0.6481502652168274, 0.4714388847351074, 0.7012240886688232, 0.999998927116394, 0.8795414566993713, 0.6110177040100098, 0.7656322121620178, 0.715279757976532, 0.8174379467964172, 0.9975997805595398, 0.9494585990905762, 0.6477861404418945, 0.9999836683273315, 0.9999666213989258
2, 1, 3, 5, 6, 11, 14, 15, 16, 17, 19, 12, 13, 18, 8, 9, 10, 7, 20, 4
0.9062767028808594, 0.84554523229599, 0.5340729355812073, 0.5534427165985107, 0.9757061004638672, 0.7390788793563843, 0.9745587706565857, 0.46629780530929565, 0.46023619174957275, 0.35518965125083923, 0.44995972514152527, 0.49519336223602295, 0.735495388507843, 0.9770663380622864, 0.9923243522644043, 0.5638772249221802, 0.38990306854248047, 0.32957297563552856, 0.6287527084350586, 0.6357415318489075, 0.7735542058944702, 0.3368512988090515, 0.8197051882743835, 0.3115518093109131, 0.5094153881072998, 0.47421690821647644, 0.9999078512191772, 0.4153042137622833, 0.6423632502555847, 0.999994158744812, 0.998791515827179
2, 3, 1, 7, 13, 4, 5, 6, 8, 9, 10, 11, 12, 14, 15, 17, 18, 19, 20, 16
0.5020834803581238, 0.6805296540260315, 0.5908381342887878, 0.7072421312332153, 0.9390050172805786, 0.9981977343559265, 0.7674676775932312, 0.9979661703109741, 0.6116202473640442, 0.8613461256027222, 0.9713980555534363, 0.9999213218688965, 0.956575870513916, 0.9997960925102234, 0.9989587068557739, 0.9998266100883484, 0.999923586845398, 0.9488979578018188, 0.5152296423912048, 0.998908519744873, 0.9995949864387512, 0.988990306854248, 0.8195321559906006, 0.9998249411582947, 0.9957964420318604, 0.9994615912437439, 0.9982163310050964, 0.9615280032157898, 0.9999992847442627, 0.9999850988388062, 0.9999725818634033
10, 11, 18, 19, 16, 1, 3, 12, 20, 15, 13, 14, 2, 5, 9, 6, 8, 4, 17, 7
0.95458984375, 0.43169355392456055, 0.956926167011261, 0.7385411858558655, 0.914223849773407, 0.36685097217559814, 0.9478007555007935, 0.6604208946228027, 0.9198961853981018, 0.8171497583389282, 0.6943644881248474, 0.8165877461433411, 0.9391084909439087, 0.5790631175041199, 0.5811752676963806, 0.9964536428451538, 0.9831010699272156, 0.9164838790893555, 0.4220493733882904, 0.7546875476837158, 0.9960297346115112, 0.999990701675415, 0.3416430354118347, 0.35330653190612793, 0.46976539492607117, 0.4854709506034851, 0.7581576704978943, 0.6682190299034119, 0.9262881278991699, 0.999921441078186, 0.9982696771621704
1, 2, 4, 6, 7, 15, 8, 10, 13, 14, 11, 12, 3, 5, 16, 17, 18, 19, 9, 20
0.45740145444869995, 0.8157616853713989, 0.9185562133789062, 0.9899086952209473, 0.7746978998184204, 0.8708857297897339, 0.8896259069442749, 0.4546917974948883, 0.7199170589447021, 0.6496437191963196, 0.48909059166908264, 0.9394146203994751, 0.5615711808204651, 0.8000364899635315, 0.714430034160614, 0.799659013748169, 0.9293696880340576, 0.9993170499801636, 0.5477045774459839, 0.9543680548667908, 0.7189805507659912, 0.6791558861732483, 0.999847412109375, 0.9961963891983032, 0.9992903470993042, 0.9929863810539246, 0.9967390894889832, 0.9999969005584717, 0.6035640835762024, 0.9997596144676208, 0.9999990463256836
2, 1, 5, 12, 7, 13, 16, 11, 6, 10, 20, 14, 8, 15, 17, 3, 4, 9, 19, 18
0.37016257643699646, 0.47749656438827515, 0.8595483303070068, 0.6285995841026306, 0.5414533019065857, 0.5039981007575989, 0.792931079864502, 0.6673336625099182, 0.7429576516151428, 0.6077185273170471, 0.5800826549530029, 0.7356733083724976, 0.35365936160087585, 0.5187392830848694, 0.8732897043228149, 0.6213801503181458, 0.9999992847442627, 0.5002771019935608, 0.7212037444114685, 0.5700581669807434, 0.5220634937286377, 0.6940341591835022, 0.7210617661476135, 0.9673224687576294, 0.483516663312912, 0.989717960357666, 0.9283843636512756, 0.9999885559082031, 0.8577447533607483, 0.9999862909317017, 0.9999843835830688
1, 3, 2, 10, 16, 7, 19, 20, 11, 4, 5, 14, 17, 6, 12, 13, 18, 8, 9, 15
0.9072518944740295, 0.9997819066047668, 0.3850688934326172, 0.5199364423751831, 0.6125443577766418, 0.690655529499054, 0.8502224683761597, 0.5232354998588562, 0.5641634464263916, 0.6200617551803589, 0.3867664337158203, 0.9999985694885254, 0.6353357434272766, 0.6050832271575928, 0.5077773332595825, 0.9954166412353516, 0.8890181183815002, 0.997421383857727, 0.5693132281303406, 0.8865017294883728, 0.8661127686500549, 0.6642645597457886, 0.5170428156852722, 0.9836798310279846, 0.9894304275512695, 0.9042885303497314, 0.8289254903793335, 0.6219264268875122, 0.9693177938461304, 0.9999963045120239, 0.9999967813491821
