1, 2, 3, 5, 7, 16, 13, 9, 4, 8, 15, 14, 18, 20, 11, 6, 12, 17, 19, 10
0.4373370409011841, 0.6993518471717834, 0.5829448103904724, 0.4338606595993042, 0.9504410624504089, 0.7869539260864258, 0.5258015990257263, 0.8556923270225525, 0.9975411891937256, 0.4859263598918915, 0.8544221520423889, 0.9176390171051025, 0.9787148237228394, 0.6847364902496338, 0.8789567947387695, 0.8591735363006592, 0.7309706211090088, 0.8175062537193298, 0.4913994371891022, 0.9999778270721436, 0.6458272337913513, 0.5107182264328003, 0.5417046546936035, 0.9844326972961426, 0.7804858684539795, 0.9960070252418518, 0.9743273854255676, 0.9935029149055481, 0.8947376012802124, 0.9999823570251465, 0.9999959468841553
1, 2, 7, 10, 4, 8, 12, 9, 3, 5, 6, 17, 18, 19, 20, 11, 13, 15, 14, 16
0.6469252109527588, 0.5111216306686401, 0.6326677203178406, 0.4025413393974304, 0.788176953792572, 0.40457984805107117, 0.933076024055481, 0.8115940690040588, 0.9878410696983337, 0.7643107771873474, 0.598069965839386, 0.5820484757423401, 0.9975252747535706, 0.9441554546356201, 0.9554623961448669, 0.9990189075469971, 0.9991520643234253, 0.7745658159255981, 0.7292911410331726, 0.8791359663009644, 0.9999964237213135, 0.9943273663520813, 0.9059345722198486, 0.9943537712097168, 0.8916218280792236, 0.9989148378372192, 0.8517293930053711, 0.9994106292724609, 0.9715599417686462, 0.9999897480010986, 0.9999991655349731
5, 7, 3, 8, 20, 17, 18, 10, 2, 13, 14, 11, 9, 15, 1, 4, 6, 19, 16, 12
0.4666989743709564, 0.7293169498443604, 0.920029878616333, 0.5422942042350769, 0.5371447205543518, 0.7981476783752441, 0.4763273298740387, 0.5663917064666748, 0.9232065081596375, 0.9094749093055725, 0.6504090428352356, 0.9583768248558044, 0.6088777780532837, 0.7707479596138, 0.4234808683395386, 0.6251116991043091, 0.7786270380020142, 0.7336989045143127, 0.9358062148094177, 0.8003242015838623, 0.9970309734344482, 0.9961317777633667, 0.5060502886772156, 0.5043008923530579, 0.9771574139595032, 0.9981845021247864, 0.7147629857063293, 0.9995716214179993, 0.9172684550285339, 0.999974250793457, 0.9999971389770508
1, 5, 6, 10, 2, 9, 16, 4, 3, 7, 14, 20, 18, 19, 8, 11, 12, 15, 17, 13
0.7937163710594177, 0.562366783618927, 0.9348567724227905, 0.5186006426811218, 0.9095045924186707, 0.5393450856208801, 0.5541698932647705, 0.7738408446311951, 0.9998260140419006, 0.502111554145813, 0.9745448231697083, 0.971659243106842, 0.4891224205493927, 0.9256359338760376, 0.737602949142456, 0.9999938011169434, 0.6104791760444641, 0.8677416443824768, 0.9985648989677429, 0.9992069602012634, 0.7359695434570312, 0.9998792409896851, 0.40758824348449707, 0.999977707862854, 0.9956912398338318, 0.9999827146530151, 0.9159851670265198, 0.9999967813491821, 0.6653611063957214, 0.9999990463256836, 0.9999988079071045
20, 6, 5, 11, 2, 10, 9, 12, 7, 8, 1, 4, 3, 13, 14, 15, 16, 17, 18, 19
0.4687328338623047, 0.6509430408477783, 0.4463762044906616, 0.4194576144218445, 0.7234839797019958, 0.9649081230163574, 0.6091318726539612, 0.9613850712776184, 0.989974319934845, 0.6911368370056152, 0.7875590920448303, 0.9904604554176331, 0.9021307229995728, 0.8884193301200867, 0.4806647300720215, 0.46393585205078125, 0.6295187473297119, 0.9984989166259766, 0.7262824177742004, 0.9999881982803345, 0.9807174801826477, 0.9999902248382568, 0.9926411509513855, 0.9999943971633911, 0.9997488856315613, 0.9999961853027344, 0.9996964931488037, 0.9999974966049194, 0.9999949932098389, 0.9999985694885254, 0.9999992847442627
4, 9, 6, 19, 15, 11, 20, 13, 3, 1, 5, 18, 16, 17, 14, 2, 7, 8, 10, 12
0.5554347038269043, 0.5731613039970398, 0.8678971529006958, 0.9832996726036072, 0.6507510542869568, 0.9832895994186401, 0.7087973952293396, 0.757522702217102, 0.9901289343833923, 0.7846471071243286, 0.990085244178772, 0.5207012295722961, 0.8488771915435791, 0.682125985622406, 0.6709831357002258, 0.36679181456565857, 0.7037668824195862, 0.6808833479881287, 0.8808943629264832, 0.5196038484573364, 0.9965364933013916, 0.9992865920066833, 0.4409017562866211, 0.9478550553321838, 0.5428652763366699, 0.7446483373641968, 0.5389500260353088, 0.9999240636825562, 0.7341022491455078, 0.9999984502792358, 0.9999843835830688
3, 10, 7, 8, 4, 6, 13, 9, 5, 19, 12, 20, 16, 11, 2, 15, 1, 14, 17, 18
0.9506788849830627, 0.5774579048156738, 0.9230221509933472, 0.6604896783828735, 0.5174526572227478, 0.621587336063385, 0.6093457937240601, 0.9797773957252502, 0.9990707039833069, 0.6214306950569153, 0.7824375629425049, 0.8380256295204163, 0.4150789678096771, 0.7776708602905273, 0.5289461016654968, 0.8931800127029419, 0.9921045303344727, 0.958398163318634, 0.9634281992912292, 0.8887291550636292, 0.9919081330299377, 0.9620643854141235, 0.9994783997535706, 0.7596524357795715, 0.9999544620513916, 0.9999697208404541, 0.9203035235404968, 0.9999743700027466, 0.7279682159423828, 0.9999874830245972, 0.9999982118606567
1, 2, 3, 5, 9, 12, 13, 18, 8, 11, 14, 15, 16, 20, 6, 7, 4, 17, 19, 10
0.8363438248634338, 0.8758615851402283, 0.9939893484115601, 0.9755476117134094, 0.5238675475120544, 0.9496586918830872, 0.9168651103973389, 0.9838252067565918, 0.9968981742858887, 0.6917920708656311, 0.42686089873313904, 0.5842829942703247, 0.7532498836517334, 0.5966975092887878, 0.880954921245575, 0.911062479019165, 0.9978225231170654, 0.9953005313873291, 0.9642447233200073, 0.9999549388885498, 0.8872069120407104, 0.9999758005142212, 0.35162216424942017, 0.9564984440803528, 0.902945876121521, 0.9987082481384277, 0.9901669025421143, 0.9994297623634338, 0.9930424690246582, 0.9999923706054688, 0.9999982118606567
2, 3, 4, 5, 6, 7, 8, 9, 12, 14, 16, 17, 19, 18, 1, 10, 11, 15, 20, 13
0.5029163360595703, 0.4354858994483948, 0.8154466152191162, 0.9919690489768982, 0.6958332061767578, 0.819234311580658, 0.4700440466403961, 0.7429953813552856, 0.9997802376747131, 0.4966528117656708, 0.9999531507492065, 0.9672382473945618, 0.9999440908432007, 0.9374617338180542, 0.9998272061347961, 0.9416808485984802, 0.9996824264526367, 0.6901260018348694, 0.9843026399612427, 0.5834622383117676, 0.96787428855896, 0.9899364709854126, 0.5173901915550232, 0.9911428689956665, 0.9792226552963257, 0.9828075170516968, 0.6824806332588196, 0.8856177926063538, 0.9999874830245972, 0.9999982118606567, 0.9999991655349731
3, 11, 12, 16, 13, 14, 15, 10, 7, 18, 2, 8, 1, 19, 6, 4, 5, 9, 20, 17
0.8074252605438232, 0.7664127349853516, 0.4383049011230469, 0.9959923624992371, 0.7335454821586609, 0.9972489476203918, 0.6190676689147949, 0.9962676167488098, 0.944398045539856, 0.9995343685150146, 0.9997324347496033, 0.7122853398323059, 0.7090926170349121, 0.9903503060340881, 0.9980838298797607, 0.4723389744758606, 0.6160471439361572, 0.9623122811317444, 0.6453515291213989, 0.7518872618675232, 0.7769739031791687, 0.8572627305984497, 0.9981561303138733, 0.7765915989875793, 0.9061453342437744, 0.9609007835388184, 0.9995399713516235, 0.9447140097618103, 0.999998927116394, 0.9999845027923584, 0.9999984502792358
1, 2, 3, 4, 16, 8, 9, 5, 6, 12, 7, 17, 19, 18, 13, 10, 11, 14, 15, 20
0.9942726492881775, 0.9528515934944153, 0.7904912829399109, 0.9994365572929382, 0.48665958642959595, 0.9996095299720764, 0.5498746037483215, 0.9997491240501404, 0.9815356135368347, 0.8791950941085815, 0.7351557016372681, 0.8771824240684509, 0.4578136205673218, 0.9943426847457886, 0.6315028667449951, 0.9998598098754883, 0.7017590999603271, 0.9990021586418152, 0.9935990571975708, 0.9657821655273438, 0.8356481790542603, 0.9747902154922485, 0.6584159731864929, 0.9999418258666992, 0.8978589177131653, 0.9999786615371704, 0.9888134598731995, 0.9999971389770508, 0.999998927116394, 0.9998488426208496, 0.9999985694885254
4, 11, 10, 1, 13, 12, 20, 7, 14, 15, 16, 17, 3, 19, 5, 6, 18, 2, 8, 9
0.8897880911827087, 0.9576849937438965, 0.7130773663520813, 0.8115821480751038, 0.783791720867157, 0.5685994625091553, 0.44794440269470215, 0.5056774020195007, 0.8745396733283997, 0.9344568848609924, 0.4842178225517273, 0.9963384866714478, 0.7379665970802307, 0.6460309028625488, 0.4258575737476349, 0.9563136100769043, 0.7101652026176453, 0.828874409198761, 0.6080610752105713, 0.8157176375389099, 0.877924382686615, 0.42350849509239197, 0.7764031291007996, 0.9207538366317749, 0.4540587365627289, 0.45760175585746765, 0.627327561378479, 0.9999405145645142, 0.6193389296531677, 0.7591842412948608, 0.9999508857727051
1, 13, 7, 4, 2, 3, 14, 19, 15, 17, 12, 9, 8, 16, 20, 11, 18, 10, 6, 5
0.9238579273223877, 0.36035922169685364, 0.4620264768600464, 0.8621379137039185, 0.9600841999053955, 0.9353101849555969, 0.9994847774505615, 0.9829151630401611, 0.5042458176612854, 0.9723142385482788, 0.6507070660591125, 0.8353955745697021, 0.5954805016517639, 0.7044854760169983, 0.41975003480911255, 0.6416097283363342, 0.9772064685821533, 0.5692499876022339, 0.5929067730903625, 0.8036994934082031, 0.863499641418457, 0.9006988406181335, 0.9999977350234985, 0.9589688777923584, 0.7945027351379395, 0.6889813542366028, 0.644195556640625, 0.44627392292022705, 0.9999333620071411, 0.6260948777198792, 0.9999908208847046
5, 19, 2, 7, 4, 6, 12, 11, 1, 10, 16, 15, 14, 13, 17, 9, 20, 8, 18, 3
0.5823647975921631, 0.5538516044616699, 0.4242824614048004, 0.3600603938102722, 0.28147709369659424, 0.39791351556777954, 0.4807025194168091, 0.7496153712272644, 0.4250897765159607, 0.8508049845695496, 0.8012850880622864, 0.6133236885070801, 0.5285701751708984, 0.5404230952262878, 0.6035944819450378, 0.6453418135643005, 0.4459695518016815, 0.6307545900344849, 0.9323926568031311, 0.9852185845375061, 0.418514221906662, 0.7871928215026855, 0.3635862469673157, 0.8613932728767395, 0.6653658151626587, 0.9464215040206909, 0.9999982118606567, 0.7851738333702087, 0.9655841588973999, 0.999993085861206, 0.9999402761459351
14, 15, 16, 17, 18, 19, 20, 1, 9, 13, 2, 6, 11, 8, 3, 10, 4, 5, 12, 7
0.762990415096283, 0.7665315270423889, 0.4884048402309418, 0.608225405216217, 0.5044920444488525, 0.3348068594932556, 0.596504271030426, 0.4879300594329834, 0.9470916986465454, 0.8252156972885132, 0.9515711665153503, 0.9943641424179077, 0.9955089092254639, 0.9998756647109985, 0.7801413536071777, 0.8728905320167542, 0.5248110890388489, 0.873619794845581, 0.5552903413772583, 0.5782182216644287, 0.5751788020133972, 0.9981911778450012, 0.7406145334243774, 0.8523368239402771, 0.9429395198822021, 0.9997013211250305, 0.5399065613746643, 0.9739160537719727, 0.8221749067306519, 0.9955665469169617, 0.9999765157699585
1, 2, 3, 4, 9, 5, 17, 10, 8, 7, 14, 15, 16, 19, 11, 12, 13, 6, 18, 20
0.7327051162719727, 0.768697202205658, 0.8604931831359863, 0.9975939393043518, 0.8613219857215881, 0.993649423122406, 0.6560277938842773, 0.5504544973373413, 0.8789522647857666, 0.9997933506965637, 0.9175439476966858, 0.8340790271759033, 0.9988511800765991, 0.996101975440979, 0.9939610958099365, 0.7653340697288513, 0.9951381087303162, 0.9876747131347656, 0.9949746131896973, 0.995326042175293, 0.5519713163375854, 0.8665100336074829, 0.9995866417884827, 0.727959156036377, 0.9999463558197021, 0.9999927282333374, 0.9670002460479736, 0.8807950019836426, 0.9999959468841553, 0.9999972581863403, 0.9999960660934448
1, 2, 3, 4, 16, 8, 9, 5, 6, 12, 7, 17, 19, 18, 13, 10, 11, 14, 15, 20
0.5516964793205261, 0.6862543821334839, 0.24374420940876007, 0.6039220094680786, 0.35499709844589233, 0.4402644634246826, 0.6170600056648254, 0.4987497627735138, 0.6724880337715149, 0.9239938259124756, 0.8834430575370789, 0.934333860874176, 0.9927219748497009, 0.6405295133590698, 0.9993017911911011, 0.9937906861305237, 0.9955999851226807, 0.9969294667243958, 0.9704979658126831, 0.9275476336479187, 0.9978905320167542, 0.9766518473625183, 0.9999217987060547, 0.9999971389770508, 0.6618137955665588, 0.999998927116394, 0.6710563898086548, 0.9999892711639404, 0.9456570744514465, 0.985039472579956, 0.9999992847442627, 0.9949418902397156, 0.9620770812034607, 0.8864287734031677, 0.9993634819984436, 0.9957661628723145, 0.9999607801437378
4, 10, 12, 5, 11, 20, 3, 17, 7, 19, 16, 13, 1, 15, 9, 2, 6, 14, 18, 8
0.377084344625473, 0.5414263606071472, 0.6289222240447998, 0.45241907238960266, 0.6197428703308105, 0.4943978190422058, 0.5931561589241028, 0.937366783618927, 0.4682620167732239, 0.998754620552063, 0.4302469789981842, 0.653075098991394, 0.8079100251197815, 0.6443725824356079, 0.9025742411613464, 0.7849736213684082, 0.8391168713569641, 0.7615721225738525, 0.9307970404624939, 0.6745468378067017, 0.8588053584098816, 0.701744556427002, 0.8062883615493774, 0.37206530570983887, 0.40701982378959656, 0.4352167248725891, 0.5463388562202454, 0.7248403429985046, 0.7606356739997864, 0.9999914169311523, 0.9999749660491943
3, 13, 8, 9, 17, 11, 14, 19, 12, 10, 6, 7, 1, 2, 4, 5, 15, 16, 18, 20
0.8779087066650391, 0.5660576224327087, 0.9155440926551819, 0.833566427230835, 0.5734541416168213, 0.99989914894104, 0.9971760511398315, 0.9983933568000793, 0.9705638885498047, 0.9993452429771423, 0.9362291097640991, 0.999556839466095, 0.9990999698638916, 0.9745056629180908, 0.6567726135253906, 0.9533690214157104, 0.9912765026092529, 0.722281813621521, 0.9999504089355469, 0.7278608083724976, 0.9220543503761292, 0.8309245705604553, 0.8030322194099426, 0.9996427297592163, 0.9905524253845215, 0.9981953501701355, 0.9751943349838257, 0.9926345944404602, 0.9999955892562866, 0.9999808073043823, 0.9999938011169434
1, 2, 3, 4, 16, 8, 9, 5, 6, 12, 7, 17, 19, 18, 13, 10, 11, 14, 15, 20
0.4997715950012207, 0.9032250642776489, 0.8928144574165344, 0.9990794658660889, 0.7930281162261963, 0.9990474581718445, 0.9259448051452637, 0.9985532164573669, 0.45788875222206116, 0.998258650302887, 0.5388099551200867, 0.9940352439880371, 0.999549925327301, 0.76195228099823, 0.8306602835655212, 0.5148479342460632, 0.8375042080879211, 0.8610507845878601, 0.989467203617096, 0.49707040190696716, 0.9991205334663391, 0.6353903412818909, 0.7993839383125305, 0.8501357436180115, 0.9948486089706421, 0.5848135948181152, 0.876073956489563, 0.9755120873451233, 0.7431485652923584, 0.8703751564025879, 0.9935101866722107
2, 1, 4, 9, 3, 19, 13, 20, 8, 6, 14, 16, 15, 5, 7, 10, 11, 12, 17, 18
0.5532635450363159, 0.6592091917991638, 0.5883176922798157, 0.8580100536346436, 0.9730139374732971, 0.9188843369483948, 0.9353847503662109, 0.48836782574653625, 0.9928298592567444, 0.3548908233642578, 0.9999955892562866, 0.933785617351532, 0.7768927812576294, 0.9736006855964661, 0.973517656326294, 0.9998894929885864, 0.5194857120513916, 0.9893233180046082, 0.9995713829994202, 0.6744388937950134, 0.977007269859314, 0.9999850988388062, 0.797957181930542, 0.9999889135360718, 0.9907107949256897, 0.9999884366989136, 0.9968289732933044, 0.9999969005584717, 0.9971070885658264, 0.9999998807907104, 0.9999996423721313
1, 2, 3, 4, 7, 8, 13, 18, 16, 12, 14, 9, 19, 20, 5, 6, 10, 11, 15, 17
0.9223793745040894, 0.9514899253845215, 0.9315757751464844, 0.9863112568855286, 0.9880046248435974, 0.6543007493019104, 0.9745671153068542, 0.9983019828796387, 0.9949082732200623, 0.937163770198822, 0.8006471991539001, 0.9967229962348938, 0.8790973424911499, 0.6112232804298401, 0.7955114245414734, 0.9999219179153442, 0.9979148507118225, 0.7476511597633362, 0.7861064076423645, 0.9996232986450195, 0.9999918937683105, 0.7305727005004883, 0.935343325138092, 0.999996542930603, 0.9993799924850464, 0.9999991655349731, 0.9999966621398926, 0.9999468326568604, 0.9996700286865234, 0.999997615814209, 0.9998681545257568
1, 2, 3, 5, 11, 6, 12, 8, 10, 9, 4, 15, 16, 18, 19, 20, 7, 17, 13, 14
0.9971851706504822, 0.9173239469528198, 0.9823342561721802, 0.4304856061935425, 0.4554951786994934, 0.9505623579025269, 0.7405788898468018, 0.39394447207450867, 0.8215681314468384, 0.3393020033836365, 0.7858760356903076, 0.9897024631500244, 0.369621217250824, 0.7056652903556824, 0.9799944162368774, 0.9239416122436523, 0.963160514831543, 0.7597424983978271, 0.8433904051780701, 0.7029252052307129, 0.995482325553894, 0.9995256662368774, 0.4902435839176178, 0.9999912977218628, 0.5962904691696167, 0.999974250793457, 0.680544912815094, 0.9999842643737793, 0.8056313395500183, 0.9999996423721313, 0.9999998807907104
1, 2, 4, 7, 9, 13, 15, 17, 3, 5, 6, 12, 16, 14, 11, 8, 10, 20, 18, 19
0.9615718722343445, 0.9962430000305176, 0.9922357201576233, 0.9644339680671692, 0.9828296303749084, 0.9961574673652649, 0.998749852180481, 0.9182049036026001, 0.9116066694259644, 0.937515139579773, 0.9939110279083252, 0.8853331804275513, 0.998734176158905, 0.9861469864845276, 0.7603855133056641, 0.9961812496185303, 0.8823369145393372, 0.8026098608970642, 0.8886058330535889, 0.9741931557655334, 0.9481101036071777, 0.9998220801353455, 0.9970452189445496, 0.9989523887634277, 0.9995236396789551, 0.7217364311218262, 0.9999991655349731, 0.9998775720596313, 0.9999004602432251, 0.9999969005584717, 0.9999997615814209
1, 2, 3, 4, 6, 7, 8, 9, 13, 16, 20, 10, 11, 12, 14, 15, 17, 18, 19, 5
0.5014508366584778, 0.8885895609855652, 0.7561888098716736, 0.9500005841255188, 0.9403318166732788, 0.8148563504219055, 0.8686313033103943, 0.6957887411117554, 0.9726909399032593, 0.5942116975784302, 0.5346360802650452, 0.8712400794029236, 0.8243604898452759, 0.9999207258224487, 0.9374198317527771, 0.433290958404541, 0.9432023763656616, 0.7793658971786499, 0.9555176496505737, 0.39628511667251587, 0.9636227488517761, 0.7963999509811401, 0.9992020726203918, 0.9979276657104492, 0.9998668432235718, 0.9993471503257751, 0.999981164932251, 0.9998867511749268, 0.9997329115867615, 0.9999979734420776, 0.9999892711639404
1, 2, 6, 13, 17, 10, 16, 12, 14, 15, 5, 9, 18, 19, 20, 3, 4, 7, 11, 8
0.9729940891265869, 0.6859007477760315, 0.6816938519477844, 0.8220215439796448, 0.44143176078796387, 0.8420289158821106, 0.7367244958877563, 0.823187530040741, 0.6772813200950623, 0.7739968299865723, 0.9193565249443054, 0.5513817667961121, 0.6681827902793884, 0.5579308271408081, 0.7922370433807373, 0.9911359548568726, 0.9993435740470886, 0.6641597747802734, 0.43775975704193115, 0.5661097764968872, 0.8860384225845337, 0.9749359488487244, 0.9999796152114868, 0.9833250045776367, 0.9999852180480957, 0.6544250249862671, 0.99918133020401, 0.693479061126709, 0.9663673639297485, 0.9998531341552734, 0.9999940395355225
13, 12, 20, 11, 14, 4, 17, 19, 15, 18, 16, 6, 5, 9, 7, 8, 3, 1, 2, 10
0.6106070876121521, 0.383360892534256, 0.7386347055435181, 0.7461166381835938, 0.4401473104953766, 0.9597135186195374, 0.6066470146179199, 0.47614726424217224, 0.3293195962905884, 0.7002280950546265, 0.5154107213020325, 0.4573954939842224, 0.30419692397117615, 0.6593281626701355, 0.42409995198249817, 0.5293546319007874, 0.39399707317352295, 0.5523586869239807, 0.7024871706962585, 0.3719896674156189, 0.7577364444732666, 0.3461897373199463, 0.26959049701690674, 0.39398902654647827, 0.4056525230407715, 0.5743927359580994, 0.682917594909668, 0.5234095454216003, 0.6333894729614258, 0.9999792575836182, 0.9999207258224487
1, 2, 3, 4, 5, 7, 8, 9, 10, 12, 6, 11, 13, 14, 15, 16, 17, 18, 19, 20
0.43479928374290466, 0.9534346461296082, 0.98454350233078, 0.9994438290596008, 0.9939236044883728, 0.9816816449165344, 0.9990596175193787, 0.9940992593765259, 0.8418006896972656, 0.7484544515609741, 0.78792405128479, 0.6076378226280212, 0.9532693028450012, 0.9999958276748657, 0.9999645948410034, 0.9991870522499084, 0.5291880965232849, 0.9997277855873108, 0.9994768500328064, 0.999642014503479, 0.99592125415802, 0.999893307685852, 0.9997579455375671, 0.9999816417694092, 0.9992285966873169, 0.9999969005584717, 0.9999940395355225, 0.9998868703842163, 0.9999984502792358, 0.9999978542327881, 0.9999891519546509
1, 2, 3, 5, 6, 9, 10, 13, 15, 16, 17, 19, 11, 12, 7, 8, 14, 4, 18, 20
0.9743573665618896, 0.8182334899902344, 0.7205054759979248, 0.9927940964698792, 0.9719351530075073, 0.983164370059967, 0.9971123933792114, 0.981713593006134, 0.895521879196167, 0.9749054312705994, 0.9216029644012451, 0.9329920411109924, 0.9066798090934753, 0.89298015832901, 0.8566597104072571, 0.9617391228675842, 0.6109682321548462, 0.6140376925468445, 0.4171351194381714, 0.7700796127319336, 0.9879360198974609, 0.9992559552192688, 0.3802895247936249, 0.5781248807907104, 0.7308011651039124, 0.9956187605857849, 0.5336639285087585, 0.9974319338798523, 0.9998358488082886, 0.9999501705169678, 0.9999938011169434
2, 1, 13, 12, 20, 8, 17, 18, 14, 11, 9, 16, 10, 3, 4, 19, 15, 6, 7, 5
0.661176860332489, 0.9723215699195862, 0.9534576535224915, 0.6505826711654663, 0.9224477410316467, 0.9470832347869873, 0.9000828862190247, 0.9999803304672241, 0.9805750846862793, 0.9991074204444885, 0.9527645707130432, 0.9811475872993469, 0.9383683800697327, 0.8682076930999756, 0.8123688101768494, 0.6360512971878052, 0.6287568807601929, 0.6703156232833862, 0.7578297853469849, 0.4649350941181183, 0.9502393007278442, 0.9491596817970276, 0.6391644477844238, 0.9968447685241699, 0.6394743919372559, 0.6790385246276855, 0.5425078868865967, 0.9999439716339111, 0.5055519938468933, 0.9992953538894653, 0.9999867677688599
1, 9, 10, 19, 14, 18, 17, 11, 12, 16, 7, 3, 2, 4, 5, 8, 13, 15, 20, 6
0.5682445764541626, 0.5415934920310974, 0.9951110482215881, 0.993911862373352, 0.6245611906051636, 0.6571259498596191, 0.5895482897758484, 0.3587295114994049, 0.6306810975074768, 0.4291154444217682, 0.5955970287322998, 0.3085605800151825, 0.6620240211486816, 0.44628041982650757, 0.5292932987213135, 0.5173777937889099, 0.3693147301673889, 0.9937973618507385, 0.6591377854347229, 0.38354167342185974, 0.9247061014175415, 0.692550539970398, 0.5427455306053162, 0.9591037034988403, 0.999263346195221, 0.573624312877655, 0.9999269247055054, 0.99998939037323, 0.771327555179596, 0.761530339717865, 0.5322506427764893
3, 2, 4, 1, 6, 7, 8, 17, 13, 5, 9, 12, 20, 19, 10, 11, 18, 16, 14, 15
0.759381115436554, 0.5826355218887329, 0.905099093914032, 0.7403794527053833, 0.6154447793960571, 0.9614375233650208, 0.9908347129821777, 0.7508897185325623, 0.8042492866516113, 0.5898033976554871, 0.9732243418693542, 0.4930691421031952, 0.8572215437889099, 0.9683473110198975, 0.8417087197303772, 0.7904945611953735, 0.9999974966049194, 0.9991239905357361, 0.9987590312957764, 0.9991692304611206, 0.979611337184906, 0.9999872446060181, 0.9998413324356079, 0.9997405409812927, 0.977695882320404, 0.9999678134918213, 0.6367795467376709, 0.9999959468841553, 0.9998722076416016, 0.9999997615814209, 0.9999990463256836
18, 1, 2, 3, 12, 13, 17, 11, 14, 19, 7, 4, 5, 6, 8, 9, 10, 15, 16, 20
0.9975438714027405, 0.5148752927780151, 0.9764081835746765, 0.8581380844116211, 0.9243263006210327, 0.9848286509513855, 0.9963177442550659, 0.9876920580863953, 0.8473595380783081, 0.9628329277038574, 0.9794085621833801, 0.7340480089187622, 0.47488564252853394, 0.5293430089950562, 0.7492033243179321, 0.41034337878227234, 0.8969889879226685, 0.5760731101036072, 0.7415700554847717, 0.9977943897247314, 0.9295519590377808, 0.8502659201622009, 0.8643178939819336, 0.9503632187843323, 0.8350719213485718, 0.8757787942886353, 0.9416384696960449, 0.9999405145645142, 0.9999992847442627, 0.9998589754104614, 0.9999972581863403
4, 1, 2, 5, 11, 18, 19, 6, 10, 12, 13, 14, 15, 16, 20, 3, 9, 17, 7, 8
0.9852486252784729, 0.40366995334625244, 0.9969155788421631, 0.9916257858276367, 0.7161749601364136, 0.9531254768371582, 0.8851655721664429, 0.5330726504325867, 0.9478327631950378, 0.9855654835700989, 0.7524117827415466, 0.9970121383666992, 0.9892990589141846, 0.9382355213165283, 0.8972491025924683, 0.99676114320755, 0.9928245544433594, 0.9989526271820068, 0.9993195533752441, 0.9262443780899048, 0.6122249960899353, 0.4882328510284424, 0.9668493270874023, 0.42384350299835205, 0.9999924898147583, 0.5751969814300537, 0.8420395255088806, 0.6581921577453613, 0.9999992847442627, 0.9964848756790161, 0.9999990463256836
13, 1, 2, 7, 18, 19, 3, 6, 9, 8, 10, 11, 4, 14, 15, 20, 5, 16, 12, 17
0.663676917552948, 0.6685153245925903, 0.4652065336704254, 0.4361000061035156, 0.7027063965797424, 0.5815708637237549, 0.8678355813026428, 0.9934307932853699, 0.9998076558113098, 0.8116233944892883, 0.8446747064590454, 0.8334346413612366, 0.5662017464637756, 0.9848924875259399, 0.9925472140312195, 0.9994325041770935, 0.9998076558113098, 0.9877822995185852, 0.5356472134590149, 0.7634404897689819, 0.9989944100379944, 0.9999563694000244, 0.6569557189941406, 0.9999966621398926, 0.9487723708152771, 0.9998440742492676, 0.9992179870605469, 0.9999314546585083, 0.9766144156455994, 0.9999992847442627, 0.9999983310699463
18, 11, 3, 4, 20, 19, 14, 15, 17, 1, 2, 6, 16, 12, 13, 7, 8, 5, 10, 9
0.6126176714897156, 0.6434071063995361, 0.7511921525001526, 0.5047308802604675, 0.4378306269645691, 0.4626617431640625, 0.658604085445404, 0.9945583343505859, 0.9369085431098938, 0.8763893842697144, 0.9349279999732971, 0.6657074689865112, 0.9453978538513184, 0.7325151562690735, 0.926646888256073, 0.9446970224380493, 0.7823574542999268, 0.9549599885940552, 0.8305405378341675, 0.8809617757797241, 0.9435871839523315, 0.6080589890480042, 0.9655139446258545, 0.931591808795929, 0.9999871253967285, 0.8407538533210754, 0.9996260404586792, 0.9942751526832581, 0.8417848348617554, 0.9999831914901733, 0.9999984502792358
9, 10, 3, 15, 11, 14, 18, 1, 4, 13, 16, 20, 17, 19, 5, 7, 6, 2, 12, 8
0.6918144226074219, 0.9426896572113037, 0.969461977481842, 0.7178471088409424, 0.9817582964897156, 0.6243396401405334, 0.9671603441238403, 0.29979127645492554, 0.9116360545158386, 0.5616216659545898, 0.9552131295204163, 0.744208574295044, 0.8670096397399902, 0.8170381784439087, 0.8002012968063354, 0.7717179656028748, 0.5263286828994751, 0.9875116348266602, 0.7563382387161255, 0.9936983585357666, 0.3937077522277832, 0.8849281072616577, 0.9961676001548767, 0.999994158744812, 0.5440478920936584, 0.7579840421676636, 0.9397205114364624, 0.8830645084381104, 0.7279534935951233, 0.9999669790267944, 0.999994158744812
2, 3, 1, 7, 13, 6, 15, 11, 20, 10, 12, 16, 19, 5, 8, 9, 18, 14, 17, 4
0.6586635708808899, 0.9947636127471924, 0.7358407378196716, 0.6266239881515503, 0.6670528054237366, 0.9666659235954285, 0.38853025436401367, 0.6373611688613892, 0.4762730002403259, 0.5417468547821045, 0.4825022220611572, 0.4252896010875702, 0.9999929666519165, 0.5350123643875122, 0.42191943526268005, 0.6634752750396729, 0.5087652802467346, 0.7908554673194885, 0.8447458744049072, 0.3952273428440094, 0.571061372756958, 0.5282337665557861, 0.6051861643791199, 0.9898444414138794, 0.760517418384552, 0.5681633353233337, 0.5350680351257324, 0.6150457262992859, 0.9343644380569458, 0.9999840259552002, 0.9999951124191284
3, 1, 13, 12, 11, 2, 4, 9, 6, 19, 20, 18, 17, 5, 7, 8, 10, 14, 15, 16
0.5058497190475464, 0.9658039212226868, 0.7774071097373962, 0.4178274869918823, 0.7953047156333923, 0.5523287057876587, 0.8762869238853455, 0.9074668288230896, 0.33134937286376953, 0.5145718455314636, 0.5099525451660156, 0.8166568279266357, 0.35777419805526733, 0.9929383397102356, 0.966688871383667, 0.999997615814209, 0.547100841999054, 0.7678362727165222, 0.5679382681846619, 0.9830709099769592, 0.7209811806678772, 0.6288020014762878, 0.997984766960144, 0.9917775392532349, 0.9775160551071167, 0.9688376188278198, 0.5380401611328125, 0.9999161958694458, 0.9930954575538635, 0.9999445676803589, 0.9999994039535522
6, 11, 14, 15, 16, 10, 17, 18, 12, 13, 19, 5, 20, 8, 9, 3, 4, 1, 2, 7
0.9844231009483337, 0.9863248467445374, 0.521032989025116, 0.7656220197677612, 0.5167033672332764, 0.9200011491775513, 0.734813928604126, 0.9996892213821411, 0.9997814297676086, 0.9062587022781372, 0.4224102795124054, 0.9909578561782837, 0.6628777980804443, 0.996772825717926, 0.9967485666275024, 0.9768426418304443, 0.7834615111351013, 0.9829854369163513, 0.9975084066390991, 0.5107592940330505, 0.9963122010231018, 0.8971307873725891, 0.6393060088157654, 0.9995220899581909, 0.461257666349411, 0.9998891353607178, 0.9313808083534241, 0.9999301433563232, 0.9897454380989075, 0.9999780654907227, 0.9999885559082031
2, 8, 18, 11, 7, 1, 4, 12, 13, 17, 6, 20, 10, 16, 14, 19, 5, 9, 15, 3
0.9740134477615356, 0.8795510530471802, 0.905648410320282, 0.8068745136260986, 0.7381278276443481, 0.7458134889602661, 0.389449805021286, 0.49484264850616455, 0.39735928177833557, 0.6267551183700562, 0.4434102475643158, 0.49118271470069885, 0.5591615438461304, 0.3421931564807892, 0.7674118876457214, 0.3950222432613373, 0.5250476002693176, 0.9999990463256836, 0.47212108969688416, 0.5210350751876831, 0.5340377688407898, 0.45826005935668945, 0.5269758105278015, 0.706495463848114, 0.6754488945007324, 0.6112877726554871, 0.406118243932724, 0.546369194984436, 0.7279632091522217, 0.9999703168869019, 0.9999939203262329
12, 14, 1, 20, 18, 10, 11, 19, 3, 4, 5, 16, 9, 15, 13, 2, 17, 6, 7, 8
0.9947001934051514, 0.9151222109794617, 0.966167688369751, 0.9708768725395203, 0.8459990620613098, 0.7694850564002991, 0.9986396431922913, 0.9880942702293396, 0.8890776634216309, 0.9542921781539917, 0.7017291188240051, 0.9991080164909363, 0.9996403455734253, 0.6721969246864319, 0.9947939515113831, 0.9402385354042053, 0.9432106614112854, 0.9999504089355469, 0.8307569026947021, 0.8186416029930115, 0.8533393144607544, 0.9864293336868286, 0.7305808663368225, 0.9235571026802063, 0.9637581706047058, 0.8992841243743896, 0.672633707523346, 0.999990701675415, 0.8651570081710815, 0.9893468022346497, 0.9999986886978149
1, 4, 2, 8, 13, 5, 6, 15, 18, 9, 3, 10, 14, 11, 7, 12, 16, 17, 19, 20
0.9791091680526733, 0.8580304980278015, 0.9025362730026245, 0.5159221887588501, 0.4761725962162018, 0.9874843955039978, 0.7460871338844299, 0.5277749300003052, 0.7284916043281555, 0.9533193707466125, 0.49205756187438965, 0.9704950451850891, 0.7867468595504761, 0.6187430620193481, 0.9998863935470581, 0.9845933318138123, 0.9940569400787354, 0.9884152412414551, 0.8668224811553955, 0.9955246448516846, 0.7171595692634583, 0.995139479637146, 0.8730643391609192, 0.9994707703590393, 0.979090690612793, 0.9994901418685913, 0.9904381632804871, 0.9992542862892151, 0.9999984502792358, 0.9999985694885254, 0.9999960660934448
3, 15, 18, 14, 7, 6, 13, 9, 1, 2, 4, 19, 20, 16, 10, 12, 17, 5, 11, 8
0.8393884301185608, 0.6121905446052551, 0.42144644260406494, 0.7243632674217224, 0.7153964042663574, 0.6090125441551208, 0.9559713006019592, 0.3517446517944336, 0.42478013038635254, 0.39341747760772705, 0.820614755153656, 0.6225094199180603, 0.6476953625679016, 0.5015285611152649, 0.9240318536758423, 0.6149611473083496, 0.35415226221084595, 0.9960572719573975, 0.9999697208404541, 0.7596392631530762, 0.43242788314819336, 0.7035037875175476, 0.5843974947929382, 0.6006890535354614, 0.6069117188453674, 0.44147130846977234, 0.8151355981826782, 0.4080236554145813, 0.6293379664421082, 0.9999634027481079, 0.9999833106994629
1, 2, 8, 9, 13, 17, 10, 7, 15, 16, 3, 4, 5, 6, 11, 12, 14, 18, 19, 20
0.9323686957359314, 0.9742141366004944, 0.4636474847793579, 0.9977349042892456, 0.987930178642273, 0.6582363247871399, 0.8863194584846497, 0.7967544794082642, 0.5288277268409729, 0.6173264384269714, 0.5136816501617432, 0.994954526424408, 0.9971127510070801, 0.6855175495147705, 0.9998264908790588, 0.5906937122344971, 0.9884617328643799, 0.9733988046646118, 0.9333321452140808, 0.9997358918190002, 0.9804759621620178, 0.9999786615371704, 0.9979827404022217, 0.9999951124191284, 0.9998302459716797, 0.9999970197677612, 0.9998594522476196, 0.999997615814209, 0.9999986886978149, 0.9979154467582703, 0.999964714050293
9, 18, 20, 5, 1, 12, 11, 16, 14, 13, 19, 3, 2, 7, 10, 17, 8, 4, 6, 15
0.5744006633758545, 0.5843480825424194, 0.9072886109352112, 0.3452848792076111, 0.8557382822036743, 0.41326093673706055, 0.6479179263114929, 0.7203615307807922, 0.3361116349697113, 0.5611560940742493, 0.4772242605686188, 0.5509042739868164, 0.3192976415157318, 0.5283383131027222, 0.3470142185688019, 0.9728835821151733, 0.9953573346138, 0.3983689546585083, 0.4636019766330719, 0.3702087104320526, 0.35306885838508606, 0.5016236305236816, 0.982799232006073, 0.8579351902008057, 0.8004470467567444, 0.9044730067253113, 0.5356930494308472, 0.419585257768631, 0.7772902846336365, 0.9999765157699585, 0.999998927116394
1, 4, 6, 2, 3, 5, 7, 8, 9, 10, 11, 12, 13, 14, 15, 16, 17, 18, 19, 20
0.9058135747909546, 0.5741953253746033, 0.9979051351547241, 0.5090833306312561, 0.768444299697876, 0.6732611656188965, 0.5293471813201904, 0.9736332297325134, 0.5963917374610901, 0.9999641180038452, 0.9288263916969299, 0.9999692440032959, 0.4934861361980438, 0.9999830722808838, 0.9749270677566528, 0.9999862909317017, 0.999452531337738, 0.9999808073043823, 0.997564435005188, 0.9999901056289673, 0.9878943562507629, 0.9999932050704956, 0.9998348951339722, 0.9999971389770508, 0.999974250793457, 0.999997615814209, 0.9869760870933533, 0.9999891519546509, 0.9999966621398926, 0.9999891519546509, 0.9999933242797852
15, 14, 13, 11, 10, 8, 9, 4, 7, 6, 5, 2, 17, 12, 20, 18, 19, 16, 1, 3
0.8486582040786743, 0.4733538329601288, 0.9862785935401917, 0.9901810884475708, 0.9417037963867188, 0.4373128116130829, 0.35586729645729065, 0.45523500442504883, 0.5037466287612915, 0.9088541269302368, 0.4330553114414215, 0.7667360901832581, 0.7657637596130371, 0.6038429737091064, 0.9012266993522644, 0.9976640939712524, 0.5509731769561768, 0.9213104248046875, 0.7546688914299011, 0.9001652002334595, 0.9601535201072693, 0.5155073404312134, 0.999992847442627, 0.976889967918396, 0.983417809009552, 0.9250894784927368, 0.5617735385894775, 0.7904987931251526, 0.6001498699188232, 0.5428572297096252, 0.9999926090240479
4, 12, 13, 5, 9, 1, 2, 3, 8, 14, 10, 11, 16, 17, 6, 20, 7, 18, 15, 19
0.6242626309394836, 0.7933998107910156, 0.9315155744552612, 0.9918668866157532, 0.9998515844345093, 0.6964966058731079, 0.9139136672019958, 0.5796008110046387, 0.9354630708694458, 0.9999257326126099, 0.7040744423866272, 0.9352750182151794, 0.5503315925598145, 0.9626188278198242, 0.8255413770675659, 0.8277812600135803, 0.9114986658096313, 0.7063649892807007, 0.8763242959976196, 0.9751289486885071, 0.9991040825843811, 0.9643227458000183, 0.70115727186203, 0.9999973773956299, 0.8291543126106262, 0.9972085356712341, 0.8384219408035278, 0.9991403818130493, 0.9433362483978271, 0.9999984502792358, 0.9999995231628418
9, 16, 2, 8, 15, 10, 11, 14, 12, 3, 5, 13, 1, 4, 6, 18, 19, 20, 7, 17
0.3677636981010437, 0.6570509672164917, 0.6613727807998657, 0.5235934257507324, 0.4938127100467682, 0.9196972250938416, 0.9423773884773254, 0.570946991443634, 0.33628585934638977, 0.6122591495513916, 0.5494664311408997, 0.5458798408508301, 0.3078469932079315, 0.44381487369537354, 0.3494322896003723, 0.41926199197769165, 0.7983896136283875, 0.9846951365470886, 0.998664140701294, 0.5227499008178711, 0.57089763879776, 0.7064751982688904, 0.9564027786254883, 0.9816401600837708, 0.757474422454834, 0.997227132320404, 0.9999799728393555, 0.999993085861206, 0.9732036590576172, 0.9999741315841675, 0.9999721050262451
1, 2, 3, 4, 13, 6, 7, 15, 8, 9, 10, 11, 5, 20, 12, 18, 19, 16, 17, 14
0.803764820098877, 0.7274357676506042, 0.8123965859413147, 0.9957937002182007, 0.9198859333992004, 0.999957799911499, 0.9911794066429138, 0.9999582767486572, 0.5629169940948486, 0.7518853545188904, 0.9620150923728943, 0.99996018409729, 0.9935014843940735, 0.9999165534973145, 0.99993896484375, 0.9225647449493408, 0.9899210929870605, 0.9999971389770508, 0.9965469241142273, 0.9969266057014465, 0.9930590391159058, 0.7913581728935242, 0.9999483823776245, 0.9979971051216125, 0.9999886751174927, 0.9816885590553284, 0.9999995231628418, 0.9997199177742004, 0.9999996423721313, 0.998011589050293
18, 6, 14, 13, 10, 1, 19, 15, 12, 2, 7, 3, 11, 5, 20, 8, 9, 17, 4, 16
0.6674087047576904, 0.9786478281021118, 0.8707334995269775, 0.9908385872840881, 0.5498248338699341, 0.9716291427612305, 0.4749234914779663, 0.8900957703590393, 0.40256184339523315, 0.8493872284889221, 0.7203951478004456, 0.4125780463218689, 0.6012054085731506, 0.32001951336860657, 0.47118890285491943, 0.4794881045818329, 0.3961831033229828, 0.34925711154937744, 0.49993324279785156, 0.2842819094657898, 0.47062957286834717, 0.3408910036087036, 0.3092814087867737, 0.9999860525131226, 0.3140535354614258, 0.4864971339702606, 0.5621359348297119, 0.6511940360069275, 0.9032792448997498, 0.9999916553497314, 0.9999719858169556
1, 12, 9, 10, 18, 17, 19, 20, 11, 13, 3, 4, 14, 15, 16, 6, 7, 8, 2, 5
0.7926023006439209, 0.6991584300994873, 0.5181982517242432, 0.6570486426353455, 0.9998359680175781, 0.9997065663337708, 0.951560378074646, 0.8427252173423767, 0.8890158534049988, 0.6211817264556885, 0.7067095637321472, 0.5406216382980347, 0.9997661709785461, 0.9999163150787354, 0.9791730642318726, 0.9795620441436768, 0.6265951991081238, 0.7290753722190857, 0.5797702670097351, 0.9995600581169128, 0.45932629704475403, 0.7794963121414185, 0.9996078610420227, 0.9822767376899719, 0.999850869178772, 0.9999977350234985, 0.45055830478668213, 0.9991267323493958, 0.9999887943267822, 0.7513023018836975, 0.999945878982544
1, 2, 3, 5, 6, 11, 12, 14, 16, 17, 18, 9, 15, 20, 7, 10, 13, 8, 19, 4
0.6769640445709229, 0.338447630405426, 0.8949612975120544, 0.970064640045166, 0.8525838851928711, 0.9033657908439636, 0.8138659000396729, 0.9948950409889221, 0.9974709749221802, 0.9994180202484131, 0.8724008798599243, 0.9994714856147766, 0.8778253793716431, 0.9994407296180725, 0.9992210865020752, 0.7659173011779785, 0.5395289659500122, 0.4561857283115387, 0.890918493270874, 0.925384521484375, 0.60898756980896, 0.9999793767929077, 0.769875705242157, 0.7310141324996948, 0.989058792591095, 0.6222296357154846, 0.9925830364227295, 0.8436626195907593, 0.9998679161071777, 0.9999551773071289, 0.9997560381889343
2, 1, 5, 8, 9, 16, 7, 10, 3, 19, 6, 18, 11, 12, 13, 14, 15, 17, 20, 4
0.8549020886421204, 0.8231833577156067, 0.6310678124427795, 0.9972143769264221, 0.9487572312355042, 0.9026868939399719, 0.742815375328064, 0.8177997469902039, 0.47894978523254395, 0.9944268465042114, 0.9884634613990784, 0.8411595821380615, 0.9971127510070801, 0.7550870776176453, 0.9925007224082947, 0.7637857794761658, 0.9956198334693909, 0.43720948696136475, 0.9987068176269531, 0.996448278427124, 0.9943926334381104, 0.5989238023757935, 0.9998451471328735, 0.9971365928649902, 0.9999737739562988, 0.9999744892120361, 0.6560406684875488, 0.999914288520813, 0.6147937774658203, 0.9999971389770508, 0.9999980926513672
18, 13, 5, 6, 7, 20, 3, 2, 16, 8, 9, 19, 17, 4, 14, 11, 15, 1, 12, 10
0.5469785928726196, 0.5769206285476685, 0.5262435078620911, 0.9416435360908508, 0.548999547958374, 0.38108575344085693, 0.9641022086143494, 0.935513973236084, 0.9985730648040771, 0.6450020670890808, 0.33560001850128174, 0.3894180655479431, 0.9668092131614685, 0.7079890966415405, 0.5903575420379639, 0.5073114633560181, 0.5295705199241638, 0.6109638214111328, 0.5560613870620728, 0.69227534532547, 0.9969582557678223, 0.33528342843055725, 0.9988539218902588, 0.4600166082382202, 0.9992427825927734, 0.7531321048736572, 0.9998395442962646, 0.9995055198669434, 0.9424561262130737, 0.9999984502792358, 0.9999995231628418
7, 6, 15, 19, 17, 16, 1, 10, 12, 8, 18, 20, 2, 9, 14, 13, 11, 3, 4, 5
0.5477333068847656, 0.9530266523361206, 0.9938404560089111, 0.8777064085006714, 0.9808330535888672, 0.998259961605072, 0.4263811707496643, 0.2630767524242401, 0.9690006971359253, 0.946630597114563, 0.9205179214477539, 0.5868969559669495, 0.40815988183021545, 0.645541250705719, 0.983842134475708, 0.940396249294281, 0.3971949517726898, 0.5213857889175415, 0.2939503490924835, 0.9293477535247803, 0.2704189717769623, 0.6339585185050964, 0.8418596982955933, 0.854400634765625, 0.5408229827880859, 0.5697952508926392, 0.991845428943634, 0.9999635219573975, 0.5178660750389099, 0.8266574144363403, 0.9999427795410156
1, 2, 3, 5, 4, 9, 7, 6, 8, 13, 17, 11, 10, 14, 15, 16, 18, 19, 12, 20
0.9797500371932983, 0.5374810695648193, 0.8913343548774719, 0.7121393084526062, 0.9991322159767151, 0.5904364585876465, 0.5016401410102844, 0.6238605380058289, 0.787908136844635, 0.9999727010726929, 0.9592610001564026, 0.9998950958251953, 0.8756278157234192, 0.9998917579650879, 0.9982764720916748, 0.9961304664611816, 0.9011682271957397, 0.9999858140945435, 0.999203622341156, 0.9999567270278931, 0.8873833417892456, 0.9988275170326233, 0.8888561129570007, 0.999861478805542, 0.994181215763092, 0.9989503026008606, 0.8577501773834229, 0.7310470342636108, 0.9999803304672241, 0.9999970197677612, 0.9999986886978149
1, 2, 3, 10, 8, 4, 5, 6, 7, 13, 17, 11, 12, 15, 20, 14, 19, 18, 9, 16
0.9976867437362671, 0.9060213565826416, 0.7229951024055481, 0.9677974581718445, 0.9983689188957214, 0.48795801401138306, 0.6867846846580505, 0.9510462284088135, 0.9673201441764832, 0.7679190635681152, 0.9858093857765198, 0.8351991176605225, 0.9977778792381287, 0.9832393527030945, 0.9407969117164612, 0.7767208814620972, 0.9984486103057861, 0.9921637773513794, 0.9945864677429199, 0.9218722581863403, 0.5398375988006592, 0.9999951124191284, 0.9873179793357849, 0.995894193649292, 0.9896519780158997, 0.7956281304359436, 0.9944585561752319, 0.9999898672103882, 0.9991475343704224, 0.9999678134918213, 0.9999831914901733
1, 8, 5, 7, 14, 15, 13, 17, 18, 10, 2, 3, 16, 6, 4, 12, 19, 20, 9, 11
0.9753840565681458, 0.44834575057029724, 0.5759599804878235, 0.5503975749015808, 0.9907526969909668, 0.5385233163833618, 0.9983226656913757, 0.985293447971344, 0.926775336265564, 0.7450388073921204, 0.7094478011131287, 0.9898343086242676, 0.9959092140197754, 0.7819464206695557, 0.9360668659210205, 0.47775349020957947, 0.998141884803772, 0.8958560824394226, 0.9996908903121948, 0.8298251032829285, 0.9129563570022583, 0.9958674907684326, 0.9907326698303223, 0.8745976686477661, 0.9994304776191711, 0.9999943971633911, 0.9999966621398926, 0.9983863830566406, 0.9999712705612183, 0.999818742275238
1, 2, 3, 4, 5, 6, 7, 8, 9, 14, 11, 15, 19, 17, 18, 10, 20, 12, 13, 16
0.9320041537284851, 0.9328378438949585, 0.9941869974136353, 0.9994303584098816, 0.9996336698532104, 0.9998362064361572, 0.940792977809906, 0.9958256483078003, 0.9953071475028992, 0.9999699592590332, 0.727298378944397, 0.9999436140060425, 0.5035804510116577, 0.9999411106109619, 0.998206615447998, 0.9998958110809326, 0.4531087577342987, 0.9936482310295105, 0.5627795457839966, 0.9909620881080627, 0.9542238712310791, 0.9362746477127075, 0.9975724816322327, 0.5234121084213257, 0.9999880790710449, 0.99997878074646, 0.47230562567710876, 0.999969482421875, 0.999900221824646, 0.9999986886978149, 0.999996542930603
2, 3, 8, 11, 5, 10, 4, 7, 17, 1, 15, 18, 6, 12, 16, 19, 20, 9, 13, 14
0.519699215888977, 0.934971034526825, 0.5565979480743408, 0.6459455490112305, 0.9373411536216736, 0.9103394746780396, 0.4133816659450531, 0.9737260341644287, 0.9208875894546509, 0.9324921369552612, 0.9725402593612671, 0.9423702955245972, 0.8368107676506042, 0.6382601857185364, 0.3848622143268585, 0.5557724833488464, 0.5249232649803162, 0.5137864351272583, 0.9825261831283569, 0.9179072976112366, 0.9318464994430542, 0.8722379207611084, 0.9702113270759583, 0.9999796152114868, 0.9846184849739075, 0.9999890327453613, 0.9995049238204956, 0.9985004663467407, 0.7017065286636353, 0.9999179840087891, 0.9999932050704956
1, 2, 3, 6, 5, 11, 13, 20, 16, 17, 19, 4, 7, 12, 9, 8, 14, 10, 15, 18
0.9024872183799744, 0.9010440111160278, 0.8404319882392883, 0.8166844844818115, 0.5121743083000183, 0.8547142744064331, 0.6305072903633118, 0.9020060300827026, 0.9912838935852051, 0.7003747820854187, 0.9999879598617554, 0.5571591854095459, 0.5269089937210083, 0.996972918510437, 0.9974811673164368, 0.8381455540657043, 0.9042108058929443, 0.5546400547027588, 0.6548168063163757, 0.7347378730773926, 0.9760406613349915, 0.4553990364074707, 0.6757299900054932, 0.9999102354049683, 0.4824214279651642, 0.9999262094497681, 0.7627347111701965, 0.9999973773956299, 0.6406298875808716, 0.9999997615814209, 0.9999994039535522
1, 2, 4, 16, 11, 19, 5, 7, 17, 18, 10, 12, 13, 14, 6, 8, 15, 20, 3, 9
0.8731683492660522, 0.8221787214279175, 0.9860514402389526, 0.8947010636329651, 0.8402402997016907, 0.9579729437828064, 0.9523947238922119, 0.7899766564369202, 0.9704917073249817, 0.6082386374473572, 0.5296459794044495, 0.988768458366394, 0.516383707523346, 0.9814448952674866, 0.5694733262062073, 0.9464894533157349, 0.945872962474823, 0.7110886573791504, 0.9100777506828308, 0.9998929500579834, 0.9965587258338928, 0.9997573494911194, 0.9999048709869385, 0.7269204258918762, 0.8476437330245972, 0.9047240018844604, 0.999824583530426, 0.8473944664001465, 0.9999979734420776, 0.9612461924552917, 0.9999854564666748
1, 5, 10, 18, 4, 7, 3, 17, 2, 15, 9, 8, 6, 14, 16, 11, 13, 12, 19, 20
0.789288341999054, 0.7146719098091125, 0.764782726764679, 0.8948026299476624, 0.8110305070877075, 0.9975823163986206, 0.4605320990085602, 0.9499433636665344, 0.946992039680481, 0.563744068145752, 0.9805682301521301, 0.38665837049484253, 0.4054928421974182, 0.9609450101852417, 0.8084472417831421, 0.618264377117157, 0.7692853808403015, 0.9465370774269104, 0.8327472805976868, 0.9597358703613281, 0.967850923538208, 0.8006423711776733, 0.5274866223335266, 0.8266741633415222, 0.8377940654754639, 0.9161007404327393, 0.5116872191429138, 0.9597598314285278, 0.9999924898147583, 0.9999856948852539, 0.9999979734420776
7, 1, 4, 12, 13, 10, 17, 2, 18, 19, 20, 11, 3, 6, 5, 8, 9, 14, 15, 16
0.4774215519428253, 0.6555134654045105, 0.6678441166877747, 0.9698306322097778, 0.9792351126670837, 0.7842075824737549, 0.38220375776290894, 0.8394232988357544, 0.6700963377952576, 0.9957172274589539, 0.9989519119262695, 0.6785221099853516, 0.7193126678466797, 0.5925425291061401, 0.5462415814399719, 0.9707584381103516, 0.9955692887306213, 0.9999949932098389, 0.6716800332069397, 0.9998109936714172, 0.906574010848999, 0.9526581764221191, 0.9973171353340149, 0.5213270783424377, 0.9687240719795227, 0.9998642206192017, 0.8869792222976685, 0.9999840259552002, 0.9999765157699585, 0.9999872446060181, 0.999967098236084
6, 5, 1, 2, 3, 20, 16, 17, 18, 19, 10, 13, 14, 15, 4, 12, 7, 11, 9, 8
0.9450074434280396, 0.9975276589393616, 0.4106728434562683, 0.9982701539993286, 0.9980669617652893, 0.31193047761917114, 0.9999953508377075, 0.8022656440734863, 0.6566910147666931, 0.9901487827301025, 0.958487868309021, 0.9995700716972351, 0.9849741458892822, 0.9999392032623291, 0.9999831914901733, 0.9912260174751282, 0.9335753917694092, 0.9028756618499756, 0.9465615153312683, 0.9993189573287964, 0.9817264676094055, 0.9999006986618042, 0.9999963045120239, 0.9752912521362305, 0.6501779556274414, 0.8824107050895691, 0.9037263989448547, 0.9190573692321777, 0.9999924898147583, 0.9455777406692505, 0.9999960660934448
13, 19, 20, 16, 17, 18, 9, 12, 5, 14, 7, 10, 8, 6, 2, 3, 1, 15, 4, 11
0.7042312622070312, 0.7043052315711975, 0.8337910175323486, 0.5653987526893616, 0.6098336577415466, 0.9996522665023804, 0.9264443516731262, 0.6428649425506592, 0.7489487528800964, 0.6614881753921509, 0.9858792424201965, 0.9987943172454834, 0.4613237679004669, 0.5881460905075073, 0.9289495944976807, 0.403902530670166, 0.5879985690116882, 0.7162047624588013, 0.4457409679889679, 0.694064199924469, 0.9963096976280212, 0.9695596694946289, 0.5792073607444763, 0.8555201888084412, 0.997258186340332, 0.9902164936065674, 0.9353153109550476, 0.9903523325920105, 0.9850412011146545, 0.9999986886978149, 0.999984622001648
14, 19, 18, 15, 16, 2, 9, 13, 10, 11, 8, 17, 3, 4, 5, 6, 20, 7, 12, 1
0.9958397150039673, 0.9964206218719482, 0.7259098887443542, 0.8044381141662598, 0.9597685933113098, 0.9025958776473999, 0.6829796433448792, 0.7240111827850342, 0.4621506929397583, 0.45836228132247925, 0.34647348523139954, 0.5145335793495178, 0.6468604803085327, 0.7606884241104126, 0.5498705506324768, 0.4007405936717987, 0.4726661741733551, 0.6192600131034851, 0.5927574634552002, 0.5746895670890808, 0.8022054433822632, 0.38305822014808655, 0.38934656977653503, 0.8065513968467712, 0.9930336475372314, 0.6882320642471313, 0.9999982118606567, 0.585014283657074, 0.999964714050293, 0.6756938695907593, 0.9999986886978149
1, 3, 4, 5, 14, 10, 13, 6, 8, 17, 2, 9, 11, 15, 16, 20, 12, 7, 19, 18
0.8446943163871765, 0.6519210934638977, 0.9469676613807678, 0.9991334080696106, 0.5819489359855652, 0.9508258700370789, 0.761523962020874, 0.9764872193336487, 0.9841076135635376, 0.9433704018592834, 0.5708678364753723, 0.7248590588569641, 0.5548098087310791, 0.8507158756256104, 0.5003213286399841, 0.616689920425415, 0.9906768798828125, 0.9517655968666077, 0.9899337887763977, 0.9744412302970886, 0.9993399977684021, 0.9997542500495911, 0.9042086005210876, 0.9999977350234985, 0.803058385848999, 0.6910373568534851, 0.7718060612678528, 0.9999762773513794, 0.5736407041549683, 0.9999985694885254, 0.999998927116394
2, 3, 1, 4, 8, 14, 17, 5, 6, 7, 9, 12, 11, 15, 16, 18, 19, 20, 13, 10
0.41430917382240295, 0.7658663988113403, 0.6325014233589172, 0.9319566488265991, 0.43347781896591187, 0.7607388496398926, 0.66947340965271, 0.4205700159072876, 0.8840945959091187, 0.36832672357559204, 0.457376092672348, 0.6818298697471619, 0.9459381699562073, 0.9713431596755981, 0.8722613453865051, 0.9788145422935486, 0.6581029891967773, 0.9867104887962341, 0.7071113586425781, 0.9993647933006287, 0.9964788556098938, 0.9111536145210266, 0.6434397101402283, 0.99857497215271, 0.9999085664749146, 0.979273796081543, 0.9999959468841553, 0.9999014139175415, 0.9597427248954773, 0.9999927282333374, 0.9999979734420776
15, 10, 11, 20, 7, 6, 5, 14, 13, 12, 16, 19, 18, 17, 8, 9, 3, 4, 2, 1
0.7401738166809082, 0.8060188293457031, 0.6861408948898315, 0.44879189133644104, 0.8599520921707153, 0.9782326221466064, 0.7997868061065674, 0.9623199105262756, 0.3309454619884491, 0.7036886215209961, 0.9977418184280396, 0.6541764736175537, 0.2849951684474945, 0.9965786337852478, 0.9987776875495911, 0.7246273159980774, 0.549297571182251, 0.6812072992324829, 0.34688806533813477, 0.7445923686027527, 0.5034173727035522, 0.9506840705871582, 0.8495650887489319, 0.9873086810112, 0.9994933605194092, 0.5979565382003784, 0.9977838397026062, 0.9080299139022827, 0.9968001842498779, 0.7090150713920593, 0.9999992847442627
3, 13, 7, 8, 15, 16, 9, 19, 2, 6, 4, 5, 1, 14, 17, 12, 10, 11, 18, 20
0.4916802644729614, 0.7468422651290894, 0.8966531157493591, 0.498472660779953, 0.9828117489814758, 0.7553775906562805, 0.8727819323539734, 0.9295304417610168, 0.999739944934845, 0.8922196626663208, 0.4058520495891571, 0.6318904161453247, 0.3508793115615845, 0.8278092741966248, 0.46298232674598694, 0.9004496932029724, 0.9996460676193237, 0.9998263716697693, 0.6005433201789856, 0.9996753931045532, 0.9911023378372192, 0.9991542100906372, 0.7236127257347107, 0.9974197149276733, 0.9830012321472168, 0.9168118834495544, 0.980889618396759, 0.5038702487945557, 0.9998231530189514, 0.9999740123748779, 0.9999994039535522
4, 1, 6, 8, 9, 11, 15, 17, 13, 3, 10, 14, 18, 16, 7, 19, 2, 5, 12, 20
0.609630286693573, 0.8677660226821899, 0.5685923099517822, 0.558707058429718, 0.8504714369773865, 0.9477123022079468, 0.9830143451690674, 0.5818725228309631, 0.9546524286270142, 0.4245183765888214, 0.5044907927513123, 0.5513848662376404, 0.7586883902549744, 0.39535096287727356, 0.42667847871780396, 0.7405945062637329, 0.9243929386138916, 0.594001054763794, 0.9792544841766357, 0.6823878288269043, 0.8222706913948059, 0.9723019599914551, 0.30835381150245667, 0.6463165879249573, 0.9997461438179016, 0.9138961434364319, 0.7093588709831238, 0.7279713749885559, 0.999996542930603, 0.9999970197677612, 0.9999947547912598
3, 4, 13, 2, 5, 14, 15, 8, 9, 10, 19, 7, 17, 18, 11, 6, 12, 20, 1, 16
0.4565648138523102, 0.8765153884887695, 0.3914291262626648, 0.8340590596199036, 0.552031934261322, 0.4403493404388428, 0.5531409978866577, 0.8908024430274963, 0.31910786032676697, 0.6604305505752563, 0.321768194437027, 0.9642959237098694, 0.7028372287750244, 0.4952104687690735, 0.695048451423645, 0.9509906768798828, 0.7158064842224121, 0.7669143676757812, 0.6827079653739929, 0.9969568252563477, 0.9996823072433472, 0.8737829327583313, 0.957602322101593, 0.7290016412734985, 0.7711398601531982, 0.7319639921188354, 0.9759071469306946, 0.9999955892562866, 0.9998151659965515, 0.9999961853027344, 0.9999849796295166
1, 2, 7, 8, 6, 9, 10, 3, 4, 5, 15, 20, 14, 16, 17, 18, 19, 11, 12, 13
0.9032902121543884, 0.9923460483551025, 0.8436697125434875, 0.7779656648635864, 0.5717058777809143, 0.48797842860221863, 0.8879971504211426, 0.9986868500709534, 0.5130568742752075, 0.9864704012870789, 0.9291782379150391, 0.9827659130096436, 0.5501468777656555, 0.7953284382820129, 0.9999964237213135, 0.9982889294624329, 0.8268383145332336, 0.9997175335884094, 0.9081863164901733, 0.9998261332511902, 0.8820979595184326, 0.9999874830245972, 0.9999815225601196, 0.9998643398284912, 0.9902348518371582, 0.9999701976776123, 0.6915741562843323, 0.9999990463256836, 0.9999668598175049, 0.9999998807907104, 0.9999998807907104
