2, 12, 7, 3, 1, 13, 15, 16, 18, 9, 6, 8, 14, 10, 17, 4, 5, 11, 19, 20
0.9879004955291748, 0.3239952623844147, 0.9540022015571594, 0.37954390048980713, 0.6025422811508179, 0.7314126491546631, 0.5751888155937195, 0.8255506753921509, 0.6580286026000977, 0.67818284034729, 0.4668412506580353, 0.8023290038108826, 0.26912814378738403, 0.9957850575447083, 0.45198872685432434, 0.4058530032634735, 0.6613360643386841, 0.8922837972640991, 0.9368593692779541, 0.6125673651695251, 0.9134405851364136, 0.5155432224273682, 0.9819934368133545, 0.5080487728118896, 0.8094878196716309, 0.9019177556037903, 0.6619184017181396, 0.9553189277648926, 0.9999994039535522, 0.9999998807907104, 1.0
1, 11, 12, 2, 10, 19, 14, 15, 13, 5, 6, 3, 8, 4, 20, 9, 17, 18, 7, 16
0.9978893399238586, 0.6051614880561829, 0.4110054075717926, 0.8248984813690186, 0.42772358655929565, 0.7817742228507996, 0.9619331359863281, 0.5797516703605652, 0.5481023192405701, 0.7074251770973206, 0.6052815318107605, 0.5009945631027222, 0.8695535063743591, 0.8612041473388672, 0.32447540760040283, 0.9990791082382202, 0.3658442199230194, 0.8343946933746338, 0.5344122648239136, 0.5074710845947266, 0.4459940195083618, 0.5380727648735046, 0.9999998807907104, 0.4263400435447693, 0.49999314546585083, 0.5783638954162598, 0.8871970772743225, 0.9273170232772827, 0.6859437823295593, 1.0, 0.9999990463256836
7, 1, 3, 8, 15, 14, 11, 9, 10, 17, 18, 2, 5, 20, 6, 4, 16, 12, 13, 19
0.9070476293563843, 0.9258748888969421, 0.43963465094566345, 0.5939227342605591, 0.41074347496032715, 0.7878202795982361, 0.9196981191635132, 0.840596616268158, 0.9105758666992188, 0.9508838653564453, 0.5056400299072266, 0.9175477623939514, 0.37815529108047485, 0.706014096736908, 0.6870945692062378, 0.9687036871910095, 0.9991703033447266, 0.915273129940033, 0.6538205146789551, 0.8398178815841675, 0.9999998807907104, 0.4728354513645172, 0.5736717581748962, 0.9999997615814209, 0.7843878269195557, 0.9999996423721313, 0.7943747639656067, 0.9999995231628418, 0.5813011527061462, 1.0, 1.0
1, 5, 10, 2, 6, 9, 7, 3, 8, 11, 12, 13, 14, 15, 16, 17, 18, 19, 4, 20
0.9969395399093628, 0.7634177803993225, 0.9666807651519775, 0.9995456337928772, 0.8945709466934204, 0.5029134154319763, 0.4674447774887085, 0.837152898311615, 0.7470794916152954, 0.8763151168823242, 0.989500105381012, 0.8052523136138916, 0.9998939037322998, 0.9983245730400085, 0.9993725419044495, 0.9944958090782166, 0.9977854490280151, 0.7383607029914856, 0.9988273978233337, 0.6653125286102295, 0.9998935461044312, 0.9974786639213562, 0.999612033367157, 0.9997978806495667, 0.9747148156166077, 0.9998013377189636, 0.9994434714317322, 0.9999997615814209, 0.882422924041748, 0.9999996423721313, 0.9999997615814209
2, 5, 6, 10, 11, 12, 1, 8, 9, 3, 19, 4, 7, 13, 14, 15, 16, 17, 18, 20
0.727821409702301, 0.6975260972976685, 0.9892607927322388, 0.9322264194488525, 0.596454381942749, 0.9729514122009277, 0.6086698174476624, 0.9788770079612732, 0.8389615416526794, 0.9136090874671936, 0.5091493129730225, 0.947567880153656, 0.6519470810890198, 0.6726863980293274, 0.55904620885849, 0.408770352602005, 0.6972908973693848, 0.9999254941940308, 0.999783456325531, 0.9999994039535522, 0.9996906518936157, 0.9999996423721313, 0.9999932050704956, 0.9999988079071045, 0.9999033212661743, 0.9999991655349731, 0.999843955039978, 0.9999984502792358, 1.0, 0.999894380569458, 1.0
19, 15, 5, 10, 7, 6, 4, 9, 11, 20, 1, 18, 14, 16, 17, 8, 12, 2, 3, 13
0.9802224040031433, 0.8073270320892334, 0.8699610233306885, 0.7705205678939819, 0.5769034028053284, 0.46182873845100403, 0.9709656238555908, 0.888985276222229, 0.30302077531814575, 0.5041693449020386, 0.44908374547958374, 0.69105064868927, 0.7727415561676025, 0.5560411810874939, 0.8740682601928711, 0.7567727565765381, 0.606571614742279, 0.6351813077926636, 0.563162624835968, 0.4974590539932251, 0.43889036774635315, 0.4023204743862152, 0.6195690631866455, 0.8158471584320068, 0.35394948720932007, 0.49170222878456116, 0.5544502139091492, 0.6324214935302734, 0.5467296838760376, 0.9999997615814209, 0.9999995231628418
13, 7, 3, 1, 12, 4, 16, 2, 5, 10, 9, 6, 14, 18, 17, 11, 15, 20, 8, 19
0.5062779188156128, 0.6580659747123718, 0.8971816301345825, 0.5968371629714966, 0.2849333882331848, 0.5434538125991821, 0.6749911308288574, 0.4315156936645508, 0.478300005197525, 0.906602680683136, 0.7205690145492554, 0.6157518029212952, 0.5317098498344421, 0.7758156657218933, 0.3585261106491089, 0.5353159308433533, 0.9438145756721497, 0.49177098274230957, 0.915119469165802, 0.45560482144355774, 0.9451304078102112, 0.928307294845581, 0.6145828366279602, 0.7476905584335327, 0.42133140563964844, 0.8311161994934082, 0.6410267949104309, 0.9999978542327881, 0.7606356739997864, 1.0, 0.9999998807907104
18, 11, 1, 20, 4, 9, 12, 13, 14, 15, 7, 8, 2, 5, 3, 19, 6, 16, 10, 17
0.9059358239173889, 0.5332768559455872, 0.6675752401351929, 0.9348416328430176, 0.42163148522377014, 0.42818257212638855, 0.9637422561645508, 0.7185607552528381, 0.35032713413238525, 0.43571192026138306, 0.5574923753738403, 0.646901547908783, 0.6804712414741516, 0.38154301047325134, 0.5819754600524902, 0.747710108757019, 0.724974513053894, 0.3639541268348694, 0.37172257900238037, 0.28640875220298767, 0.8514548540115356, 0.9619960188865662, 0.5736673474311829, 0.5780872702598572, 0.7089983224868774, 0.9999890327453613, 0.709847092628479, 0.9999885559082031, 0.4999925494194031, 1.0, 0.9999988079071045
6, 9, 16, 18, 2, 1, 11, 19, 17, 14, 7, 5, 4, 3, 12, 15, 20, 8, 10, 13
0.7596946954727173, 0.9924042820930481, 0.9890797734260559, 0.8309198021888733, 0.7297372221946716, 0.6909266710281372, 0.8655164837837219, 0.9605186581611633, 0.8344706296920776, 0.5035316944122314, 0.5999221205711365, 0.4042186439037323, 0.5923534631729126, 0.6579853892326355, 0.5277917385101318, 0.6059891581535339, 0.47175225615501404, 0.40353503823280334, 0.5708885788917542, 0.6744130849838257, 0.6464534401893616, 0.5511485934257507, 0.4652945399284363, 0.6630157828330994, 0.6903865933418274, 0.9999997615814209, 0.5350586175918579, 0.9999860525131226, 0.5312023162841797, 1.0, 0.9999995231628418
3, 2, 1, 18, 7, 16, 11, 12, 13, 14, 15, 9, 5, 4, 8, 17, 10, 19, 20, 6
0.6530851125717163, 0.7155482172966003, 0.9193333387374878, 0.4990112781524658, 0.8987953662872314, 0.7274750471115112, 0.3918149173259735, 0.6352675557136536, 0.9917222857475281, 0.8787859082221985, 0.9986647367477417, 0.997090220451355, 0.983386218547821, 0.9509706497192383, 0.9140726327896118, 0.9786126613616943, 0.7258200645446777, 0.7795692682266235, 0.46734076738357544, 0.8100057244300842, 0.9573729634284973, 0.3495127856731415, 0.7298478484153748, 0.41863784193992615, 0.546870231628418, 0.7185896039009094, 0.5855556130409241, 0.9999947547912598, 0.511712908744812, 1.0, 0.9999992847442627
8, 9, 16, 1, 2, 3, 4, 6, 13, 17, 18, 5, 10, 11, 12, 14, 15, 19, 7, 20
0.6395837068557739, 0.9953996539115906, 0.7558283805847168, 0.6105185747146606, 0.8759453296661377, 0.8687862157821655, 0.9864523410797119, 0.9991313815116882, 0.3976041078567505, 0.9411557912826538, 0.9709015488624573, 0.9641625881195068, 0.6931548118591309, 0.8252395391464233, 0.8374913334846497, 0.7012192010879517, 0.6180146336555481, 0.39806273579597473, 0.999988317489624, 0.9998263716697693, 0.9999381303787231, 0.7975590229034424, 0.9994268417358398, 0.9989515542984009, 0.9999954700469971, 0.9999967813491821, 0.9031825661659241, 0.999994158744812, 0.6150838136672974, 1.0, 1.0
5, 1, 7, 3, 19, 14, 15, 16, 12, 13, 10, 11, 18, 6, 8, 9, 2, 17, 20, 4
0.8410373330116272, 0.5542686581611633, 0.7358192205429077, 0.8158727884292603, 0.8766629695892334, 0.7702798843383789, 0.6172699928283691, 0.4993714392185211, 0.9961070418357849, 0.9959167838096619, 0.6641142964363098, 0.31334763765335083, 0.7250666618347168, 0.5261363387107849, 0.7788435220718384, 0.6605966091156006, 0.4460727572441101, 0.6766031980514526, 0.7729966640472412, 0.689721941947937, 0.4745960235595703, 0.9148606657981873, 0.6224775314331055, 0.47191840410232544, 0.997094988822937, 0.5855535268783569, 0.8146918416023254, 0.9999940395355225, 0.5077983140945435, 0.9999997615814209, 0.9999992847442627
1, 2, 3, 4, 7, 13, 12, 15, 19, 5, 6, 10, 14, 11, 17, 16, 8, 9, 18, 20
0.5132803320884705, 0.9480355381965637, 0.9997496008872986, 0.967850923538208, 0.9939785003662109, 0.9954583644866943, 0.9780483245849609, 0.9977787137031555, 0.9558703303337097, 0.8866786956787109, 0.4287435710430145, 0.798592746257782, 0.7252888083457947, 0.48454421758651733, 0.9997517466545105, 0.92978835105896, 0.991776704788208, 0.8131662607192993, 0.6540065407752991, 0.38393086194992065, 0.5736315250396729, 0.8748881816864014, 0.5348027944564819, 0.7056920528411865, 0.9907221794128418, 0.5184460878372192, 0.9040514230728149, 0.8438944816589355, 0.9999988079071045, 0.999994158744812, 1.0
5, 12, 8, 2, 11, 16, 19, 10, 3, 17, 18, 20, 14, 15, 6, 13, 1, 7, 9, 4
0.9880913496017456, 0.8334357142448425, 0.9962664246559143, 0.6129899621009827, 0.8574032783508301, 0.9779453873634338, 0.49188727140426636, 0.9390454888343811, 0.8118273019790649, 0.8257327079772949, 0.6129818558692932, 0.4662252366542816, 0.53785640001297, 0.45839354395866394, 0.7409113645553589, 0.7279229760169983, 0.5662050843238831, 0.9621437191963196, 0.7076932191848755, 0.9999996423721313, 0.7438519597053528, 0.5548698902130127, 0.7923644781112671, 0.8621783256530762, 0.4282973110675812, 0.5539341568946838, 0.6477640867233276, 0.28327539563179016, 0.38540586829185486, 0.5234047174453735, 0.9999996423721313
1, 2, 3, 4, 5, 6, 7, 8, 9, 10, 11, 12, 13, 14, 15, 16, 17, 18, 19, 20
0.994687557220459, 0.9831352233886719, 0.7637186050415039, 0.9750849604606628, 0.9242566823959351, 0.999546468257904, 0.9986186027526855, 0.9978546500205994, 0.9999387264251709, 0.9999998807907104, 0.9609386324882507, 1.0, 0.9999980926513672, 0.9999998807907104, 0.999340832233429, 1.0, 0.9999979734420776, 0.9999998807907104, 0.9999984502792358, 0.9999996423721313, 0.999998927116394, 0.9999997615814209, 0.9999994039535522, 0.9999994039535522, 0.9999997615814209, 0.9999984502792358, 0.9999992847442627, 0.9999977350234985, 0.9999990463256836, 0.9999992847442627, 0.9999985694885254
3, 4, 2, 1, 5, 8, 10, 17, 14, 7, 9, 15, 12, 13, 11, 16, 19, 6, 20, 18
0.8395900726318359, 0.9980454444885254, 0.6702122688293457, 0.4519861042499542, 0.8456490635871887, 0.8987054228782654, 0.825924277305603, 0.8516814112663269, 0.6497611999511719, 0.9833141565322876, 0.5561070442199707, 0.784835934638977, 0.828057050704956, 0.376295804977417, 0.9668580293655396, 0.6246340870857239, 0.9643352031707764, 0.3970145583152771, 0.9930897355079651, 0.7041675448417664, 0.7389101386070251, 0.8771461248397827, 0.7722742557525635, 0.6833773255348206, 0.8875388503074646, 0.94577956199646, 0.661645233631134, 0.5117151737213135, 1.0, 1.0, 0.9999997615814209
2, 1, 9, 3, 4, 8, 10, 16, 15, 13, 14, 12, 11, 5, 6, 7, 17, 18, 19, 20
0.6341051459312439, 0.9063298106193542, 0.4875517189502716, 0.4804081916809082, 0.9986943602561951, 0.8332436680793762, 0.9999775886535645, 0.6808733344078064, 0.9999707937240601, 0.5757929086685181, 0.9990050196647644, 0.45243898034095764, 0.994743824005127, 0.7339305281639099, 0.9873812198638916, 0.9676026701927185, 0.5808223485946655, 0.642151415348053, 0.520038366317749, 0.9513095617294312, 0.6308609247207642, 0.9983693957328796, 0.9999992847442627, 0.9996362924575806, 0.9489355087280273, 0.9999990463256836, 0.9999566078186035, 0.9999972581863403, 0.9999996423721313, 0.9999957084655762, 1.0
3, 2, 6, 20, 1, 11, 19, 5, 9, 18, 15, 13, 16, 14, 12, 10, 8, 7, 4, 17
0.9880752563476562, 0.8329504132270813, 0.530998945236206, 0.6719266772270203, 0.9999997615814209, 0.656417727470398, 0.5648342967033386, 0.7331642508506775, 0.6153665781021118, 0.8737444281578064, 0.5255805850028992, 0.504118800163269, 0.9748397469520569, 0.27938881516456604, 0.8527191877365112, 0.3340521454811096, 0.8472848534584045, 0.3467661738395691, 0.6549460887908936, 0.4185578227043152, 0.6691496968269348, 0.421043336391449, 0.5137794613838196, 0.589341938495636, 0.3840036690235138, 0.7217028141021729, 0.33750224113464355, 0.5564078688621521, 0.7519636154174805, 0.9999979734420776, 0.9999885559082031
1, 18, 16, 5, 4, 2, 15, 20, 17, 3, 11, 10, 12, 14, 8, 9, 19, 6, 7, 13
0.646486222743988, 0.4492415189743042, 0.9249948263168335, 0.30614638328552246, 0.9434182643890381, 0.5122091770172119, 0.5153532028198242, 0.5553750395774841, 0.8359491229057312, 0.8984599709510803, 0.4688485264778137, 0.9999994039535522, 0.696562647819519, 0.5482959747314453, 0.4965118169784546, 0.7638497352600098, 0.3834345042705536, 0.5450873970985413, 0.5754314661026001, 0.7311334013938904, 0.8613051176071167, 0.5467925667762756, 0.7353112101554871, 0.7814862728118896, 0.708112359046936, 0.7629368305206299, 0.6687253713607788, 0.38009482622146606, 0.8499460220336914, 0.9999997615814209, 0.9999985694885254
12, 13, 4, 17, 18, 16, 5, 1, 3, 11, 20, 15, 9, 8, 7, 14, 2, 10, 6, 19
0.9999411106109619, 0.9924690127372742, 0.9993708729743958, 0.9861387610435486, 0.5205587148666382, 0.9959679841995239, 0.44602200388908386, 0.9837954044342041, 0.4475916624069214, 0.8994824290275574, 0.77837073802948, 0.5603091716766357, 0.6182615756988525, 0.6679402589797974, 0.5616305470466614, 0.5909548401832581, 0.46216341853141785, 0.499980628490448, 0.5952574014663696, 0.6014031171798706, 0.43832552433013916, 0.3048425614833832, 0.9248458743095398, 0.6437259316444397, 0.7121785879135132, 0.4892486333847046, 0.7490702867507935, 0.6992387175559998, 0.8080412149429321, 1.0, 0.9999996423721313
4, 7, 5, 2, 19, 1, 8, 20, 12, 11, 10, 9, 6, 14, 15, 16, 3, 17, 18, 13
0.9936683773994446, 0.7816413640975952, 0.9590638279914856, 0.6029995083808899, 0.8615525364875793, 0.7193260192871094, 0.46039146184921265, 0.2691420316696167, 0.4332658350467682, 0.9999996423721313, 0.491176038980484, 0.5284875631332397, 0.9185853004455566, 0.369355171918869, 0.6434848308563232, 0.44380542635917664, 0.5353219509124756, 0.6368824243545532, 0.689294695854187, 0.3188851475715637, 0.9591417908668518, 0.7480018138885498, 0.8267059922218323, 0.931843101978302, 0.7185870409011841, 0.9999903440475464, 0.3747998774051666, 0.9999879598617554, 0.8006544709205627, 1.0, 0.9999995231628418
1, 2, 3, 7, 8, 9, 16, 18, 12, 14, 5, 6, 10, 11, 4, 13, 15, 19, 20, 17
0.4570733606815338, 0.9968233108520508, 0.987633466720581, 0.7640671730041504, 0.9616459608078003, 0.9971279501914978, 0.9883008003234863, 0.8439181447029114, 0.955198347568512, 0.8851543664932251, 0.7205443382263184, 0.614238977432251, 0.7320140600204468, 0.774508535861969, 0.7966411113739014, 0.9981878399848938, 0.998284637928009, 0.7275144457817078, 0.999698281288147, 0.999536395072937, 0.6892412900924683, 0.9859359264373779, 0.999314546585083, 0.6001855134963989, 0.4905576705932617, 0.9974485039710999, 0.6654054522514343, 0.9988824725151062, 0.9999997615814209, 0.9999998807907104, 0.9999998807907104
1, 2, 3, 5, 8, 10, 11, 12, 13, 14, 15, 16, 17, 18, 19, 4, 6, 7, 9, 20
0.7694908976554871, 0.6858268976211548, 0.6843166351318359, 0.5969297885894775, 0.9293065667152405, 0.924408495426178, 0.5690932273864746, 0.9969111084938049, 0.9905329942703247, 0.9963845014572144, 0.959648609161377, 0.9989873766899109, 0.8796435594558716, 0.9993396401405334, 0.7571566104888916, 0.996850311756134, 0.9906879663467407, 0.9659522175788879, 0.9988638162612915, 0.769098162651062, 0.7532622814178467, 0.7563538551330566, 0.9980417490005493, 0.9637842178344727, 0.9999991655349731, 0.858607292175293, 0.9643005728721619, 0.9957851767539978, 0.9997621178627014, 1.0, 1.0
2, 7, 4, 3, 5, 12, 14, 8, 15, 1, 11, 10, 6, 17, 13, 16, 20, 18, 9, 19
0.9819992780685425, 0.5684409737586975, 0.5283223390579224, 0.36145779490470886, 0.669732391834259, 0.512471079826355, 0.6073609590530396, 0.7891075611114502, 0.6412710547447205, 0.4880083501338959, 0.5446179509162903, 0.6847580075263977, 0.7926132678985596, 0.7556880116462708, 0.8855316638946533, 0.5098091959953308, 0.8755185008049011, 0.6514062285423279, 0.840898871421814, 0.6440881490707397, 0.35624760389328003, 0.44558173418045044, 0.4483204483985901, 0.8911874890327454, 0.7324859499931335, 0.9999997615814209, 0.8006875514984131, 0.9833232760429382, 0.9252286553382874, 1.0, 0.9999998807907104
6, 1, 4, 5, 13, 8, 7, 14, 15, 17, 18, 2, 19, 16, 11, 3, 9, 20, 12, 10
0.29567885398864746, 0.5936577916145325, 0.8153629302978516, 0.4031252861022949, 0.7391788363456726, 0.9839189052581787, 0.40574413537979126, 0.7161746025085449, 0.8437235951423645, 0.43764033913612366, 0.950186550617218, 0.820029616355896, 0.8666012287139893, 0.6322741508483887, 0.8965104818344116, 0.9853103160858154, 0.6804008483886719, 0.7926244735717773, 0.8678167462348938, 0.3918384313583374, 0.7016624212265015, 0.4078960120677948, 0.9978432655334473, 0.5800659656524658, 0.763800323009491, 0.6297641396522522, 0.9999996423721313, 0.9999892711639404, 0.7718304991722107, 0.9999995231628418, 0.9999997615814209
17, 9, 6, 19, 18, 20, 3, 4, 2, 13, 10, 1, 14, 15, 16, 12, 7, 11, 5, 8
0.7567334771156311, 0.963620662689209, 0.4675297141075134, 0.6054744124412537, 0.5372273325920105, 0.526725172996521, 0.49873724579811096, 0.9975616931915283, 0.9410862922668457, 0.9929694533348083, 0.3734627366065979, 0.6506644487380981, 0.9211373329162598, 0.9676768779754639, 0.3167014420032501, 0.9830183982849121, 0.39314061403274536, 0.9750083088874817, 0.88777095079422, 0.41072025895118713, 0.9039640426635742, 0.8453592658042908, 0.7406498789787292, 0.5963695645332336, 0.5297893285751343, 0.8790159821510315, 0.5584549903869629, 0.7441418766975403, 0.9999158382415771, 0.5885298848152161, 0.9998400211334229
9, 12, 13, 18, 7, 11, 19, 2, 10, 17, 15, 3, 5, 6, 1, 14, 4, 8, 20, 16
0.6502470970153809, 0.9988365769386292, 0.6395514607429504, 0.9984138011932373, 0.9932718873023987, 0.6482564210891724, 0.9663298726081848, 0.8868951201438904, 0.6685624718666077, 0.8801069259643555, 0.5720504522323608, 0.8129985928535461, 0.361972838640213, 0.45620787143707275, 0.4051378667354584, 0.39642542600631714, 0.43836578726768494, 0.22703655064105988, 0.49022066593170166, 0.2977098822593689, 0.25975942611694336, 0.3940006494522095, 0.49920904636383057, 0.42054054141044617, 0.6039113998413086, 0.2896883189678192, 0.41306665539741516, 0.7718368172645569, 0.9999994039535522, 0.9999997615814209, 0.999996542930603
1, 2, 3, 4, 6, 11, 10, 12, 5, 7, 8, 9, 13, 14, 15, 16, 17, 18, 19, 20
0.9953461289405823, 0.9958736300468445, 0.999614953994751, 0.9999886751174927, 0.638698160648346, 0.7450199723243713, 0.5333932638168335, 0.9307071566581726, 0.6111629009246826, 0.5156621336936951, 0.9989727735519409, 0.7014380097389221, 0.944557249546051, 0.9995463490486145, 0.9999909400939941, 0.9995018243789673, 0.961219847202301, 0.9999891519546509, 0.9998633861541748, 0.9999994039535522, 0.9984126091003418, 0.9999996423721313, 0.9993983507156372, 0.9999994039535522, 0.9999796152114868, 0.9999953508377075, 0.9999185800552368, 0.9999997615814209, 0.9999997615814209, 0.9999997615814209, 1.0
3, 14, 6, 1, 2, 16, 15, 5, 4, 9, 10, 17, 11, 12, 18, 7, 19, 8, 20, 13
0.999605119228363, 0.9510756731033325, 0.8998350501060486, 0.629597008228302, 0.8888129591941833, 0.8222251534461975, 0.5075376629829407, 0.6705000400543213, 0.5468642711639404, 0.9624265432357788, 0.45399749279022217, 0.3951767683029175, 0.5359945297241211, 0.9972437620162964, 0.9978882670402527, 0.6538309454917908, 0.41374459862709045, 0.6145592927932739, 0.5247134566307068, 0.8578325510025024, 0.950437605381012, 0.5092460513114929, 0.8756119608879089, 0.3300333619117737, 0.5947766304016113, 0.8128573894500732, 0.4943966567516327, 0.8688228726387024, 0.9999998807907104, 0.9999997615814209, 0.9999998807907104
12, 18, 13, 20, 8, 14, 5, 3, 4, 15, 6, 7, 10, 16, 9, 17, 1, 2, 19, 11
0.8076848387718201, 0.9273366928100586, 0.6848166584968567, 0.6080433130264282, 0.6130979657173157, 0.7400696277618408, 0.6930055618286133, 0.7121816277503967, 0.47731462121009827, 0.8246126770973206, 0.9340822696685791, 0.9389440417289734, 0.48117727041244507, 0.9850990772247314, 0.516643762588501, 0.6667637228965759, 0.40582275390625, 0.9869667291641235, 0.5849097967147827, 0.47377774119377136, 0.9782978892326355, 0.9434897303581238, 0.7070705890655518, 0.5698490142822266, 0.37272194027900696, 0.6791763305664062, 0.581301748752594, 0.9999997615814209, 0.9262990951538086, 1.0, 1.0
5, 17, 11, 18, 19, 10, 9, 16, 14, 12, 4, 7, 3, 2, 1, 15, 8, 20, 6, 13
0.9210969805717468, 0.9366087317466736, 0.7523946166038513, 0.9387871026992798, 0.5787345170974731, 0.83121657371521, 0.6099826693534851, 0.629516065120697, 0.562768280506134, 0.49623948335647583, 0.7254935503005981, 0.8648625612258911, 0.731316089630127, 0.5493283271789551, 0.4549522399902344, 0.4914971590042114, 0.34675219655036926, 0.7092454433441162, 0.298201322555542, 0.37922757863998413, 0.37095436453819275, 0.7616578936576843, 0.8552937507629395, 0.737225353717804, 0.9324343204498291, 0.3817584812641144, 0.3850528299808502, 0.9999996423721313, 0.7279589772224426, 1.0, 0.9999980926513672
5, 2, 19, 13, 6, 8, 7, 1, 3, 9, 17, 12, 11, 10, 16, 14, 4, 20, 15, 18
0.9332969188690186, 0.797693133354187, 0.9513622522354126, 0.8817858695983887, 0.5473397374153137, 0.7818593382835388, 0.5109459757804871, 0.6537795662879944, 0.9141532778739929, 0.5540711283683777, 0.6914263367652893, 0.6646363735198975, 0.897981584072113, 0.4976363480091095, 0.7791284322738647, 0.9284906983375549, 0.5237164497375488, 0.7939426302909851, 0.9412522912025452, 0.9725000262260437, 0.7963342666625977, 0.7374469041824341, 0.7177063226699829, 0.8911101818084717, 0.39160487055778503, 0.6892583966255188, 0.9999994039535522, 0.9999934434890747, 0.6406204700469971, 1.0, 0.9999995231628418
7, 19, 20, 12, 11, 16, 15, 9, 10, 17, 13, 8, 1, 3, 2, 5, 4, 18, 6, 14
0.5400428771972656, 0.5063807368278503, 0.8499028086662292, 0.5912789702415466, 0.9990509152412415, 0.963047981262207, 0.9627521634101868, 0.8298094272613525, 0.44074758887290955, 0.664851188659668, 0.5495046973228455, 0.7111445665359497, 0.9520593285560608, 0.821259081363678, 0.7894973754882812, 0.3524061143398285, 0.7259896993637085, 0.45201557874679565, 0.626483142375946, 0.46122848987579346, 0.45777884125709534, 0.3875963091850281, 0.36032527685165405, 0.6176145672798157, 0.3614225387573242, 0.4965241551399231, 0.6150723695755005, 0.535064697265625, 0.5077992677688599, 0.9999997615814209, 0.9999951124191284
16, 1, 2, 19, 10, 4, 12, 6, 7, 8, 9, 11, 5, 14, 13, 15, 18, 3, 20, 17
0.9772168397903442, 0.7598682641983032, 0.8729276061058044, 0.9996317625045776, 0.5807873010635376, 0.5562692284584045, 0.7556731104850769, 0.6035857200622559, 0.5887658596038818, 0.7798804044723511, 0.8145644068717957, 0.6025131940841675, 0.44825637340545654, 0.9129202961921692, 0.6768139004707336, 0.5004404187202454, 0.9243117570877075, 0.7192952632904053, 0.9309099912643433, 0.7099719643592834, 0.9588796496391296, 0.8853211402893066, 0.6668105125427246, 0.8125212788581848, 0.5799943804740906, 0.9970120191574097, 0.7949791550636292, 0.6926387548446655, 0.9999998807907104, 0.9999980926513672, 0.9999998807907104
13, 3, 1, 10, 11, 2, 6, 7, 8, 18, 19, 5, 16, 14, 15, 9, 20, 12, 17, 4
0.7283578515052795, 0.35380086302757263, 0.7287590503692627, 0.8369765281677246, 0.44614383578300476, 0.548229455947876, 0.9863767027854919, 0.9779532551765442, 0.4906611442565918, 0.40801310539245605, 0.552467405796051, 0.6163041591644287, 0.6142852902412415, 0.5777891278266907, 0.8834694623947144, 0.932675838470459, 0.6808887124061584, 0.982831597328186, 0.8813817501068115, 0.7454590797424316, 0.7740216851234436, 0.7383734583854675, 0.9995806813240051, 0.7367421984672546, 0.6075372695922852, 0.9999990463256836, 0.6441932320594788, 0.7217190265655518, 0.600186824798584, 0.9999970197677612, 1.0
4, 18, 1, 2, 12, 13, 6, 15, 17, 3, 11, 19, 5, 16, 7, 8, 10, 14, 9, 20
0.9893826246261597, 0.9410234093666077, 0.9144089221954346, 0.609208881855011, 0.9967519044876099, 0.5550581216812134, 0.5908805727958679, 0.9881525635719299, 0.9992948770523071, 0.7986481189727783, 0.7755468487739563, 0.6625164151191711, 0.9307004809379578, 0.9636602997779846, 0.6222198605537415, 0.6927363276481628, 0.5245807766914368, 0.950984537601471, 0.9551873207092285, 0.6354149580001831, 0.6211377382278442, 0.8044281601905823, 0.8302708268165588, 0.9995335340499878, 0.978164553642273, 0.5583092570304871, 0.795389711856842, 0.9999852180480957, 0.6037468314170837, 0.9999998807907104, 1.0
20, 13, 3, 9, 10, 7, 15, 14, 1, 18, 11, 6, 5, 2, 12, 8, 19, 17, 16, 4
0.5287761092185974, 0.9989099502563477, 0.989627480506897, 0.999178946018219, 0.9884809255599976, 0.5322307348251343, 0.916511595249176, 0.9559240341186523, 0.5026770234107971, 0.6993681788444519, 0.9393222332000732, 0.9389463663101196, 0.6823645234107971, 0.9423729181289673, 0.4937494099140167, 0.8608488440513611, 0.5355207324028015, 0.9075766801834106, 0.5173212289810181, 0.3974073529243469, 0.7563817501068115, 0.9739323854446411, 0.5623522996902466, 0.5276663303375244, 0.8871951103210449, 0.7723011374473572, 0.8006860017776489, 0.8244327902793884, 0.5117078423500061, 0.9999946355819702, 1.0
2, 3, 6, 1, 5, 10, 17, 12, 16, 14, 13, 11, 20, 15, 18, 4, 7, 9, 8, 19
0.6218999028205872, 0.9927642941474915, 0.5996228456497192, 0.8944150805473328, 0.6742874383926392, 0.993952214717865, 0.7679681777954102, 0.9917994737625122, 0.3463194966316223, 0.9939138293266296, 0.4238360822200775, 0.9890444278717041, 0.7188993692398071, 0.9736599326133728, 0.8173946142196655, 0.773517906665802, 0.7377079129219055, 0.5947822332382202, 0.6778457760810852, 0.37392738461494446, 0.999998927116394, 0.37620729207992554, 0.6874458193778992, 0.3927336633205414, 0.8576943874359131, 0.5034840106964111, 0.43328821659088135, 0.4654214382171631, 0.7690747380256653, 1.0, 0.9999996423721313
1, 6, 20, 11, 12, 3, 5, 4, 2, 19, 17, 13, 18, 15, 14, 7, 8, 9, 10, 16
0.7039210796356201, 0.8675559163093567, 0.8277604579925537, 0.9945287108421326, 0.45159444212913513, 0.8113852739334106, 0.9488509297370911, 0.9969035983085632, 0.7326138019561768, 0.4944142997264862, 0.31094494462013245, 0.5840598940849304, 0.4849281907081604, 0.7122582197189331, 0.7873139381408691, 0.7483220100402832, 0.8923999071121216, 0.6379744410514832, 0.6003791093826294, 0.5935625433921814, 0.6636443138122559, 0.5055811405181885, 0.8949507474899292, 0.9614534378051758, 0.4418553411960602, 0.9625563025474548, 0.6584122180938721, 0.9999982118606567, 0.6791737675666809, 1.0, 0.9999998807907104
8, 9, 12, 15, 16, 5, 1, 2, 13, 14, 3, 4, 6, 11, 10, 17, 18, 19, 7, 20
0.9178329110145569, 0.9956360459327698, 0.48128974437713623, 0.4684315323829651, 0.9760489463806152, 0.7304036021232605, 0.9967004656791687, 0.9955908060073853, 0.6674717664718628, 0.9420462250709534, 0.9999333620071411, 0.45035579800605774, 0.8517372608184814, 0.7936519980430603, 0.9814791679382324, 0.7732265591621399, 0.9999037981033325, 0.7623610496520996, 0.9950729012489319, 0.8981160521507263, 0.5037268996238708, 0.5680292844772339, 0.9471264481544495, 0.9858733415603638, 0.9999551773071289, 0.9999785423278809, 0.7206047773361206, 0.9999974966049194, 0.9585368037223816, 0.9999991655349731, 1.0
6, 1, 4, 13, 11, 19, 12, 20, 15, 5, 14, 9, 17, 7, 2, 3, 8, 10, 16, 18
0.405435174703598, 0.4509546458721161, 0.6344215273857117, 0.8634018898010254, 0.6957622766494751, 0.8674957156181335, 0.49980679154396057, 0.7982194423675537, 0.8427810072898865, 0.5140964984893799, 0.4683867394924164, 0.5334932804107666, 0.9769582152366638, 0.4190270006656647, 0.614737868309021, 0.3134925067424774, 0.27375876903533936, 0.36637797951698303, 0.6327968239784241, 0.4705142378807068, 0.7262707352638245, 0.34254252910614014, 0.3714670240879059, 0.4983036518096924, 0.573650062084198, 0.9999938011169434, 0.8092900514602661, 0.9999871253967285, 0.6039211750030518, 1.0, 0.9999996423721313
1, 2, 14, 15, 20, 13, 10, 11, 12, 3, 4, 5, 6, 7, 8, 9, 16, 17, 18, 19
0.9960576295852661, 0.8013049364089966, 0.5765401721000671, 0.861327588558197, 0.5498459935188293, 0.8388655185699463, 0.54257732629776, 0.999998927116394, 0.30610737204551697, 0.37712082266807556, 0.7319943904876709, 0.3404156565666199, 0.9846912026405334, 0.7898451685905457, 0.806402325630188, 0.9863094091415405, 0.6556641459465027, 0.9879190325737, 0.9999006986618042, 0.7271087765693665, 0.9998981952667236, 0.9999613761901855, 0.9952425956726074, 0.9999995231628418, 0.9903807044029236, 0.999998927116394, 0.9901105761528015, 0.9999995231628418, 0.9999516010284424, 1.0, 1.0
1, 3, 2, 5, 4, 6, 15, 10, 14, 13, 18, 9, 16, 17, 12, 7, 19, 11, 8, 20
0.9891371130943298, 0.29538363218307495, 0.49815207719802856, 0.6829957962036133, 0.42621082067489624, 0.4668375253677368, 0.4786812961101532, 0.5049835443496704, 0.93501877784729, 0.5426443219184875, 0.661892294883728, 0.5820389986038208, 0.6332555413246155, 0.5336187481880188, 0.791375994682312, 0.9888335466384888, 0.39021697640419006, 0.6442739367485046, 0.658991277217865, 0.8248417973518372, 0.7461432218551636, 0.5507534742355347, 0.8306782245635986, 0.6792146563529968, 0.8301734328269958, 0.9433209300041199, 0.48278146982192993, 0.9999970197677612, 0.6619070768356323, 1.0, 1.0
3, 8, 1, 10, 13, 15, 6, 9, 2, 4, 12, 19, 20, 5, 16, 14, 18, 11, 7, 17
0.5886268615722656, 0.6557050943374634, 0.942227303981781, 0.5922597646713257, 0.45014429092407227, 0.45912274718284607, 0.8655577898025513, 0.38488155603408813, 0.8670336008071899, 0.2934178411960602, 0.44628843665122986, 0.4911847412586212, 0.8975647687911987, 0.5442207455635071, 0.6371999979019165, 0.6753329634666443, 0.620182454586029, 0.7881614565849304, 0.9999996423721313, 0.7283869981765747, 0.8128629922866821, 0.5716248750686646, 0.7371505498886108, 0.5074021220207214, 0.7690700888633728, 0.4278532564640045, 0.6992472410202026, 0.699242353439331, 0.5888827443122864, 1.0, 0.9999984502792358
16, 15, 10, 1, 7, 2, 17, 13, 6, 3, 20, 12, 14, 19, 18, 9, 8, 5, 4, 11
0.9997132420539856, 0.9950830936431885, 0.9994117021560669, 0.99673992395401, 0.9454877972602844, 0.6711207032203674, 0.5056456327438354, 0.48239949345588684, 0.6572821140289307, 0.938542366027832, 0.9849346876144409, 0.5815867781639099, 0.9787827730178833, 0.5720508098602295, 0.7542888522148132, 0.7556688189506531, 1.0, 0.5677967667579651, 0.5774204134941101, 0.9717788696289062, 0.3814377784729004, 0.9140015244483948, 0.6337798237800598, 0.8571478724479675, 0.8311353921890259, 0.46146416664123535, 0.6552566885948181, 0.507655918598175, 0.5621660351753235, 1.0, 0.9999996423721313
3, 17, 7, 19, 2, 1, 15, 12, 11, 10, 18, 4, 13, 14, 5, 9, 6, 16, 20, 8
0.9220508933067322, 0.5370234847068787, 0.9089376926422119, 0.5639404654502869, 0.5798735618591309, 0.7683296203613281, 0.6607372760772705, 0.8302651643753052, 0.6926888823509216, 0.4283570647239685, 0.7475324273109436, 0.6155864000320435, 0.8664681911468506, 0.6201544404029846, 0.5602675676345825, 0.9806221723556519, 0.36751946806907654, 0.6332089900970459, 0.2628934979438782, 0.5634140372276306, 0.7986054420471191, 0.8702478408813477, 0.9789794683456421, 0.338593453168869, 0.5428414940834045, 0.4355067312717438, 0.37986764311790466, 0.999971866607666, 0.5195062160491943, 0.9999998807907104, 0.9999996423721313
1, 2, 5, 3, 16, 9, 14, 8, 10, 17, 19, 11, 13, 7, 12, 15, 20, 18, 4, 6
0.8591657876968384, 0.5721437335014343, 0.8337717056274414, 0.5895249247550964, 0.634494960308075, 0.9263867735862732, 0.4650304615497589, 0.7223103642463684, 0.7611140012741089, 0.4825572967529297, 0.571770966053009, 0.3183915615081787, 0.7594929933547974, 0.662389874458313, 0.8362085819244385, 0.9282397031784058, 0.5480339527130127, 0.7393103837966919, 0.5502350330352783, 0.9620126485824585, 0.9197049736976624, 0.9191774129867554, 0.609944224357605, 0.7065477967262268, 0.9196360111236572, 0.6564618349075317, 1.0, 0.578444242477417, 0.9999947547912598, 0.8198844790458679, 1.0
2, 1, 10, 4, 5, 6, 7, 8, 9, 11, 14, 15, 13, 12, 16, 17, 18, 19, 20, 3
0.5867740511894226, 0.5625479221343994, 0.5296807885169983, 0.543906033039093, 0.5595220327377319, 0.7129160165786743, 0.9938010573387146, 0.9913101196289062, 0.8815255165100098, 0.997879147529602, 0.9979010820388794, 0.8259298801422119, 0.9997605681419373, 0.9410360455513, 0.9999759197235107, 0.9998606443405151, 0.9505638480186462, 0.7687720656394958, 0.9810360670089722, 0.6188980340957642, 0.8395218253135681, 0.37012457847595215, 0.9948239326477051, 0.9459180235862732, 0.9878643155097961, 0.5350931882858276, 0.9878040552139282, 0.9999973773956299, 0.6513485312461853, 0.9999996423721313, 0.9999996423721313
2, 3, 1, 8, 5, 9, 11, 10, 7, 12, 13, 16, 17, 18, 19, 4, 14, 6, 20, 15
0.8880289196968079, 0.999036431312561, 0.9953302145004272, 0.44658172130584717, 0.3825111985206604, 0.5070440769195557, 0.6026173233985901, 0.4839159846305847, 0.7655302286148071, 0.5215360522270203, 0.48943182826042175, 0.8169424533843994, 0.6702786684036255, 0.9999414682388306, 0.9999582767486572, 0.7901345491409302, 0.5020856857299805, 0.7738365530967712, 0.5186382532119751, 0.8997913599014282, 0.825263500213623, 0.7120277881622314, 0.71224445104599, 0.5841538906097412, 0.551690399646759, 0.9850370287895203, 0.6180450916290283, 0.8221874237060547, 1.0, 0.9999998807907104, 1.0
15, 2, 9, 16, 8, 10, 1, 13, 5, 6, 11, 12, 7, 4, 3, 18, 19, 17, 20, 14
0.9977136850357056, 0.997306227684021, 0.9470498561859131, 0.6733745336532593, 0.8566588163375854, 0.9891992211341858, 0.8207815289497375, 0.8665439486503601, 0.6864290237426758, 0.5950897932052612, 0.4719233810901642, 0.8282321691513062, 0.9329267740249634, 0.7083272337913513, 0.5282274484634399, 0.41612040996551514, 0.5882164835929871, 0.7125301361083984, 0.6397095322608948, 0.3520093560218811, 0.49732574820518494, 0.9407835006713867, 0.9062236547470093, 0.7121700048446655, 0.5938268899917603, 0.6076101660728455, 0.8577573895454407, 0.7431628108024597, 0.9999998807907104, 1.0, 0.9999998807907104
5, 13, 1, 2, 6, 7, 12, 3, 4, 15, 14, 16, 17, 18, 19, 8, 9, 10, 11, 20
0.9197936058044434, 0.9919754862785339, 0.7728889584541321, 0.9931685924530029, 0.9986310601234436, 0.5488587617874146, 0.9986783862113953, 0.8150084614753723, 0.9986869692802429, 0.4185158312320709, 0.6367828845977783, 0.6399150490760803, 0.45724308490753174, 0.9957922697067261, 0.8253383636474609, 0.9817613959312439, 0.6444019079208374, 0.9980888962745667, 0.9564077258110046, 0.9847897887229919, 0.5051687359809875, 0.9946948885917664, 0.9991187453269958, 0.5973735451698303, 0.999913215637207, 0.9999974966049194, 0.9863619804382324, 0.999868631362915, 0.9999997615814209, 0.9999916553497314, 0.9999998807907104
6, 18, 14, 1, 15, 13, 7, 2, 10, 16, 4, 8, 12, 11, 17, 3, 5, 9, 20, 19
0.8722549676895142, 0.9982965588569641, 0.7645680904388428, 0.995248019695282, 0.38914480805397034, 0.9380059838294983, 0.8786581158638, 0.7697266936302185, 0.5052391886711121, 0.9311058521270752, 0.6625478267669678, 0.9535856246948242, 0.9617041945457458, 0.9044756293296814, 0.774716317653656, 0.8559640049934387, 0.4304523169994354, 0.4810684025287628, 0.578198254108429, 0.6224538087844849, 0.652586042881012, 0.8972833752632141, 0.7325418591499329, 0.9324288368225098, 0.26815810799598694, 0.5993784070014954, 0.6821393370628357, 0.8438906669616699, 0.9999996423721313, 1.0, 1.0
13, 18, 3, 4, 12, 10, 9, 14, 15, 16, 2, 1, 19, 20, 11, 5, 7, 8, 6, 17
0.9627359509468079, 0.7613987326622009, 0.6994802355766296, 0.6698715090751648, 0.6200056076049805, 0.9311355948448181, 0.7108135223388672, 0.37460586428642273, 0.5687084197998047, 0.7255777716636658, 0.9430469274520874, 0.590867280960083, 0.337999552488327, 0.9898226261138916, 0.871217668056488, 0.9497503042221069, 0.9843905568122864, 0.5335896611213684, 0.5572882294654846, 0.6144602298736572, 0.6632550358772278, 0.8714645504951477, 0.9999984502792358, 0.3785823583602905, 0.9783449172973633, 0.34453487396240234, 0.4085894525051117, 0.8065462708473206, 0.8397296667098999, 1.0, 0.9999990463256836
10, 20, 7, 1, 8, 3, 5, 11, 2, 14, 18, 15, 6, 16, 13, 19, 17, 9, 4, 12
0.9860615730285645, 0.9064816236495972, 0.8081867098808289, 0.9996761083602905, 0.738214910030365, 0.8350414633750916, 0.4382248520851135, 0.4091442823410034, 0.5800464153289795, 0.8489298820495605, 0.5039883255958557, 0.5545968413352966, 0.9623720049858093, 0.5722525715827942, 0.9427009224891663, 0.6476944088935852, 0.6036336421966553, 0.54013592004776, 0.6213797926902771, 0.9596527814865112, 0.3795207440853119, 0.9462935924530029, 0.523425281047821, 0.9566872715950012, 0.8730611205101013, 0.6405684947967529, 0.685937762260437, 0.36337020993232727, 0.5428574085235596, 1.0, 0.9999990463256836
10, 2, 3, 19, 12, 9, 5, 1, 7, 8, 16, 6, 13, 14, 15, 18, 4, 11, 17, 20
0.45407918095588684, 0.9295476675033569, 0.9491100907325745, 0.8951560258865356, 0.5747982263565063, 0.43594294786453247, 0.9275906085968018, 0.9679591655731201, 0.40392938256263733, 0.8305279612541199, 0.5707340240478516, 0.4239499568939209, 0.5582419037818909, 0.8838478326797485, 0.9555418491363525, 0.6427381038665771, 0.8813424706459045, 0.4193560779094696, 0.9655601382255554, 0.6590716242790222, 0.9723949432373047, 0.9622805714607239, 0.8407726287841797, 0.6651554107666016, 0.6412163376808167, 0.9161074161529541, 0.5736694931983948, 0.9697849750518799, 0.9999984502792358, 1.0, 1.0
6, 7, 10, 16, 12, 17, 19, 1, 15, 2, 11, 14, 4, 8, 9, 13, 20, 18, 5, 3
0.857089638710022, 0.9810335636138916, 0.9752697348594666, 0.655935525894165, 0.9374111890792847, 0.7703717947006226, 0.9829323291778564, 0.9718880653381348, 0.9415520429611206, 0.3976008892059326, 0.8459357619285583, 0.4210423231124878, 0.8536504507064819, 0.7410403490066528, 0.9384831190109253, 0.5281208753585815, 0.7074812650680542, 0.5072120428085327, 0.5906966924667358, 0.9007973074913025, 0.31284207105636597, 0.26865154504776, 0.3359239995479584, 0.33972492814064026, 0.7024393677711487, 0.2987320125102997, 0.9999997615814209, 0.3923497796058655, 0.9999891519546509, 0.5234047174453735, 0.9999998807907104
7, 6, 19, 15, 2, 3, 4, 5, 13, 11, 16, 17, 1, 10, 14, 18, 9, 12, 8, 20
0.8531729578971863, 0.9869927167892456, 0.9825029373168945, 0.8637352585792542, 0.956335186958313, 0.7276235222816467, 0.42364734411239624, 0.44696006178855896, 0.7683138847351074, 0.9907546639442444, 0.9933395981788635, 0.37062832713127136, 0.996767520904541, 0.9613924026489258, 0.9835551381111145, 0.3997320532798767, 0.9986560344696045, 0.9882369637489319, 0.967795193195343, 0.8316788077354431, 0.8150747418403625, 0.8498789668083191, 0.7721299529075623, 0.3947732448577881, 0.5311877131462097, 0.44405901432037354, 0.4686431884765625, 0.9999830722808838, 0.6370248794555664, 1.0, 1.0
1, 3, 6, 5, 2, 7, 13, 17, 10, 14, 15, 18, 16, 12, 11, 8, 20, 19, 4, 9
0.5052457451820374, 0.9781942963600159, 0.7626945972442627, 0.7334097027778625, 0.8599629402160645, 0.6162105798721313, 0.36894163489341736, 0.9738306999206543, 0.4133847653865814, 0.38803234696388245, 0.8890670537948608, 0.7018439769744873, 0.9788338541984558, 0.5662566423416138, 0.936612606048584, 0.5806285738945007, 0.7003105878829956, 0.356128454208374, 0.9434429407119751, 0.6595128178596497, 0.8103049993515015, 0.883975088596344, 0.3760906457901001, 0.6992243528366089, 0.4324270784854889, 0.3621023893356323, 0.9999996423721313, 0.47852465510368347, 0.9999958276748657, 0.6001771688461304, 1.0
3, 1, 2, 4, 5, 6, 7, 8, 9, 10, 11, 12, 13, 14, 15, 17, 18, 19, 20, 16
0.6013853549957275, 0.7171178460121155, 0.8598412871360779, 0.5422009229660034, 0.9980134963989258, 0.4546305239200592, 0.9997895359992981, 0.9937866926193237, 0.9919202327728271, 0.9998400211334229, 0.7663590312004089, 0.999997615814209, 0.9995737671852112, 0.9999992847442627, 0.9998703002929688, 0.9999980926513672, 0.9987118244171143, 0.9999991655349731, 0.9998558759689331, 0.9999822378158569, 0.9994082450866699, 0.999976634979248, 0.5693506598472595, 0.9999234676361084, 0.9974249601364136, 0.9861475825309753, 0.9986708164215088, 0.9857136011123657, 0.9999997615814209, 0.9999991655349731, 0.9999984502792358
6, 1, 7, 17, 18, 15, 14, 4, 5, 16, 8, 10, 12, 19, 20, 9, 3, 2, 13, 11
0.7255951762199402, 0.5724210739135742, 0.6105219125747681, 0.8905337452888489, 0.6530212163925171, 0.9525675773620605, 0.921513557434082, 0.7715463042259216, 0.7475295662879944, 0.5246753096580505, 0.9936386942863464, 0.37693679332733154, 0.44302353262901306, 0.49880215525627136, 0.8746592998504639, 0.40354543924331665, 0.5053572654724121, 0.8560357689857483, 0.3556903302669525, 0.7952193021774292, 0.3578639030456543, 0.9806017875671387, 0.7336731553077698, 0.8887215256690979, 0.43886786699295044, 0.4767359793186188, 0.8459305763244629, 0.9999970197677612, 0.7057807445526123, 1.0, 0.9999998807907104
14, 1, 2, 3, 4, 5, 6, 7, 8, 9, 10, 11, 12, 13, 15, 16, 17, 18, 19, 20
0.9856342673301697, 0.8474008440971375, 0.8328292965888977, 0.9593832492828369, 0.9952333569526672, 0.9937201738357544, 0.9986699819564819, 0.9997264742851257, 0.5367777347564697, 0.6324490308761597, 0.9873720407485962, 0.9999996423721313, 0.9989939332008362, 0.9999996423721313, 0.9997588992118835, 0.9999995231628418, 0.9999743700027466, 0.9999998807907104, 0.9999963045120239, 0.9999991655349731, 0.9998613595962524, 0.999998927116394, 0.9987775683403015, 0.9999983310699463, 0.9859347343444824, 0.9999984502792358, 0.9999922513961792, 0.9999078512191772, 0.9999996423721313, 0.9999998807907104, 1.0
5, 3, 2, 10, 11, 7, 12, 20, 9, 19, 6, 17, 8, 1, 18, 16, 15, 14, 13, 4
0.9961373209953308, 0.5397672653198242, 0.985400378704071, 0.880183219909668, 0.6380490660667419, 0.6778233647346497, 0.8526415228843689, 0.8388633728027344, 0.6959774494171143, 0.7133753895759583, 0.5198760032653809, 1.0, 0.6303892731666565, 0.7167905569076538, 0.9849421977996826, 0.7764060497283936, 0.7363541722297668, 0.6729171872138977, 0.8629554510116577, 0.9372044801712036, 0.9196367263793945, 0.338489830493927, 0.9732356667518616, 0.6353083848953247, 0.9585340619087219, 0.9811846613883972, 0.6477944850921631, 0.6406283378601074, 0.9518626928329468, 0.9999988079071045, 0.998830258846283
16, 17, 12, 13, 19, 20, 11, 6, 3, 1, 18, 8, 4, 5, 9, 10, 14, 7, 2, 15
0.9944986701011658, 0.4507080614566803, 0.9991080164909363, 0.9618544578552246, 0.9943286776542664, 0.9629725813865662, 0.9576306343078613, 0.8344073295593262, 0.6656181216239929, 0.5516717433929443, 0.5511605739593506, 0.9985062479972839, 0.8232476711273193, 0.7633025050163269, 0.7566773295402527, 0.4360159635543823, 0.624151349067688, 0.7690893411636353, 0.995119571685791, 0.5873144268989563, 0.3375009298324585, 0.3065590560436249, 0.6066464185714722, 0.8387916088104248, 0.8741684556007385, 0.4875167906284332, 0.5233677625656128, 0.5970475077629089, 0.5544688701629639, 1.0, 0.9999973773956299
1, 2, 5, 18, 4, 11, 16, 17, 7, 15, 3, 8, 12, 13, 14, 6, 9, 10, 19, 20
0.9837893843650818, 0.9995180368423462, 0.4391971230506897, 0.9772491455078125, 0.8712426424026489, 0.6627797484397888, 0.49981260299682617, 0.5512396097183228, 0.9586386680603027, 0.557486355304718, 0.706221342086792, 0.710058331489563, 0.4643523097038269, 0.6504420042037964, 0.7907490134239197, 0.7686164975166321, 0.38758403062820435, 0.6441864371299744, 0.7829694151878357, 0.9987912774085999, 0.9961276650428772, 0.9897123575210571, 0.9989683628082275, 0.738900363445282, 0.9504051804542542, 0.9967257976531982, 0.7956442832946777, 0.9986327290534973, 0.9999971389770508, 0.999996542930603, 1.0
1, 2, 3, 4, 5, 6, 7, 8, 9, 10, 11, 12, 13, 14, 15, 16, 17, 18, 19, 20
0.9973322153091431, 0.9048327207565308, 0.6954918503761292, 0.9427281618118286, 0.9996732473373413, 0.9996809959411621, 0.9993576407432556, 0.9998493194580078, 0.9884892106056213, 0.9999995231628418, 0.9995885491371155, 1.0, 0.9999903440475464, 0.9999998807907104, 0.9999991655349731, 0.9999983310699463, 0.9999916553497314, 0.9999997615814209, 0.9999972581863403, 0.9999974966049194, 0.9999969005584717, 0.9999998807907104, 0.9999995231628418, 0.9999990463256836, 0.9999912977218628, 0.9999920129776001, 0.9999489784240723, 0.9999994039535522, 0.9999994039535522, 0.9999998807907104, 0.9999996423721313
12, 1, 2, 11, 4, 13, 18, 19, 5, 7, 8, 9, 14, 15, 3, 6, 10, 16, 17, 20
0.9458925127983093, 0.3544348478317261, 0.8205237984657288, 0.34715643525123596, 0.4263518452644348, 0.7270791530609131, 0.7700300216674805, 0.5179717540740967, 0.9167425632476807, 0.6689056754112244, 0.9732525944709778, 0.9339883327484131, 0.9984960556030273, 0.45570480823516846, 0.3940376937389374, 0.4187193810939789, 0.9946963787078857, 0.8828031420707703, 0.9075527191162109, 0.9973504543304443, 0.9988563060760498, 0.6393958330154419, 0.9769065976142883, 0.999842643737793, 0.9696420431137085, 0.9999352693557739, 0.97870934009552, 0.9997172951698303, 0.9999998807907104, 1.0, 1.0
6, 5, 3, 1, 2, 4, 20, 16, 17, 18, 19, 13, 14, 15, 11, 8, 9, 10, 7, 12
0.8231315016746521, 0.5426516532897949, 0.5886359810829163, 0.9176849722862244, 0.9998636245727539, 0.6691306829452515, 0.6559500098228455, 0.9999994039535522, 0.9684831500053406, 0.8959389925003052, 0.9871357083320618, 0.9598376750946045, 0.995947539806366, 0.9083852171897888, 0.9752020239830017, 0.88072669506073, 0.9591760039329529, 0.6022857427597046, 0.9998691082000732, 0.9860694408416748, 0.9997639060020447, 0.9985554814338684, 0.6911680698394775, 0.8354511857032776, 0.7754811644554138, 0.9790403842926025, 0.9591517448425293, 0.9424957633018494, 0.8840384483337402, 1.0, 1.0
12, 5, 8, 7, 9, 1, 10, 14, 13, 17, 18, 15, 19, 20, 6, 3, 2, 11, 16, 4
0.9333812594413757, 0.9944128394126892, 0.5995010733604431, 0.39486950635910034, 0.6393752098083496, 0.89592444896698, 0.9042747616767883, 0.9160470366477966, 0.6343876123428345, 0.9026755094528198, 0.39609289169311523, 0.960227370262146, 0.45816799998283386, 0.9730287194252014, 0.47593075037002563, 0.9972686767578125, 0.9865561723709106, 0.9263744950294495, 0.76050865650177, 0.7962030172348022, 0.6176454424858093, 0.9174059629440308, 0.9930658340454102, 0.3663438856601715, 0.5365297198295593, 0.9680323004722595, 0.8311288952827454, 0.5077638030052185, 0.6113719940185547, 0.9999833106994629, 0.9999814033508301
2, 9, 12, 11, 10, 1, 5, 6, 4, 17, 14, 16, 18, 19, 7, 20, 3, 15, 8, 13
0.5982117652893066, 0.6980820894241333, 0.6690163016319275, 0.4988047480583191, 0.48056715726852417, 0.7034991979598999, 0.3588957190513611, 0.5064598321914673, 0.42622610926628113, 0.3581593930721283, 0.8044652342796326, 0.7807084321975708, 0.6978628039360046, 0.29029810428619385, 0.6703699827194214, 0.48504966497421265, 0.6302344799041748, 0.576852023601532, 0.5767240524291992, 0.7149926424026489, 0.9497695565223694, 0.9966467022895813, 0.46672192215919495, 0.6488805413246155, 0.9999991655349731, 0.6128149628639221, 0.7520027756690979, 0.6150493621826172, 0.6477867960929871, 1.0, 0.9999978542327881
3, 5, 4, 14, 20, 2, 13, 11, 1, 12, 7, 15, 16, 8, 9, 17, 10, 18, 19, 6
0.9868344664573669, 0.44279080629348755, 0.9703025221824646, 0.568647027015686, 0.5320702195167542, 0.5543064475059509, 0.8175628781318665, 0.6829727292060852, 0.7071178555488586, 0.4550096094608307, 0.7511197328567505, 0.4523370563983917, 0.5779420733451843, 0.4117342233657837, 0.6497277617454529, 0.5328032970428467, 0.4500207006931305, 0.2659947872161865, 0.8482745885848999, 0.93648362159729, 0.40840470790863037, 0.7104613184928894, 0.8791179060935974, 0.4467008709907532, 0.8175569176673889, 0.4973321557044983, 0.7310394048690796, 0.6825546622276306, 0.647793173789978, 0.9999986886978149, 1.0
14, 2, 17, 1, 3, 7, 9, 8, 15, 16, 4, 10, 18, 19, 13, 11, 5, 6, 12, 20
0.5989894866943359, 0.8838437795639038, 0.8336285948753357, 0.6549966335296631, 0.6126295924186707, 0.39766666293144226, 0.7032251358032227, 0.49124041199684143, 0.41092148423194885, 0.38709861040115356, 0.6253764033317566, 0.49092578887939453, 0.9766498804092407, 0.980482816696167, 0.5051053762435913, 0.9648526906967163, 0.4406452775001526, 0.9789134860038757, 0.4280585050582886, 0.9908120036125183, 0.9524877071380615, 0.7598497271537781, 0.7061033844947815, 0.7705713510513306, 0.5850847959518433, 0.4598338007926941, 0.6772624254226685, 0.6224579215049744, 0.9999963045120239, 1.0, 0.9999996423721313
15, 10, 11, 17, 18, 19, 2, 16, 3, 4, 12, 6, 7, 5, 20, 14, 13, 8, 9, 1
0.9875211715698242, 0.8740394115447998, 0.8622052669525146, 0.4586029350757599, 0.9641926288604736, 0.9846060276031494, 0.6117212772369385, 0.5875237584114075, 0.9798281788825989, 0.6427832841873169, 0.8509793281555176, 0.9813283681869507, 0.5749274492263794, 0.47319233417510986, 0.7604873776435852, 0.5966011881828308, 0.8837723135948181, 0.5657922029495239, 0.824790358543396, 0.20898714661598206, 0.3811451196670532, 0.30151212215423584, 0.3107997477054596, 1.0, 0.6426767110824585, 0.6108014583587646, 0.728308916091919, 0.9770100116729736, 0.5045375823974609, 0.9518600106239319, 1.0
3, 16, 15, 7, 8, 12, 11, 10, 4, 14, 1, 17, 13, 9, 2, 18, 19, 20, 5, 6
0.5737467408180237, 0.418319433927536, 0.3700997233390808, 0.8673564791679382, 0.9501862525939941, 0.48108598589897156, 0.9731467962265015, 0.8693920373916626, 0.7401137351989746, 0.7960307002067566, 0.2716515362262726, 0.714924156665802, 0.6324179172515869, 0.4103204905986786, 0.6554322838783264, 0.4178919196128845, 0.6845712065696716, 0.6654266715049744, 0.716713011264801, 0.41666728258132935, 0.7241231799125671, 0.35056886076927185, 0.556430459022522, 0.6270334720611572, 0.6113671660423279, 0.41281893849372864, 0.9999936819076538, 0.537002682685852, 0.9999995231628418, 0.8688178062438965, 0.9999998807907104
4, 9, 7, 5, 17, 13, 15, 11, 18, 10, 16, 3, 8, 14, 2, 1, 19, 12, 20, 6
0.996364951133728, 0.9559680223464966, 0.3526618480682373, 0.5332244038581848, 0.9916650652885437, 0.3421291708946228, 0.9844267964363098, 0.37844109535217285, 0.9667020440101624, 0.42439788579940796, 0.9216674566268921, 0.3226163387298584, 0.8357273936271667, 0.4247933626174927, 0.7467613816261292, 0.5256316661834717, 0.6730199456214905, 0.9285762906074524, 0.365890771150589, 0.622492790222168, 0.8717905282974243, 0.8285488486289978, 0.41567593812942505, 0.6457113027572632, 0.4293542802333832, 0.6405903100967407, 0.5826341509819031, 0.9999854564666748, 0.5467053651809692, 0.9999996423721313, 0.9999991655349731
19, 4, 10, 3, 2, 5, 8, 9, 14, 1, 17, 18, 15, 7, 11, 6, 12, 20, 13, 16
0.9946643114089966, 0.9994428753852844, 0.44535329937934875, 0.6783785820007324, 0.9879213571548462, 0.4829034209251404, 0.3365722596645355, 0.5444629192352295, 0.6191737651824951, 0.9552101492881775, 0.8657095432281494, 0.4555242657661438, 0.7955933809280396, 0.827875554561615, 0.7651316523551941, 0.9289793968200684, 0.9794778823852539, 0.4866710603237152, 0.3740035593509674, 0.3386800289154053, 0.4842497408390045, 0.5872664451599121, 0.5026289820671082, 0.6076351404190063, 0.43007639050483704, 0.5038944482803345, 0.9999978542327881, 0.9999908208847046, 0.6261013746261597, 1.0, 0.9999992847442627
1, 2, 3, 8, 6, 16, 9, 10, 15, 20, 4, 17, 18, 19, 11, 12, 5, 7, 13, 14
0.9824854135513306, 0.9999890327453613, 0.905749499797821, 0.5653547048568726, 0.9422846436500549, 0.43064987659454346, 0.5198260545730591, 0.5412157773971558, 0.9940168857574463, 0.9859796166419983, 0.776818573474884, 0.9717293381690979, 0.36302655935287476, 0.9999992847442627, 0.3177456855773926, 0.5534032583236694, 0.4521135985851288, 0.941336989402771, 0.9877324104309082, 0.5577724575996399, 0.7093286514282227, 0.8707573413848877, 0.9575026631355286, 0.9956324696540833, 0.9998140931129456, 0.9301785826683044, 0.5583250522613525, 0.9999997615814209, 0.9719916582107544, 1.0, 1.0
