2, 5, 7, 1, 3, 4, 6, 8, 9, 10, 11, 12, 13, 14, 15, 16, 17, 18, 19, 20
0.9790039658546448, 0.5702672004699707, 0.5972310900688171, 0.7245118021965027, 0.9880268573760986, 0.6581012010574341, 0.8526224493980408, 0.9894474744796753, 0.9888288378715515, 0.9999992847442627, 0.9186404943466187, 1.0, 0.8793182373046875, 0.9999994039535522, 0.991797924041748, 1.0, 0.9999943971633911, 0.9999994039535522, 0.9135997295379639, 1.0, 0.9999639987945557, 1.0, 0.9999945163726807, 0.9999966621398926, 0.9353363513946533, 0.9999992847442627, 0.9999964237213135, 0.9893411993980408, 0.9999639987945557, 0.9489114880561829, 0.9999992847442627
1, 2, 3, 4, 5, 6, 7, 8, 9, 10, 11, 12, 13, 14, 15, 16, 17, 18, 19, 20
0.9437850713729858, 0.9892811179161072, 0.9966078996658325, 0.9998937845230103, 0.968139111995697, 0.9995482563972473, 0.9999852180480957, 0.9985620379447937, 0.9219132661819458, 1.0, 0.9994282126426697, 0.9999997615814209, 0.9333007335662842, 1.0, 0.9999909400939941, 1.0, 0.9999922513961792, 0.9999996423721313, 0.999371349811554, 0.9999998807907104, 0.9999995231628418, 1.0, 0.9999933242797852, 1.0, 1.0, 1.0, 0.9999991655349731, 0.9999991655349731, 0.9999996423721313, 0.999830961227417, 1.0
1, 2, 3, 5, 7, 8, 9, 10, 11, 14, 15, 17, 18, 4, 6, 12, 13, 16, 19, 20
0.44771090149879456, 0.9597514867782593, 0.9802550673484802, 0.9955054521560669, 0.9335862994194031, 0.9997598528862, 0.6983764171600342, 0.9999995231628418, 0.9987515211105347, 1.0, 0.9999226331710815, 0.9999990463256836, 0.4886087477207184, 0.999998927116394, 0.9964699745178223, 0.945410430431366, 0.97336745262146, 0.9996421337127686, 0.9999508857727051, 0.6626368165016174, 0.9899829626083374, 0.9999972581863403, 0.999032735824585, 0.9999998807907104, 0.9934548735618591, 0.9999912977218628, 0.9939941763877869, 0.9999967813491821, 0.9999998807907104, 0.9970178604125977, 1.0
1, 2, 3, 5, 6, 7, 9, 10, 16, 14, 15, 8, 11, 12, 13, 18, 19, 4, 17, 20
0.9810495972633362, 0.8094348311424255, 0.7491384148597717, 0.8152993321418762, 0.7511966228485107, 0.8595009446144104, 0.7565110325813293, 0.9984435439109802, 0.999606192111969, 0.7471104264259338, 0.40909504890441895, 0.5481849312782288, 0.4813533425331116, 0.6032562851905823, 0.512555718421936, 0.446294903755188, 0.9971494078636169, 0.9876229763031006, 0.9999572038650513, 0.9987058639526367, 0.9989694356918335, 0.998946487903595, 0.5418314933776855, 0.5425313711166382, 0.9947511553764343, 0.9999029636383057, 0.9610074162483215, 0.7461322546005249, 0.999935507774353, 0.9046468138694763, 0.9999998807907104
2, 5, 6, 10, 11, 1, 8, 9, 3, 4, 7, 12, 13, 14, 15, 16, 17, 18, 19, 20
0.9886128902435303, 0.9881729483604431, 0.9998202919960022, 0.8339647054672241, 0.5894689559936523, 0.8715512156486511, 0.8857943415641785, 0.8421208262443542, 0.4005298614501953, 0.831525981426239, 0.8673011660575867, 0.5817064046859741, 0.9972795844078064, 0.9999954700469971, 0.9969205856323242, 1.0, 0.9999910593032837, 1.0, 0.9999961853027344, 1.0, 0.9999997615814209, 1.0, 0.9999994039535522, 1.0, 0.9999983310699463, 0.9999998807907104, 0.9999990463256836, 0.9999843835830688, 0.9999994039535522, 0.9852696061134338, 0.9999998807907104
1, 2, 5, 8, 10, 12, 13, 14, 16, 17, 18, 3, 4, 6, 7, 9, 11, 15, 19, 20
0.9966002106666565, 0.9995148181915283, 0.6533076763153076, 0.7630310654640198, 0.7021380662918091, 0.6471105217933655, 0.983326256275177, 0.7966427206993103, 0.9919742941856384, 0.8753545880317688, 0.9949812293052673, 0.7475168108940125, 0.9980036616325378, 0.7695429921150208, 0.9999626874923706, 0.9918859004974365, 0.9892330169677734, 0.9997875094413757, 0.9347560405731201, 0.5714351534843445, 0.9979497790336609, 0.9019160866737366, 0.9999897480010986, 0.9999998807907104, 0.9999920129776001, 1.0, 0.9999369382858276, 0.9999995231628418, 0.9999991655349731, 0.9252249002456665, 1.0
1, 2, 3, 4, 5, 6, 7, 8, 9, 10, 11, 12, 13, 14, 15, 16, 17, 18, 19, 20
0.9675818681716919, 0.9572259783744812, 0.9925117492675781, 0.9990205764770508, 0.9960451722145081, 0.9898131489753723, 0.9999551773071289, 0.9900744557380676, 0.9999719858169556, 0.9999997615814209, 0.9970199465751648, 1.0, 0.9996567964553833, 1.0, 0.9998494386672974, 1.0, 0.9999977350234985, 0.9999994039535522, 0.985600471496582, 1.0, 0.9983766078948975, 1.0, 1.0, 1.0, 1.0, 1.0, 0.9999996423721313, 0.9999953508377075, 0.9999990463256836, 0.99826979637146, 0.9999996423721313
1, 2, 3, 4, 5, 6, 7, 8, 9, 11, 12, 13, 14, 15, 16, 18, 19, 10, 17, 20
0.8126001358032227, 0.7686981558799744, 0.9992820620536804, 0.8466752171516418, 0.7684432864189148, 0.9929490089416504, 0.9933317303657532, 0.9999079704284668, 0.9910101890563965, 0.9999991655349731, 0.8241391777992249, 0.9999960660934448, 0.9432607293128967, 0.999998927116394, 0.6251908540725708, 0.9999998807907104, 0.9997908473014832, 0.9999996423721313, 0.9996117949485779, 0.9999971389770508, 0.9972514510154724, 0.9984375834465027, 0.8878754377365112, 0.7689580321311951, 0.5971165299415588, 0.7121877670288086, 0.8705697059631348, 0.9932015538215637, 0.9999938011169434, 0.8128616809844971, 1.0
1, 2, 3, 4, 5, 6, 7, 8, 9, 10, 11, 12, 13, 14, 15, 16, 17, 18, 19, 20
0.9987003803253174, 0.9980486631393433, 0.9551809430122375, 0.9999786615371704, 0.9999918937683105, 0.9017305374145508, 0.99965500831604, 0.9980176687240601, 0.9999972581863403, 0.9999997615814209, 0.9997357726097107, 1.0, 0.9999916553497314, 1.0, 0.9999943971633911, 1.0, 0.9995947480201721, 1.0, 0.9999992847442627, 1.0, 0.9999985694885254, 1.0, 0.9999994039535522, 0.9999998807907104, 0.9999998807907104, 0.9999998807907104, 0.9999994039535522, 0.9999985694885254, 0.9999996423721313, 0.9999252557754517, 0.9999995231628418
1, 2, 3, 6, 11, 12, 13, 16, 10, 15, 4, 5, 9, 8, 14, 17, 7, 18, 19, 20
0.8779703378677368, 0.8230553269386292, 0.9991047978401184, 0.6043771505355835, 0.9096503257751465, 0.8190056681632996, 0.9999904632568359, 0.9994931221008301, 0.999991774559021, 0.994045615196228, 0.9999352693557739, 0.7391241788864136, 0.8982445597648621, 0.6555709838867188, 0.8038448095321655, 0.9934118390083313, 0.4604876637458801, 0.9988954067230225, 0.9171895980834961, 0.4861551523208618, 0.7046182751655579, 0.6574509739875793, 0.8017841577529907, 0.8887024521827698, 0.6891525387763977, 0.9990591406822205, 0.6334038376808167, 0.9987138509750366, 0.9999978542327881, 0.9793383479118347, 1.0
1, 2, 3, 4, 5, 6, 7, 8, 9, 12, 13, 16, 17, 18, 20, 10, 11, 14, 15, 19
0.9986388087272644, 0.9995678067207336, 0.9999403953552246, 0.9999761581420898, 0.9684297442436218, 0.9919540286064148, 0.9552977681159973, 0.9999092817306519, 0.9999656677246094, 0.9999881982803345, 0.8446005582809448, 0.9999009370803833, 0.8029283285140991, 0.9995847344398499, 0.9659347534179688, 0.859631359577179, 0.5163359642028809, 0.8947637677192688, 0.9703572988510132, 0.7024932503700256, 0.9999984502792358, 0.9999933242797852, 0.8955551981925964, 1.0, 0.9999645948410034, 0.9999991655349731, 0.9999696016311646, 1.0, 0.9999998807907104, 0.9999996423721313, 0.9999973773956299
1, 4, 5, 7, 3, 10, 11, 12, 13, 2, 6, 14, 15, 16, 17, 18, 19, 8, 9, 20
0.7291086912155151, 0.7875507473945618, 0.493446946144104, 0.5301231741905212, 0.5730363726615906, 0.45996972918510437, 0.5278536081314087, 0.9961197376251221, 0.9930734038352966, 0.35569050908088684, 0.9785957336425781, 0.6639658212661743, 0.8853347897529602, 0.8447667956352234, 0.9778715968132019, 0.4952605962753296, 0.9236751198768616, 0.9999991655349731, 0.9999912977218628, 0.9910366535186768, 0.9619876146316528, 0.9935839772224426, 0.8242777585983276, 0.9991331696510315, 0.998865008354187, 0.8672758936882019, 0.9999990463256836, 0.9715285897254944, 0.9999990463256836, 0.5544674396514893, 0.5326058864593506
1, 2, 3, 4, 7, 13, 12, 11, 9, 8, 14, 5, 6, 10, 15, 16, 17, 19, 18, 20
0.5763469338417053, 0.9985278844833374, 0.999966025352478, 0.9957854151725769, 0.9949197173118591, 0.9994087219238281, 0.9477846622467041, 0.9883118271827698, 0.9814676642417908, 0.7563214898109436, 0.7912595272064209, 0.6436314582824707, 0.8080964088439941, 0.7400262355804443, 0.6609987616539001, 0.5913211107254028, 0.9998242259025574, 0.9998633861541748, 0.6705695390701294, 0.9998506307601929, 0.9922411441802979, 0.9999791383743286, 0.9849086999893188, 0.999995231628418, 0.9974441528320312, 0.999977707862854, 0.6654043197631836, 0.629757285118103, 0.9999918937683105, 0.8976902365684509, 1.0
5, 2, 1, 3, 7, 11, 12, 10, 13, 4, 8, 14, 15, 16, 17, 18, 19, 6, 9, 20
0.9651314616203308, 0.514143705368042, 0.9869650602340698, 0.8446165919303894, 0.5572441220283508, 0.5627593994140625, 0.7129554748535156, 0.9545581340789795, 0.9384482502937317, 0.8404213786125183, 0.7989706993103027, 0.45109331607818604, 0.8101006746292114, 0.5316125154495239, 0.5210645198822021, 0.699674665927887, 0.6511280536651611, 0.9996957778930664, 0.9991662502288818, 0.8697137832641602, 0.835939884185791, 0.8650937080383301, 0.8301267027854919, 0.9396691918373108, 0.9539577960968018, 0.7202050685882568, 0.9999951124191284, 0.881365180015564, 0.8338585495948792, 0.6859486103057861, 0.7633671760559082
1, 2, 3, 4, 5, 6, 7, 8, 9, 10, 11, 12, 13, 14, 15, 16, 17, 18, 19, 20
0.9990025162696838, 0.9754499197006226, 0.9972760081291199, 0.9873959422111511, 0.6186169385910034, 0.9999605417251587, 0.6599365472793579, 0.9997608065605164, 0.9999951124191284, 0.9999998807907104, 0.9981572031974792, 1.0, 0.9999996423721313, 1.0, 0.9977465271949768, 1.0, 0.9999986886978149, 1.0, 0.9999990463256836, 1.0, 0.9999980926513672, 1.0, 0.9999988079071045, 1.0, 0.9999998807907104, 1.0, 0.9999992847442627, 0.9999994039535522, 0.9999994039535522, 0.9998688697814941, 0.9999995231628418
1, 2, 3, 4, 5, 9, 10, 17, 8, 7, 15, 16, 6, 11, 12, 13, 14, 19, 18, 20
0.993808925151825, 0.998629093170166, 0.9999707937240601, 0.9999942779541016, 0.9210193157196045, 0.9007484316825867, 0.99812251329422, 0.999936580657959, 0.45098942518234253, 0.9981718063354492, 0.7244040369987488, 0.9178134202957153, 0.9333632588386536, 0.632366418838501, 0.8962243795394897, 0.8807117938995361, 0.6333338618278503, 0.999968409538269, 0.7257861495018005, 0.9999984502792358, 0.9840181469917297, 0.9999997615814209, 0.9999418258666992, 0.9999868869781494, 0.7980307340621948, 0.9999808073043823, 0.7577635049819946, 0.9683723449707031, 0.9995172023773193, 0.5850982666015625, 0.632649302482605
3, 4, 8, 16, 1, 2, 9, 10, 13, 14, 15, 5, 6, 7, 11, 12, 17, 18, 19, 20
0.5211204290390015, 0.9951680898666382, 0.9188966751098633, 0.46410444378852844, 0.45644912123680115, 0.7034730315208435, 0.5652077198028564, 0.997947633266449, 0.9999904632568359, 0.6572151184082031, 0.9999799728393555, 0.9309602379798889, 0.9999963045120239, 0.9805604219436646, 0.9993641972541809, 0.9998399019241333, 0.6642606258392334, 0.9999350309371948, 0.9999998807907104, 0.9999948740005493, 0.9766705632209778, 1.0, 0.9997987151145935, 0.9999998807907104, 0.9999865293502808, 0.9999998807907104, 0.9999995231628418, 0.9999996423721313, 0.9999998807907104, 0.863388180732727, 0.9999997615814209
3, 4, 1, 2, 5, 6, 7, 8, 9, 10, 11, 12, 13, 14, 15, 16, 17, 18, 19, 20
0.8709003329277039, 0.7499438524246216, 0.8966758847236633, 0.9178392887115479, 0.9212403297424316, 0.991430938243866, 0.9980142116546631, 0.8514384031295776, 0.9983502626419067, 0.9999997615814209, 0.9742513298988342, 1.0, 0.9995008707046509, 1.0, 0.999954342842102, 1.0, 0.9999743700027466, 0.9999992847442627, 0.7924184799194336, 1.0, 0.9999986886978149, 0.9999998807907104, 0.9997573494911194, 0.9999998807907104, 0.9999991655349731, 0.9999994039535522, 0.9973249435424805, 0.9999988079071045, 0.9999991655349731, 0.9943519830703735, 0.9999992847442627
1, 2, 4, 5, 12, 13, 17, 18, 3, 6, 7, 8, 9, 10, 11, 14, 15, 16, 19, 20
0.9722667932510376, 0.999593198299408, 0.9358689785003662, 0.9925814867019653, 0.9121183156967163, 0.6841199994087219, 0.969691812992096, 0.5885547399520874, 0.9650961756706238, 0.8271216154098511, 0.98626708984375, 0.9283240437507629, 0.7881557941436768, 0.8531439900398254, 0.999976634979248, 0.9807182550430298, 0.9706870913505554, 0.9999996423721313, 0.9904351234436035, 1.0, 0.9999961853027344, 1.0, 0.9908708930015564, 1.0, 0.9999982118606567, 1.0, 0.999998927116394, 0.9999996423721313, 0.9999996423721313, 0.9371997714042664, 0.9999996423721313
12, 13, 4, 11, 1, 3, 5, 17, 18, 6, 7, 8, 16, 2, 9, 15, 14, 19, 10, 20
0.9713257551193237, 0.9638641476631165, 0.9648792147636414, 0.9972246885299683, 0.7528240084648132, 0.9938495755195618, 0.9591445326805115, 0.9585838913917542, 0.7681233286857605, 0.7730289101600647, 0.7508576512336731, 0.45263317227363586, 0.9823294281959534, 0.9949729442596436, 0.5436654090881348, 0.7775735855102539, 0.9994924068450928, 0.455552339553833, 0.7178559899330139, 0.4298470914363861, 0.8451655507087708, 0.999518632888794, 0.5204813480377197, 0.8538709878921509, 0.5502511262893677, 0.9766651391983032, 0.9642988443374634, 0.9805772304534912, 0.9999951124191284, 0.9111705422401428, 0.9999997615814209
1, 2, 4, 3, 6, 9, 5, 7, 8, 10, 11, 12, 13, 14, 15, 16, 17, 18, 19, 20
0.9687942266464233, 0.9958525896072388, 0.6892623901367188, 0.5409370064735413, 0.733776330947876, 0.5656531453132629, 0.7101174592971802, 0.8697808384895325, 0.8740032315254211, 0.9999947547912598, 0.9640116691589355, 1.0, 0.9992771744728088, 0.9999995231628418, 0.9999701976776123, 0.9999681711196899, 0.9981756210327148, 0.9977818131446838, 0.9973626732826233, 1.0, 0.9999996423721313, 1.0, 0.9999991655349731, 1.0, 0.9999939203262329, 0.9999998807907104, 0.9999988079071045, 0.9999899864196777, 0.9999991655349731, 0.9910128712654114, 0.9999998807907104
1, 2, 3, 4, 7, 8, 9, 12, 13, 14, 16, 18, 5, 6, 10, 11, 15, 17, 19, 20
0.9687628746032715, 0.9999018907546997, 0.9577745199203491, 0.7855678796768188, 0.8970582485198975, 0.9987249970436096, 0.9973496198654175, 0.9999836683273315, 0.8433258533477783, 0.9999945163726807, 0.9913144707679749, 0.9999974966049194, 0.8625979423522949, 0.9999350309371948, 0.9847123622894287, 0.9967945218086243, 0.9894089698791504, 0.9351537823677063, 0.9998873472213745, 0.9999988079071045, 0.9929201006889343, 1.0, 0.9999996423721313, 0.9999880790710449, 0.9875096678733826, 0.9999986886978149, 0.867030918598175, 0.9999984502792358, 0.9999995231628418, 0.9997385144233704, 0.9999998807907104
1, 2, 3, 4, 5, 6, 7, 8, 9, 10, 11, 12, 13, 14, 15, 16, 17, 18, 19, 20
0.9888644218444824, 0.999531626701355, 0.9971741437911987, 0.9891564846038818, 0.99996018409729, 0.6506084203720093, 0.9986920952796936, 0.999897837638855, 0.9998645782470703, 0.9999997615814209, 0.9989930987358093, 1.0, 0.9999845027923584, 1.0, 0.9987119436264038, 1.0, 0.9999980926513672, 1.0, 0.9946116209030151, 1.0, 0.9999995231628418, 1.0, 0.9999994039535522, 0.9999997615814209, 0.9999961853027344, 0.9999998807907104, 0.9999995231628418, 0.9999992847442627, 0.9999990463256836, 0.999670147895813, 0.9999997615814209
1, 2, 3, 4, 5, 6, 7, 8, 9, 11, 12, 15, 10, 13, 14, 17, 18, 16, 19, 20
0.8997378945350647, 0.9977446794509888, 0.9445239305496216, 0.9932978749275208, 0.9999881982803345, 0.9463725090026855, 0.999836802482605, 0.6733218431472778, 0.9927668571472168, 0.9999996423721313, 0.756946861743927, 0.9999998807907104, 0.998462438583374, 0.9999990463256836, 0.8243535757064819, 0.9999548196792603, 0.6090953350067139, 0.9999929666519165, 0.716153085231781, 0.9999984502792358, 0.9844623804092407, 0.8267055749893188, 0.6655517816543579, 0.8175357580184937, 0.7246177196502686, 0.9759342670440674, 0.6224236488342285, 0.9603521823883057, 0.9999606609344482, 0.9161049127578735, 0.9999998807907104
1, 2, 3, 4, 6, 7, 8, 10, 11, 12, 13, 14, 15, 16, 17, 18, 5, 9, 19, 20
0.9923902153968811, 0.9452314972877502, 0.8769394159317017, 0.9998244643211365, 0.7428243160247803, 0.9155434370040894, 0.9579579830169678, 0.9869102835655212, 0.9713238477706909, 0.9999780654907227, 0.9873585104942322, 0.9999978542327881, 0.9947874546051025, 0.9999979734420776, 0.9993707537651062, 0.9999979734420776, 0.9990509152412415, 0.9999994039535522, 0.9999312162399292, 0.9968127608299255, 0.9804648160934448, 0.9962319731712341, 0.9998494386672974, 0.999945878982544, 0.9999867677688599, 0.6847708821296692, 0.9875568151473999, 0.9999639987945557, 0.9999970197677612, 0.9838430881500244, 0.9999996423721313
1, 2, 3, 4, 5, 6, 7, 8, 9, 10, 11, 12, 13, 14, 15, 16, 17, 18, 19, 20
0.6173161268234253, 0.9993950128555298, 0.9999922513961792, 0.9998881816864014, 0.9979795813560486, 0.9999264478683472, 0.989351212978363, 0.6216404438018799, 0.9999743700027466, 1.0, 0.9994542002677917, 1.0, 0.9962270259857178, 1.0, 0.9999963045120239, 1.0, 0.9999992847442627, 1.0, 0.9999992847442627, 1.0, 0.9999998807907104, 1.0, 0.9999984502792358, 1.0, 1.0, 1.0, 0.9999996423721313, 0.9999997615814209, 0.9999996423721313, 0.9998940229415894, 0.9999992847442627
1, 2, 3, 6, 5, 11, 12, 13, 14, 16, 17, 20, 4, 8, 9, 15, 7, 18, 19, 10
0.9755083322525024, 0.949753999710083, 0.9994995594024658, 0.5939526557922363, 0.6914963722229004, 0.6979594826698303, 0.9220497012138367, 0.8529822826385498, 0.9699991345405579, 0.8652241826057434, 0.4257541596889496, 0.6844378113746643, 0.6802774667739868, 0.9232090711593628, 0.9030786156654358, 0.5164439678192139, 0.6400916576385498, 0.3764174282550812, 0.9999991655349731, 0.47536078095436096, 0.934634268283844, 0.9748932123184204, 0.8499659299850464, 0.8224947452545166, 0.7956556081771851, 0.9999992847442627, 0.647148609161377, 0.9999995231628418, 0.8006840944290161, 0.9999973773956299, 0.9999992847442627
1, 2, 3, 4, 6, 10, 11, 12, 5, 7, 8, 9, 13, 14, 15, 16, 17, 18, 19, 20
0.9952000379562378, 0.9991004467010498, 0.9998613595962524, 0.9999793767929077, 0.7270554304122925, 0.9450377821922302, 0.8944740295410156, 0.9853792190551758, 0.8869382739067078, 0.9309254884719849, 0.9983466863632202, 0.8851810097694397, 0.9937020540237427, 0.9999717473983765, 0.9999610185623169, 0.9999452829360962, 0.9825705885887146, 0.9999997615814209, 0.9999396800994873, 0.9999990463256836, 0.9999527931213379, 0.9999984502792358, 0.9998846054077148, 1.0, 0.9999970197677612, 0.9999936819076538, 0.9999001026153564, 0.9999986886978149, 0.9999978542327881, 0.9875659942626953, 0.9999998807907104
1, 2, 3, 5, 6, 7, 8, 9, 10, 11, 12, 13, 14, 15, 16, 17, 18, 19, 4, 20
0.8177893757820129, 0.9997983574867249, 0.9980555772781372, 0.7734068632125854, 0.9993231296539307, 0.6708846092224121, 0.7741641998291016, 0.7333210110664368, 0.9999418258666992, 0.9997280240058899, 0.9992559552192688, 0.9984512329101562, 0.9999982118606567, 0.9994657635688782, 0.9989984631538391, 0.9631235599517822, 0.99998939037323, 0.9999525547027588, 0.9999682903289795, 0.9854851365089417, 0.9960534572601318, 0.9978051781654358, 0.9861495494842529, 0.9997974038124084, 0.9923022985458374, 0.9998693466186523, 0.8822720050811768, 0.9999986886978149, 0.8740390539169312, 0.9865686893463135, 0.9999998807907104
2, 13, 18, 20, 1, 12, 14, 6, 7, 3, 4, 5, 9, 10, 16, 17, 15, 8, 11, 19
0.5959336161613464, 0.9827769994735718, 0.8346418738365173, 0.9819600582122803, 0.4455151855945587, 0.6617857813835144, 0.999984622001648, 0.9110230207443237, 0.3862367570400238, 0.6582488417625427, 0.4076575040817261, 0.9205218553543091, 0.4795667231082916, 0.999685525894165, 0.7581998705863953, 0.9992388486862183, 0.6805301308631897, 0.43978092074394226, 0.9994869232177734, 0.9986749291419983, 0.9983225464820862, 0.8264145255088806, 0.9124102592468262, 0.48789089918136597, 0.588878333568573, 0.5329112410545349, 0.511708676815033, 0.9999994039535522, 0.6406266689300537, 0.9999992847442627, 0.9999958276748657
1, 2, 3, 4, 5, 7, 8, 9, 10, 11, 12, 13, 14, 15, 16, 17, 18, 6, 19, 20
0.9985253214836121, 0.9999368190765381, 0.9999794960021973, 0.9965542554855347, 0.9996200799942017, 0.9498326778411865, 0.994037389755249, 0.9968180656433105, 0.9999984502792358, 0.9967671632766724, 1.0, 0.9997990727424622, 0.9999994039535522, 0.9501822590827942, 0.9999934434890747, 0.9203547239303589, 0.9999997615814209, 0.9995415210723877, 0.999997615814209, 0.989749014377594, 0.999929666519165, 0.9981955885887146, 0.9999939203262329, 0.9999114274978638, 0.9991565942764282, 0.9999107122421265, 0.5350649952888489, 0.9973669648170471, 0.9999959468841553, 0.9688524007797241, 0.9999996423721313
1, 2, 3, 4, 5, 6, 7, 8, 9, 17, 19, 12, 13, 18, 10, 11, 14, 15, 16, 20
0.9670782685279846, 0.9840641021728516, 0.9999945163726807, 0.9954401254653931, 0.9988102912902832, 0.9999568462371826, 0.9999967813491821, 0.9992800354957581, 0.9999932050704956, 0.9999943971633911, 0.3742636740207672, 0.9957905411720276, 0.5240863561630249, 0.9692345857620239, 0.6526684761047363, 0.9831137657165527, 0.9891106486320496, 0.9987401366233826, 0.8069729208946228, 0.995144784450531, 0.5985249876976013, 0.9999992847442627, 0.9993234872817993, 0.9802752137184143, 0.752983033657074, 0.9999994039535522, 0.9814499616622925, 0.9999992847442627, 0.9999991655349731, 0.8688247203826904, 0.999998927116394
1, 2, 3, 4, 5, 6, 7, 8, 9, 10, 11, 12, 13, 14, 15, 16, 17, 18, 19, 20
0.9560400247573853, 0.9997976422309875, 0.9997444748878479, 0.9997972846031189, 0.9999866485595703, 0.9350141882896423, 0.9980049729347229, 0.9992897510528564, 0.9960533380508423, 0.9999997615814209, 0.9894840121269226, 1.0, 0.999716579914093, 1.0, 0.999991774559021, 1.0, 0.9999972581863403, 0.9999996423721313, 0.9985255599021912, 1.0, 0.9999985694885254, 1.0, 0.9999985694885254, 0.9999998807907104, 0.9999973773956299, 1.0, 0.9999984502792358, 0.9999994039535522, 0.9999994039535522, 0.9998887777328491, 0.9999997615814209
1, 2, 4, 5, 6, 7, 8, 9, 10, 11, 12, 13, 14, 15, 16, 17, 18, 19, 3, 20
0.9945744872093201, 0.9999607801437378, 0.9492164254188538, 0.9997839331626892, 0.9994656443595886, 0.9328711628913879, 0.9987025260925293, 0.9976611137390137, 0.9999779462814331, 0.9971228241920471, 0.9996672868728638, 0.9565221071243286, 0.999997615814209, 0.999916672706604, 0.9999997615814209, 0.9999663829803467, 0.9999990463256836, 0.998981773853302, 0.9997145533561707, 0.9999334812164307, 0.985808789730072, 0.9827305674552917, 0.9867614507675171, 0.9589060544967651, 0.9999582767486572, 0.9999704360961914, 0.9825510382652283, 0.9999992847442627, 0.5801408290863037, 0.5272895693778992, 0.9378908276557922
2, 1, 3, 4, 7, 6, 8, 10, 11, 13, 14, 15, 9, 18, 19, 5, 16, 12, 17, 20
0.6063557863235474, 0.9225784540176392, 0.9850302338600159, 0.38435178995132446, 0.6851822137832642, 0.4861137270927429, 0.5561951994895935, 0.7114165425300598, 0.7179874777793884, 0.9990474581718445, 0.9987022876739502, 0.9013527631759644, 0.9968584775924683, 0.651400625705719, 0.8171684145927429, 0.9872140884399414, 0.9987691044807434, 0.48639002442359924, 0.8801770806312561, 0.9675582647323608, 0.9982611536979675, 0.9997584223747253, 0.9683248400688171, 0.9847555756568909, 0.7283546924591064, 0.9773620963096619, 0.7981259822845459, 0.9883117079734802, 0.999997615814209, 0.9148910045623779, 0.9999995231628418
1, 2, 4, 6, 12, 13, 14, 15, 16, 18, 3, 5, 7, 8, 10, 11, 17, 19, 9, 20
0.5509613752365112, 0.9998138546943665, 0.8521913886070251, 0.8895411491394043, 0.7087303996086121, 0.9940348267555237, 0.9999022483825684, 0.999930739402771, 0.9684929251670837, 0.9325954914093018, 0.9879569411277771, 0.47113174200057983, 0.9981693029403687, 0.9726414084434509, 0.931696355342865, 0.8791905045509338, 0.8800917863845825, 0.884480893611908, 0.9983028173446655, 0.9999760389328003, 0.9842528700828552, 0.559116005897522, 0.9977422952651978, 0.8513535857200623, 0.999932050704956, 0.9990787506103516, 0.9262155294418335, 0.9999932050704956, 0.6610046029090881, 0.8519505262374878, 0.9999996423721313
9, 10, 1, 4, 3, 13, 14, 15, 18, 2, 5, 6, 7, 11, 16, 12, 17, 19, 8, 20
0.5293684005737305, 0.9928178787231445, 0.9955867528915405, 0.5788484215736389, 0.7926566004753113, 0.8559597730636597, 0.9927650094032288, 0.9370267987251282, 0.9992129802703857, 0.748492419719696, 0.989757776260376, 0.5209454298019409, 0.7972824573516846, 0.4777953326702118, 0.7490331530570984, 0.7872574329376221, 0.8935942649841309, 0.9589618444442749, 0.912381112575531, 0.9987618923187256, 0.986441433429718, 0.6219948530197144, 0.5364594459533691, 0.8507988452911377, 0.8625580072402954, 0.7153874039649963, 0.8913262486457825, 0.9999980926513672, 0.7246083617210388, 0.9857138395309448, 1.0
1, 2, 3, 5, 6, 7, 8, 9, 11, 12, 13, 14, 16, 17, 18, 4, 10, 15, 19, 20
0.9005932211875916, 0.9997795224189758, 0.9999971389770508, 0.6716880798339844, 0.9934410452842712, 0.9904358983039856, 0.9971011281013489, 0.9985842704772949, 0.9999934434890747, 0.6182589530944824, 0.9999994039535522, 0.9509106874465942, 0.9999995231628418, 0.9959763884544373, 0.9999809265136719, 0.9805811643600464, 0.9999641180038452, 0.6558387875556946, 0.9286613464355469, 0.9950042366981506, 0.5182468891143799, 0.9381036162376404, 0.8873555064201355, 0.9996902942657471, 0.8160315752029419, 0.9999704360961914, 0.9975253939628601, 0.9997543692588806, 0.999998927116394, 0.9783805012702942, 1.0
1, 3, 5, 6, 9, 11, 12, 2, 4, 7, 8, 13, 14, 15, 16, 17, 18, 19, 10, 20
0.9940547347068787, 0.948622465133667, 0.6095579862594604, 0.9395152926445007, 0.9343089461326599, 0.7507466673851013, 0.9893136620521545, 0.9648745656013489, 0.9587518572807312, 0.5258756875991821, 0.9107018113136292, 0.9998151659965515, 0.9999691247940063, 0.999998927116394, 0.5925257205963135, 0.9999991655349731, 0.934674859046936, 1.0, 0.9999933242797852, 0.9999994039535522, 0.8893319964408875, 1.0, 0.9996302127838135, 1.0, 0.9993336796760559, 0.9999868869781494, 0.9972386360168457, 0.8006865382194519, 0.9999954700469971, 0.8740739226341248, 1.0
1, 2, 3, 4, 5, 6, 8, 9, 10, 12, 13, 14, 15, 16, 17, 18, 7, 11, 19, 20
0.7201607823371887, 0.999937891960144, 0.45681360363960266, 0.9999620914459229, 0.9906519651412964, 0.995051920413971, 0.7899524569511414, 0.9999245405197144, 0.9999911785125732, 0.8187516927719116, 0.9999561309814453, 0.9571805596351624, 0.9999992847442627, 0.9946046471595764, 0.9999946355819702, 0.997617781162262, 0.9999608993530273, 0.9998464584350586, 0.9997820258140564, 0.9969911575317383, 0.8686519265174866, 0.9178885221481323, 0.9997348189353943, 0.9996142387390137, 0.624774158000946, 0.9999737739562988, 0.9976314306259155, 0.9996199607849121, 0.9999983310699463, 0.9766653776168823, 0.9999994039535522
1, 2, 3, 4, 5, 6, 7, 8, 9, 10, 11, 12, 13, 14, 15, 16, 17, 18, 19, 20
0.9552479386329651, 0.9977648258209229, 0.6778413653373718, 0.9983345866203308, 0.9997169375419617, 0.9998243451118469, 0.999993085861206, 0.5172975063323975, 0.9997833371162415, 0.9999998807907104, 0.9998835325241089, 1.0, 0.9999544620513916, 1.0, 0.9999939203262329, 1.0, 0.999997615814209, 0.9999996423721313, 0.9946958422660828, 1.0, 0.9999998807907104, 1.0, 0.9999988079071045, 1.0, 1.0, 0.9999996423721313, 0.9999957084655762, 0.9999996423721313, 0.9999997615814209, 0.9999446868896484, 0.9999997615814209
1, 2, 3, 4, 5, 6, 7, 8, 9, 10, 11, 12, 13, 14, 15, 16, 17, 18, 19, 20
0.9967361092567444, 0.7055037617683411, 0.7967538237571716, 0.9999431371688843, 0.999996542930603, 0.7715646028518677, 0.9999982118606567, 0.999864935874939, 0.9921735525131226, 0.9999996423721313, 0.9999762773513794, 1.0, 0.9998593330383301, 1.0, 0.9999986886978149, 1.0, 0.9999614953994751, 0.9999997615814209, 0.999990701675415, 0.9999998807907104, 0.9999995231628418, 0.9999988079071045, 0.9999994039535522, 0.9999994039535522, 0.999607503414154, 1.0, 0.9999990463256836, 0.9999839067459106, 0.9999988079071045, 0.9997952580451965, 0.9999997615814209
1, 2, 3, 4, 5, 6, 9, 10, 14, 15, 18, 7, 11, 12, 13, 16, 17, 19, 8, 20
0.9439429044723511, 0.9972431659698486, 0.9843258261680603, 0.9972898960113525, 0.9988080263137817, 0.9929753541946411, 0.679800271987915, 0.997740626335144, 0.9990522265434265, 0.9853237867355347, 0.9650434255599976, 0.8283754587173462, 0.6876600384712219, 0.5767303109169006, 0.7398441433906555, 0.791327178478241, 0.9390180706977844, 0.9245948791503906, 0.9998835325241089, 0.9990119934082031, 0.9999876022338867, 0.9642273187637329, 0.9822794795036316, 0.9988372921943665, 0.9999897480010986, 0.9968744516372681, 0.8519295454025269, 0.9999991655349731, 0.5264860391616821, 0.5964218974113464, 0.9999998807907104
3, 15, 1, 6, 9, 10, 2, 4, 11, 12, 13, 5, 7, 8, 14, 16, 17, 18, 19, 20
0.5543041825294495, 0.49025601148605347, 0.7593826055526733, 0.3817252516746521, 0.6222816705703735, 0.8997990489006042, 0.8012216687202454, 0.9911434650421143, 0.563936710357666, 0.918941080570221, 0.4256439805030823, 0.4336877167224884, 0.5464571714401245, 0.5081035494804382, 0.8587193489074707, 0.9940930008888245, 0.5534945726394653, 0.9138413071632385, 0.6150549650192261, 0.9999988079071045, 0.7459113001823425, 0.9999998807907104, 0.9996461868286133, 0.9999997615814209, 0.9998773336410522, 0.9999998807907104, 0.9999973773956299, 0.9999990463256836, 0.9999996423721313, 0.9683685898780823, 0.9999997615814209
1, 2, 3, 4, 5, 6, 7, 8, 9, 10, 11, 12, 13, 14, 15, 16, 17, 18, 19, 20
0.9903640151023865, 0.9962716102600098, 0.9970831274986267, 0.8137773871421814, 0.9989939332008362, 0.9959815740585327, 0.9999291896820068, 0.9982421398162842, 0.9999988079071045, 1.0, 0.9998992681503296, 1.0, 0.9997310042381287, 1.0, 0.9999864101409912, 1.0, 0.9999980926513672, 1.0, 0.9994156360626221, 1.0, 0.9999996423721313, 1.0, 0.9999994039535522, 1.0, 0.9999998807907104, 1.0, 0.9999995231628418, 0.9999998807907104, 0.9999997615814209, 0.9994581341743469, 0.9999996423721313
1, 2, 3, 4, 5, 6, 7, 8, 9, 10, 11, 12, 13, 14, 15, 16, 17, 18, 19, 20
0.5602778196334839, 0.9908128380775452, 0.9999816417694092, 0.9850216507911682, 0.9815819263458252, 0.9845222234725952, 0.9998145699501038, 0.9999381303787231, 0.999994158744812, 1.0, 0.9999805688858032, 1.0, 0.9999958276748657, 1.0, 0.9999978542327881, 1.0, 0.9999994039535522, 1.0, 0.9999985694885254, 1.0, 0.9999997615814209, 1.0, 0.999996542930603, 1.0, 0.9999977350234985, 1.0, 0.9999996423721313, 0.9999995231628418, 0.9999997615814209, 0.9999126195907593, 0.9999997615814209
1, 2, 3, 4, 5, 6, 7, 8, 9, 10, 11, 12, 13, 14, 15, 16, 17, 18, 19, 20
0.9940807223320007, 0.5403512120246887, 0.9317281246185303, 0.9956450462341309, 0.999521017074585, 0.9992094039916992, 0.9951189756393433, 0.9896606206893921, 0.9999892711639404, 0.9999997615814209, 0.9990100860595703, 1.0, 0.9998210072517395, 1.0, 0.9989979863166809, 1.0, 0.9999990463256836, 1.0, 0.9968198537826538, 1.0, 0.9999666213989258, 1.0, 0.9999997615814209, 1.0, 1.0, 1.0, 0.999994158744812, 0.9999992847442627, 0.9999995231628418, 0.9998941421508789, 0.9999994039535522
2, 1, 19, 14, 15, 13, 11, 4, 8, 9, 5, 6, 7, 10, 12, 16, 17, 18, 3, 20
0.851791501045227, 0.9735772013664246, 0.6249017715454102, 0.8520135879516602, 0.7866479754447937, 0.5321894884109497, 0.9991894364356995, 0.9975595474243164, 0.7349521517753601, 0.4524785280227661, 0.6990144848823547, 0.5217167139053345, 0.5358176231384277, 0.5342177152633667, 0.9871641397476196, 0.8766773343086243, 0.9985396862030029, 0.9972610473632812, 0.958163321018219, 0.9968425035476685, 0.6407592296600342, 0.5916311144828796, 0.9140496253967285, 0.9027819037437439, 0.9921079277992249, 0.9136701226234436, 0.9909387826919556, 0.9999985694885254, 0.9842019081115723, 0.5195127129554749, 0.9999979734420776
1, 2, 3, 4, 5, 8, 9, 11, 12, 13, 14, 15, 16, 17, 18, 6, 7, 10, 19, 20
0.6787394881248474, 0.9999606609344482, 0.9999916553497314, 0.5082287788391113, 0.6721105575561523, 0.5023676156997681, 0.9946337938308716, 0.9993077516555786, 0.4883083403110504, 0.9792273640632629, 0.9719799757003784, 0.9999574422836304, 0.9994264841079712, 0.8378105759620667, 0.7973394393920898, 0.9988927245140076, 0.9945619702339172, 0.9668903350830078, 0.9795480966567993, 0.9987114667892456, 0.9998997449874878, 0.7395074963569641, 0.9998725652694702, 0.795333981513977, 0.998272180557251, 0.999206006526947, 0.8459345698356628, 0.9995891451835632, 0.9999967813491821, 0.9871770143508911, 1.0
1, 2, 3, 5, 6, 8, 9, 10, 11, 12, 13, 14, 15, 16, 4, 7, 18, 19, 20, 17
0.6959182620048523, 0.9388599991798401, 0.9930989146232605, 0.8790490627288818, 0.9265801310539246, 0.9222506284713745, 0.9631765484809875, 0.9998953342437744, 0.9684529900550842, 0.9997624754905701, 0.8877953886985779, 0.9997686743736267, 0.9848074913024902, 0.9999978542327881, 0.7879074811935425, 0.999980092048645, 0.6992208957672119, 0.999998927116394, 0.9999322891235352, 0.9364607930183411, 0.9968529343605042, 0.9341244697570801, 0.989660382270813, 0.999996542930603, 0.561520516872406, 0.999338686466217, 0.9744043350219727, 0.9324480891227722, 0.999998927116394, 0.9999994039535522, 0.9999978542327881
1, 2, 3, 4, 5, 6, 7, 13, 12, 8, 9, 10, 11, 14, 15, 16, 17, 18, 19, 20
0.9991394281387329, 0.9998490810394287, 0.9985145926475525, 0.9851781725883484, 0.9871205687522888, 0.9998186230659485, 0.9996192455291748, 0.7708827257156372, 0.5388191938400269, 0.9580355286598206, 0.9967654943466187, 0.582387387752533, 0.9999954700469971, 0.999998927116394, 0.9886371493339539, 1.0, 0.9999958276748657, 0.9984163045883179, 0.607234001159668, 1.0, 0.9999992847442627, 0.9999947547912598, 0.9995310306549072, 1.0, 0.999997615814209, 0.9999825954437256, 0.9960508942604065, 0.9999985694885254, 0.9999996423721313, 0.9683678150177002, 1.0
1, 18, 6, 2, 3, 13, 14, 10, 5, 7, 8, 12, 4, 19, 11, 15, 16, 9, 17, 20
0.99628084897995, 0.737730085849762, 0.9970816969871521, 0.7841399908065796, 0.5628222823143005, 0.39900603890419006, 0.5276066660881042, 0.8358680009841919, 0.8770473599433899, 0.9947102069854736, 0.7256494760513306, 0.9941126704216003, 0.6985418796539307, 0.44185665249824524, 0.671249508857727, 0.5849442481994629, 0.4040735960006714, 0.5934974551200867, 0.9304214119911194, 0.5241591930389404, 0.98800128698349, 0.8725793361663818, 0.7588843107223511, 0.6498236060142517, 0.5795414447784424, 0.9241294860839844, 0.8516506552696228, 0.7371549606323242, 0.9999891519546509, 0.8976778984069824, 1.0
1, 2, 3, 4, 5, 6, 7, 8, 9, 10, 11, 12, 13, 14, 15, 16, 17, 18, 19, 20
0.6508176922798157, 0.9980233907699585, 0.9930164813995361, 0.9998605251312256, 0.9829363822937012, 0.9993847608566284, 0.9999803304672241, 0.9990540146827698, 0.9999881982803345, 0.9999997615814209, 0.9998650550842285, 1.0, 0.9914730787277222, 1.0, 0.9999958276748657, 1.0, 0.9999974966049194, 1.0, 0.9999969005584717, 1.0, 1.0, 1.0, 0.9999992847442627, 0.9999992847442627, 0.9976498484611511, 1.0, 0.9999995231628418, 0.9999997615814209, 0.999998927116394, 0.99993896484375, 0.9999994039535522
1, 3, 8, 10, 7, 5, 2, 11, 6, 9, 12, 13, 14, 15, 16, 17, 18, 19, 20, 4
0.587979257106781, 0.9762061834335327, 0.894344687461853, 0.9534273147583008, 0.9954521059989929, 0.467491090297699, 0.7403337359428406, 0.46199938654899597, 0.8432770371437073, 0.926098644733429, 0.7097055315971375, 0.7497949600219727, 0.998635470867157, 0.6762728095054626, 0.9991421699523926, 0.2533603310585022, 0.9921649694442749, 0.7029394507408142, 0.9991480112075806, 0.9900575280189514, 0.9808651804924011, 0.9589076042175293, 0.9652847051620483, 0.8548288941383362, 0.9853583574295044, 0.9951647520065308, 0.9417605996131897, 0.9999957084655762, 0.9138038754463196, 0.9999998807907104, 0.9890128374099731
2, 3, 10, 1, 5, 7, 8, 9, 11, 12, 13, 14, 15, 16, 17, 18, 19, 4, 6, 20
0.9802943468093872, 0.5799636244773865, 0.7484322190284729, 0.9285596609115601, 0.6428698301315308, 0.9990218877792358, 0.8177714347839355, 0.8136549592018127, 0.998776376247406, 0.9383206367492676, 0.6183986067771912, 0.9999760389328003, 0.9995808005332947, 0.9206692576408386, 0.9306772351264954, 0.9999727010726929, 0.9997938275337219, 0.999988317489624, 0.9999018907546997, 0.9963597655296326, 0.9994621872901917, 0.9610058069229126, 0.5617727637290955, 0.9998788833618164, 0.9999953508377075, 0.8871847987174988, 0.9999969005584717, 0.9611285328865051, 0.9995235204696655, 0.6959065198898315, 0.9999991655349731
3, 1, 2, 4, 5, 6, 7, 8, 9, 10, 11, 12, 13, 14, 15, 16, 17, 18, 19, 20
0.7143346667289734, 0.6549988389015198, 0.9974023699760437, 0.9911832809448242, 0.9874699115753174, 0.6214771270751953, 0.9998996257781982, 0.9998619556427002, 0.9935071468353271, 0.9999996423721313, 0.9932742118835449, 1.0, 0.9999773502349854, 1.0, 0.9999397993087769, 1.0, 0.9971018433570862, 1.0, 0.9999957084655762, 1.0, 0.9999988079071045, 1.0, 0.9999973773956299, 1.0, 0.9999988079071045, 0.9999996423721313, 0.9998051524162292, 0.9999995231628418, 0.9999996423721313, 0.9869779944419861, 0.9999997615814209
7, 1, 2, 3, 4, 5, 6, 8, 10, 12, 13, 14, 15, 16, 17, 18, 19, 9, 11, 20
0.5385780334472656, 0.5345022678375244, 0.9117755889892578, 0.9968948364257812, 0.9999746084213257, 0.9999498128890991, 0.979086697101593, 0.792636513710022, 0.531180202960968, 0.5621778964996338, 0.9966645836830139, 0.7025735974311829, 0.9968233108520508, 0.6567785143852234, 0.9996417760848999, 0.9775365591049194, 0.9999852180480957, 0.9960440397262573, 0.999993085861206, 0.9999274015426636, 0.9999996423721313, 0.9999628067016602, 0.9994317889213562, 0.9852827787399292, 0.9705790281295776, 0.9896680116653442, 0.7833817601203918, 0.9990597367286682, 0.9999966621398926, 0.6477960348129272, 0.955272912979126
1, 2, 3, 4, 5, 7, 9, 13, 6, 8, 10, 11, 12, 14, 15, 16, 17, 18, 19, 20
0.9986881613731384, 0.9088254570960999, 0.9259588122367859, 0.9992234706878662, 0.9974468946456909, 0.4679623544216156, 0.8905980587005615, 0.7465468049049377, 0.6222392916679382, 0.5500324964523315, 0.7690669894218445, 0.9999958276748657, 0.7874630093574524, 0.9999991655349731, 0.8219074010848999, 0.9999995231628418, 0.9311463236808777, 0.9999998807907104, 0.9953722357749939, 0.9999996423721313, 0.9992037415504456, 0.9999998807907104, 0.9992125034332275, 0.9999992847442627, 0.874002993106842, 0.9999994039535522, 0.9998101592063904, 0.9999417066574097, 0.9999979734420776, 0.9888396859169006, 0.9999998807907104
1, 2, 3, 4, 5, 6, 7, 8, 9, 10, 11, 12, 13, 14, 15, 16, 17, 18, 19, 20
0.9016218781471252, 0.9996582269668579, 0.9999818801879883, 0.8507410287857056, 0.9999591112136841, 0.9562963843345642, 0.9997836947441101, 0.9875969290733337, 0.9996570348739624, 0.9999982118606567, 0.9872763752937317, 1.0, 0.9994814991950989, 0.9999998807907104, 0.999990701675415, 1.0, 0.9999748468399048, 1.0, 0.9998468160629272, 1.0, 0.9999951124191284, 0.9999951124191284, 0.781377375125885, 1.0, 0.9999998807907104, 1.0, 0.9999995231628418, 0.9999990463256836, 0.999998927116394, 0.9998825788497925, 0.9999996423721313
1, 2, 3, 4, 5, 6, 7, 8, 9, 10, 11, 12, 13, 14, 15, 16, 17, 18, 19, 20
0.9993728995323181, 0.9860889911651611, 0.9998002648353577, 0.8147047162055969, 0.9999743700027466, 0.9982460737228394, 0.9995680451393127, 0.9999488592147827, 0.6859365105628967, 0.9999996423721313, 0.9999794960021973, 0.9999997615814209, 0.9453766942024231, 1.0, 0.9999939203262329, 1.0, 0.9999798536300659, 1.0, 0.9999980926513672, 1.0, 0.9999997615814209, 1.0, 0.9999978542327881, 1.0, 0.9999997615814209, 0.9999998807907104, 0.9999990463256836, 0.9999995231628418, 0.9999995231628418, 0.9998750686645508, 0.9999996423721313
1, 2, 3, 4, 5, 6, 7, 8, 9, 10, 11, 12, 13, 14, 15, 16, 17, 18, 19, 20
0.9972047209739685, 0.9998372793197632, 0.9999507665634155, 0.9999507665634155, 0.9999971389770508, 0.999923825263977, 0.755805253982544, 0.9956849813461304, 0.999954104423523, 0.9999994039535522, 0.9995449185371399, 0.9999998807907104, 0.9999154806137085, 0.9999998807907104, 0.9999972581863403, 1.0, 0.9999982118606567, 0.9999966621398926, 0.9980747699737549, 0.9999996423721313, 0.9999988079071045, 0.9999997615814209, 0.9999921321868896, 1.0, 0.9999997615814209, 0.9999998807907104, 0.9999995231628418, 0.9999946355819702, 0.9999994039535522, 0.9999048709869385, 0.9999994039535522
2, 5, 10, 1, 3, 4, 7, 11, 12, 6, 9, 15, 16, 17, 18, 19, 20, 8, 13, 14
0.8241220116615295, 0.5454789996147156, 0.8680201172828674, 0.9681135416030884, 0.4738706052303314, 0.9175364375114441, 0.9001485109329224, 0.8524097800254822, 0.5251870155334473, 0.9602342247962952, 0.51967453956604, 0.9989020824432373, 0.5209177732467651, 0.9299054145812988, 0.984684407711029, 0.534255862236023, 0.9990880489349365, 0.9824482798576355, 0.9777032732963562, 0.7831133604049683, 0.9705287218093872, 0.9993671774864197, 0.9723957180976868, 0.998314619064331, 0.5453144311904907, 0.9999997615814209, 0.9766550064086914, 0.9999994039535522, 0.9998243451118469, 1.0, 0.9999998807907104
11, 3, 1, 2, 6, 13, 14, 12, 8, 10, 5, 7, 9, 15, 16, 17, 18, 19, 4, 20
0.7720828056335449, 0.7245675325393677, 0.6952513456344604, 0.7281516790390015, 0.5939269065856934, 0.9638580679893494, 0.38848596811294556, 0.8304234743118286, 0.8191295862197876, 0.7646710872650146, 0.28467923402786255, 0.4871644377708435, 0.3673429787158966, 0.5564037561416626, 0.6385585069656372, 0.39792826771736145, 0.6714515089988708, 0.7626211643218994, 0.8241772651672363, 0.31534451246261597, 0.9893041849136353, 0.8732830882072449, 0.9995922446250916, 0.97763991355896, 0.9783121347427368, 0.9977074861526489, 0.6952708959579468, 0.9999911785125732, 0.8704692125320435, 0.988482654094696, 1.0
1, 2, 4, 7, 11, 16, 17, 18, 5, 8, 9, 10, 12, 13, 14, 15, 3, 6, 19, 20
0.9987936019897461, 0.9999587535858154, 0.8447539806365967, 0.7253026962280273, 0.9995790123939514, 0.7681655287742615, 0.9988477230072021, 0.749575674533844, 0.848332405090332, 0.7563889026641846, 0.5680922269821167, 0.9098283052444458, 0.7764406204223633, 0.2774973511695862, 0.8207879662513733, 0.8471723198890686, 0.41547828912734985, 0.7403464913368225, 0.9008496999740601, 0.9999990463256836, 0.9999957084655762, 0.9999945163726807, 0.9999170303344727, 0.6348459124565125, 0.999760091304779, 0.8487661480903625, 0.9990997314453125, 0.9999632835388184, 0.9999951124191284, 0.9488900899887085, 0.9999992847442627
1, 2, 3, 4, 5, 6, 7, 8, 9, 10, 11, 12, 13, 14, 15, 16, 17, 18, 19, 20
0.9988161325454712, 0.9993098974227905, 0.9447309374809265, 0.9967594742774963, 0.9998701810836792, 0.9993788003921509, 0.9996439218521118, 0.9998542070388794, 0.9752006530761719, 1.0, 0.9991351962089539, 1.0, 0.9999982118606567, 1.0, 0.9999995231628418, 1.0, 0.9999997615814209, 1.0, 0.9999970197677612, 1.0, 0.999998927116394, 1.0, 1.0, 1.0, 0.9999997615814209, 0.9999988079071045, 0.9999923706054688, 0.9999995231628418, 0.9999997615814209, 0.999932050704956, 0.9999996423721313
1, 2, 3, 4, 5, 6, 7, 8, 9, 10, 11, 12, 13, 14, 15, 16, 17, 18, 19, 20
0.9579601287841797, 0.9133340716362, 0.898165225982666, 0.9997523427009583, 0.7633195519447327, 0.9992295503616333, 0.9997791647911072, 0.8664883375167847, 0.9999992847442627, 0.9999998807907104, 0.9991987347602844, 1.0, 0.9999922513961792, 1.0, 0.9999957084655762, 1.0, 0.9999953508377075, 0.9999969005584717, 0.9265908598899841, 0.9999998807907104, 0.9999997615814209, 1.0, 0.9999849796295166, 1.0, 0.9999997615814209, 1.0, 0.9999986886978149, 0.9999998807907104, 0.9999997615814209, 0.9995598196983337, 0.9999997615814209
6, 5, 3, 1, 2, 16, 17, 18, 19, 10, 11, 9, 4, 12, 13, 14, 15, 7, 8, 20
0.5545648336410522, 0.9351667761802673, 0.6780055165290833, 0.9168441891670227, 0.9985970854759216, 0.3757570683956146, 0.5251667499542236, 0.9652767181396484, 0.986003041267395, 0.9925133585929871, 0.9606727361679077, 0.9722539186477661, 0.9973479509353638, 0.4189411997795105, 0.48990756273269653, 0.5562319755554199, 0.8696224689483643, 0.813355028629303, 0.5488216876983643, 0.8294270634651184, 0.8048755526542664, 0.9663614630699158, 0.9997839331626892, 0.9998877048492432, 0.9994551539421082, 0.9999681711196899, 0.9999995231628418, 0.5383883714675903, 0.9922153353691101, 0.9674074053764343, 0.8604163527488708
1, 5, 7, 8, 9, 10, 15, 14, 11, 2, 3, 6, 12, 13, 16, 17, 18, 19, 20, 4
0.7554229497909546, 0.8108254671096802, 0.6027104258537292, 0.9897624850273132, 0.6513373851776123, 0.978619396686554, 0.6799167990684509, 0.9342334270477295, 0.4055640697479248, 0.9238072633743286, 0.6979274153709412, 0.6628546714782715, 0.5519718527793884, 0.8600994348526001, 0.9994834661483765, 0.8367427587509155, 0.9324501752853394, 0.8914192318916321, 0.8933054208755493, 0.5169100165367126, 0.9196415543556213, 0.7717583179473877, 0.9998339414596558, 0.9999247789382935, 0.999679684638977, 0.9999954700469971, 0.9172998666763306, 0.9999963045120239, 0.6886730790138245, 0.9999998807907104, 0.9998260140419006
1, 2, 3, 4, 5, 6, 8, 9, 10, 11, 12, 13, 14, 15, 16, 17, 18, 19, 7, 20
0.9436165690422058, 0.9998565912246704, 0.9816591143608093, 0.9976683259010315, 0.9999505281448364, 0.9998462200164795, 0.7464263439178467, 0.9525514245033264, 0.9999967813491821, 0.6702170372009277, 0.9999992847442627, 0.9957757592201233, 0.9999995231628418, 0.9978563189506531, 0.9999675750732422, 0.9951609969139099, 0.9996001124382019, 0.9998955726623535, 0.8593310117721558, 0.9112712144851685, 0.7215763330459595, 0.9688292145729065, 0.9972781538963318, 0.9998847246170044, 0.9620497226715088, 0.9999886751174927, 0.9957895874977112, 0.9999992847442627, 0.727645754814148, 0.6859472990036011, 0.9999995231628418
1, 3, 4, 5, 6, 11, 13, 14, 2, 7, 8, 9, 10, 12, 15, 16, 17, 18, 19, 20
0.6974009871482849, 0.6264197826385498, 0.9996718168258667, 0.9998427629470825, 0.981819748878479, 0.7626031041145325, 0.5299544334411621, 0.9043728709220886, 0.7495296597480774, 0.972507119178772, 0.9635133147239685, 0.7117912769317627, 0.9707674980163574, 0.6614816784858704, 0.9073100686073303, 0.9999997615814209, 0.9916802048683167, 1.0, 0.9450459480285645, 1.0, 0.9987785220146179, 1.0, 0.9997761845588684, 1.0, 0.9999970197677612, 0.9999994039535522, 0.9999940395355225, 0.9999792575836182, 0.9999992847442627, 0.9724085927009583, 1.0
2, 3, 7, 9, 12, 14, 1, 4, 5, 6, 8, 11, 13, 15, 16, 17, 18, 19, 10, 20
0.9907475709915161, 0.9465341567993164, 0.6926327347755432, 0.6260785460472107, 0.8582839369773865, 0.84034663438797, 0.9363846778869629, 0.6298537850379944, 0.9379228949546814, 0.7002871632575989, 0.9495553970336914, 0.9755313992500305, 0.9975626468658447, 0.9999996423721313, 0.6915885210037231, 1.0, 0.9980373978614807, 0.9999997615814209, 0.9967281818389893, 0.9999998807907104, 0.9984655380249023, 0.9999998807907104, 0.99649578332901, 0.9999994039535522, 0.957901656627655, 0.9999880790710449, 0.9980720281600952, 0.992177426815033, 0.9999988079071045, 0.9740391373634338, 1.0
1, 2, 3, 4, 5, 6, 7, 8, 9, 10, 11, 12, 13, 14, 15, 16, 17, 18, 19, 20
0.6755723357200623, 0.7783471941947937, 0.7177217602729797, 0.9999104738235474, 0.9999961853027344, 0.9999973773956299, 0.9992289543151855, 0.935309112071991, 0.9999973773956299, 0.9999996423721313, 0.9999790191650391, 1.0, 0.9999966621398926, 0.9999998807907104, 0.9999951124191284, 0.9999998807907104, 0.9999992847442627, 0.9999997615814209, 0.9999783039093018, 0.9999579191207886, 0.9999748468399048, 0.9999954700469971, 0.9999994039535522, 0.9999998807907104, 1.0, 0.9999998807907104, 0.9999994039535522, 0.9999994039535522, 0.9999996423721313, 0.999754011631012, 0.9999996423721313
3, 5, 1, 2, 7, 8, 9, 13, 15, 16, 4, 6, 12, 14, 17, 11, 18, 19, 10, 20
0.9705161452293396, 0.47040286660194397, 0.6624959707260132, 0.5897060632705688, 0.8644962310791016, 0.9991713762283325, 0.840131402015686, 0.8476501703262329, 0.8982062935829163, 0.47107428312301636, 0.6929965615272522, 0.6747809648513794, 0.9932689070701599, 0.652731716632843, 0.5077983736991882, 0.9999905824661255, 0.3568468987941742, 0.9999958276748657, 0.63615882396698, 0.9999926090240479, 0.5260438919067383, 0.999992847442627, 0.5745331645011902, 0.9997250437736511, 0.8891404271125793, 0.9963453412055969, 0.8615178465843201, 0.9668946862220764, 0.9999982118606567, 0.7279594540596008, 1.0
1, 4, 6, 3, 2, 5, 7, 9, 11, 8, 13, 14, 16, 17, 10, 15, 19, 12, 18, 20
0.8416102528572083, 0.6508423686027527, 0.8230371475219727, 0.5689935088157654, 0.6405984163284302, 0.5578364729881287, 0.671939492225647, 0.8926133513450623, 0.9457699656486511, 0.4194812774658203, 0.5812968015670776, 0.9999971389770508, 0.48556381464004517, 0.9999960660934448, 0.8658044338226318, 0.999996542930603, 0.6582962870597839, 0.99994957447052, 0.7354069352149963, 0.9998192191123962, 0.6351578235626221, 0.998772919178009, 0.8805413842201233, 0.9886621832847595, 0.3933609127998352, 0.8871766924858093, 0.9559550881385803, 0.7981731295585632, 0.9999914169311523, 0.9597209692001343, 0.9999996423721313
3, 2, 1, 5, 7, 6, 10, 11, 14, 8, 9, 15, 17, 18, 4, 13, 12, 16, 19, 20
0.7254139184951782, 0.9499465823173523, 0.5151702761650085, 0.7199371457099915, 0.3650355041027069, 0.39563947916030884, 0.693107545375824, 0.6343232989311218, 0.9698310494422913, 0.8990687131881714, 0.6867005825042725, 0.8096867203712463, 0.5864101052284241, 0.999497652053833, 0.9585208296775818, 0.7338019013404846, 0.7340623736381531, 0.6150720715522766, 0.9963755011558533, 0.9985527396202087, 0.6286997199058533, 0.9982709884643555, 0.8459970355033875, 0.9953863024711609, 0.6409345269203186, 0.9854927659034729, 0.8596304059028625, 0.9916806817054749, 0.9999964237213135, 0.9504001140594482, 1.0
1, 2, 8, 6, 9, 10, 4, 15, 14, 3, 7, 16, 17, 18, 5, 11, 12, 13, 19, 20
0.99797123670578, 0.9999876022338867, 0.527637779712677, 0.8706560134887695, 0.5718960762023926, 0.9985576272010803, 0.9991044402122498, 0.4690234959125519, 0.9207668900489807, 0.4057469964027405, 0.9032008647918701, 0.9055572748184204, 0.35185179114341736, 0.8191259503364563, 0.9085769057273865, 0.4736166298389435, 0.9706640839576721, 0.9881235957145691, 0.9972676038742065, 0.9996132254600525, 0.9486464262008667, 0.9992190599441528, 0.9845420122146606, 0.9999961853027344, 0.9997872710227966, 0.9999926090240479, 0.9932979941368103, 0.9999450445175171, 0.9999992847442627, 0.9481515884399414, 0.9999998807907104
