2, 5, 3, 13, 16, 7, 18, 4, 15, 1, 6, 8, 14, 11, 10, 9, 17, 19, 12, 20
0.9683407545089722, 0.5859755277633667, 0.44163087010383606, 0.5171142816543579, 0.8086669445037842, 0.35431113839149475, 0.35071590542793274, 0.8440462946891785, 0.7162964344024658, 0.4843374192714691, 0.5361447334289551, 0.6794940233230591, 0.6479136347770691, 0.532496988773346, 0.6062219738960266, 0.7129387259483337, 0.9244228005409241, 0.6676480770111084, 0.9584575295448303, 0.9760507941246033, 0.539905846118927, 0.8615742325782776, 0.6378728747367859, 0.9596072435379028, 0.9164763689041138, 0.5195021629333496, 0.515583872795105, 0.7431530356407166, 0.9999489784240723, 0.9995778203010559, 0.9999929666519165
1, 2, 3, 4, 7, 8, 10, 12, 9, 5, 6, 17, 18, 11, 13, 15, 14, 19, 20, 16
0.993160605430603, 0.8965307474136353, 0.4470492899417877, 0.5713549852371216, 0.6396134495735168, 0.4672008454799652, 0.448596715927124, 0.7471278309822083, 0.831985592842102, 0.9972694516181946, 0.4125611186027527, 0.6448482275009155, 0.9991294741630554, 0.999653697013855, 0.8885737657546997, 0.999947190284729, 0.9994946718215942, 0.9531813859939575, 0.6529436707496643, 0.9902399778366089, 0.816993772983551, 0.974020779132843, 0.5098820924758911, 0.9241224527359009, 0.8216026425361633, 0.7185841798782349, 0.9751714468002319, 0.9995020627975464, 0.9999994039535522, 0.9999872446060181, 0.999990701675415
1, 2, 5, 7, 3, 8, 10, 17, 18, 14, 13, 11, 15, 9, 20, 4, 6, 16, 19, 12
0.7106339931488037, 0.804458737373352, 0.9369466304779053, 0.830176830291748, 0.6951606869697571, 0.9705817699432373, 0.9151782393455505, 0.9255145192146301, 0.9831479787826538, 0.7370737195014954, 0.9992607235908508, 0.9971545934677124, 0.9364000558853149, 0.4357593059539795, 0.9970492720603943, 0.7477520704269409, 0.994632363319397, 0.9072595238685608, 0.8659660816192627, 0.9999021291732788, 0.672528088092804, 0.8258358836174011, 0.9999982118606567, 0.4510211944580078, 0.8104407787322998, 0.9999674558639526, 0.43878158926963806, 0.9999862909317017, 0.5888589024543762, 0.9999946355819702, 0.9999885559082031
1, 5, 2, 10, 6, 16, 9, 4, 7, 3, 8, 18, 19, 11, 12, 15, 17, 20, 14, 13
0.9980912804603577, 0.8208844065666199, 0.8337978720664978, 0.4620016813278198, 0.9954403638839722, 0.8816184401512146, 0.6244138479232788, 0.9984254837036133, 0.9352458119392395, 0.5731201171875, 0.937576949596405, 0.7123045325279236, 0.7954144477844238, 0.9769336581230164, 0.9143779277801514, 0.9985702037811279, 0.9993442893028259, 0.5311464667320251, 0.6162019371986389, 0.999599277973175, 0.9996929168701172, 0.9706757664680481, 0.9610787630081177, 0.973633348941803, 0.990408182144165, 0.9230246543884277, 0.9999984502792358, 0.9999746084213257, 0.5544646382331848, 0.9999840259552002, 0.9999964237213135
10, 2, 5, 6, 11, 12, 20, 9, 8, 7, 1, 4, 19, 3, 13, 14, 15, 16, 17, 18
0.3751012980937958, 0.909707248210907, 0.3620000183582306, 0.5928826332092285, 0.973739504814148, 0.884204089641571, 0.6714583039283752, 0.6254286766052246, 0.9975516200065613, 0.8526533246040344, 0.9999971389770508, 0.6878452301025391, 0.41635632514953613, 0.7411033511161804, 0.7885255813598633, 0.8954511880874634, 0.8669476509094238, 0.9826077818870544, 0.9380775094032288, 0.999955415725708, 0.9918278455734253, 0.9999852180480957, 0.9939449429512024, 0.9999954700469971, 0.9990662932395935, 0.9999972581863403, 0.999868631362915, 0.9999977350234985, 0.9999336004257202, 0.9999994039535522, 0.9999979734420776
4, 6, 9, 19, 15, 20, 11, 1, 2, 5, 7, 12, 10, 3, 14, 13, 16, 17, 18, 8
0.5445224642753601, 0.9618374109268188, 0.7103087902069092, 0.872511625289917, 0.7151859402656555, 0.847944974899292, 0.7686069011688232, 0.6821773052215576, 0.9591317772865295, 0.623383104801178, 0.7553973197937012, 0.3743472993373871, 0.9862365126609802, 0.8064046502113342, 0.5901610851287842, 0.9308702349662781, 0.8312275409698486, 0.8678260445594788, 0.9825584888458252, 0.5571816563606262, 0.969531238079071, 0.8383528590202332, 0.9098186492919922, 0.806538999080658, 0.6859197616577148, 0.6989777684211731, 0.9993189573287964, 0.9334271550178528, 0.9964009523391724, 0.9999977350234985, 0.9996293783187866
3, 7, 10, 4, 8, 9, 5, 6, 19, 13, 12, 16, 2, 11, 15, 14, 17, 18, 20, 1
0.9227103590965271, 0.8593226671218872, 0.3204481601715088, 0.9974383115768433, 0.4997369945049286, 0.9323402047157288, 0.9218491911888123, 0.825071394443512, 0.8894174098968506, 0.953313410282135, 0.8710783123970032, 0.7996578812599182, 0.9270698428153992, 0.7971134185791016, 0.7090133428573608, 0.5696834325790405, 0.41066205501556396, 0.9379310607910156, 0.9971182346343994, 0.99577796459198, 0.7423518896102905, 0.7419829368591309, 0.6750801801681519, 0.6603766083717346, 0.7772302627563477, 0.6971853971481323, 0.9996553659439087, 0.9997887015342712, 0.9252115488052368, 0.9999895095825195, 0.9999958276748657
12, 8, 1, 13, 4, 20, 6, 11, 14, 15, 16, 18, 9, 7, 19, 2, 3, 5, 17, 10
0.4669364094734192, 0.5428297519683838, 0.47460782527923584, 0.3286413848400116, 0.42181408405303955, 0.5362430810928345, 0.6887315511703491, 0.3890233337879181, 0.843850314617157, 0.45401284098625183, 0.8710474967956543, 0.9720767140388489, 0.9339077472686768, 0.841666579246521, 0.9991683959960938, 0.9894160628318787, 0.9872015714645386, 0.932319700717926, 0.4856494963169098, 0.9884830117225647, 0.9086119532585144, 0.7387672066688538, 0.7185363173484802, 0.8694751262664795, 0.5413601398468018, 0.873636782169342, 0.9994627833366394, 0.999984860420227, 0.995157778263092, 0.9999299049377441, 0.9999960660934448
1, 2, 3, 4, 5, 6, 7, 9, 16, 14, 19, 12, 17, 15, 11, 8, 10, 20, 13, 18
0.4770110249519348, 0.959281325340271, 0.5908000469207764, 0.9613674879074097, 0.9965204000473022, 0.8212713003158569, 0.9026082158088684, 0.7077416777610779, 0.9207321405410767, 0.36183902621269226, 0.993910551071167, 0.8589802384376526, 0.998481810092926, 0.8746405839920044, 0.9857071042060852, 0.8990340232849121, 0.9956608414649963, 0.9902623295783997, 0.8613708019256592, 0.3763537108898163, 0.6563913822174072, 0.6443946361541748, 0.6028411984443665, 0.8030781149864197, 0.8816816806793213, 0.6001467108726501, 0.9999984502792358, 0.9999765157699585, 0.7930678129196167, 0.999994158744812, 0.9999237060546875
3, 1, 2, 7, 18, 19, 20, 8, 11, 12, 13, 14, 16, 10, 15, 4, 5, 6, 9, 17
0.8248335123062134, 0.5150503516197205, 0.40527355670928955, 0.7095860838890076, 0.8996938467025757, 0.7514450550079346, 0.7378426194190979, 0.9488924741744995, 0.39685866236686707, 0.999995231628418, 0.46979212760925293, 0.7333534359931946, 0.7336841821670532, 0.99989914894104, 0.9934188723564148, 0.9999595880508423, 0.9358065128326416, 0.9999904632568359, 0.9975531697273254, 0.9999518394470215, 0.9973881840705872, 0.8789735436439514, 0.5256532430648804, 0.9995001554489136, 0.999907374382019, 0.4952516555786133, 0.988115668296814, 0.6435813307762146, 0.9921212196350098, 0.9999955892562866, 0.9999686479568481
1, 2, 3, 4, 8, 9, 16, 18, 6, 7, 17, 19, 12, 20, 5, 13, 10, 11, 14, 15
0.909814178943634, 0.9086370468139648, 0.8916676044464111, 0.9978140592575073, 0.4983227550983429, 0.9969370365142822, 0.8533360362052917, 0.9945120811462402, 0.6663447022438049, 0.9465431571006775, 0.5779107213020325, 0.7493553161621094, 0.8260707259178162, 0.6911107301712036, 0.9991497993469238, 0.9986086487770081, 0.6662641167640686, 0.9510068297386169, 0.817695140838623, 0.9999984502792358, 0.9603425860404968, 0.9999861717224121, 0.9974109530448914, 0.999975323677063, 0.8378896117210388, 0.9999942779541016, 0.9876284599304199, 0.999995231628418, 0.9955305457115173, 0.9999958276748657, 0.9999995231628418
1, 4, 2, 6, 10, 11, 12, 13, 16, 14, 15, 17, 20, 7, 3, 19, 5, 18, 8, 9
0.5570106506347656, 0.9631640315055847, 0.40229088068008423, 0.8368819952011108, 0.6371142864227295, 0.5289158821105957, 0.9789777994155884, 0.9847750067710876, 0.7444449067115784, 0.6394960284233093, 0.9917628765106201, 0.9868496656417847, 0.9237493872642517, 0.946221649646759, 0.5348193049430847, 0.4990594685077667, 0.9940379858016968, 0.9993993043899536, 0.4552237391471863, 0.9318841695785522, 0.634928822517395, 0.9999996423721313, 0.6922835111618042, 0.7125141620635986, 0.8742908239364624, 0.9830637574195862, 0.8178934454917908, 0.5736273527145386, 0.9999707937240601, 0.7629690766334534, 0.9998887777328491
2, 7, 4, 3, 13, 12, 17, 9, 11, 8, 16, 19, 15, 1, 14, 10, 6, 5, 20, 18
0.4349421262741089, 0.40827521681785583, 0.7985774874687195, 0.565671980381012, 0.9983550906181335, 0.9270272254943848, 0.9952448010444641, 0.9215160012245178, 0.9462950825691223, 0.9703308343887329, 0.5964601039886475, 0.7993299961090088, 0.6894254088401794, 0.5392550826072693, 0.9857924580574036, 0.8880860805511475, 0.8862782716751099, 0.6490511894226074, 0.8475492596626282, 0.40489742159843445, 0.772001326084137, 0.8559317588806152, 0.9334816932678223, 0.4514250159263611, 0.790433943271637, 0.5696410536766052, 0.9969391822814941, 0.5505921244621277, 0.9999938011169434, 0.9999916553497314, 0.9999699592590332
5, 10, 11, 12, 19, 2, 3, 4, 7, 1, 6, 8, 13, 16, 17, 14, 15, 9, 18, 20
0.8715716004371643, 0.5019151568412781, 0.41835635900497437, 0.6517373323440552, 0.308634877204895, 0.7043315172195435, 0.7752578854560852, 0.5632940530776978, 0.8867335915565491, 0.301901638507843, 0.34476205706596375, 0.8256072998046875, 0.8238058090209961, 0.7363754510879517, 0.9024000763893127, 0.7781429290771484, 0.7020977139472961, 0.7930989265441895, 0.8088840246200562, 0.44910454750061035, 0.6436534523963928, 0.380593866109848, 0.7581366896629333, 0.9262683987617493, 0.997861921787262, 0.9998834133148193, 0.696637749671936, 0.5621691942214966, 0.9997923970222473, 0.9740314483642578, 0.9999979734420776
1, 2, 9, 14, 17, 18, 19, 20, 13, 15, 16, 3, 11, 8, 10, 6, 4, 5, 7, 12
0.9888983368873596, 0.6099796891212463, 0.45539915561676025, 0.9992669224739075, 0.987744152545929, 0.9994320273399353, 0.9393877983093262, 0.9988312125205994, 0.9680377840995789, 0.9777011275291443, 0.998077392578125, 0.989804744720459, 0.9999998807907104, 0.9980440139770508, 0.580525279045105, 0.9991737008094788, 0.940767765045166, 0.9998468160629272, 0.9997920393943787, 0.7913069128990173, 0.2847673296928406, 0.9463782906532288, 0.42401450872421265, 0.7426267862319946, 0.9998362064361572, 0.9584892988204956, 0.8528822064399719, 0.7644578814506531, 0.8266286253929138, 0.9999936819076538, 0.9999790191650391
1, 2, 3, 4, 9, 17, 5, 10, 7, 8, 14, 19, 11, 12, 13, 15, 16, 6, 18, 20
0.8710150122642517, 0.9510494470596313, 0.9547833204269409, 0.986976683139801, 0.5490804314613342, 0.8374533653259277, 0.9858910441398621, 0.8309034705162048, 0.9179225564002991, 0.997369647026062, 0.7862100601196289, 0.5730858445167542, 0.9981961846351624, 0.5169830918312073, 0.9969196319580078, 0.9743790030479431, 0.8839159607887268, 0.46049150824546814, 0.9964801669120789, 0.9769516587257385, 0.9995607733726501, 0.9999191761016846, 0.7901443839073181, 0.9280152320861816, 0.8458750247955322, 0.9997860789299011, 0.7796730995178223, 0.9825477004051208, 0.9999785423278809, 0.9996377229690552, 0.999998927116394
9, 1, 2, 3, 4, 8, 10, 14, 16, 13, 15, 11, 20, 12, 17, 18, 19, 5, 6, 7
0.7322022318840027, 0.9689807891845703, 0.9224144816398621, 0.5311791300773621, 0.9772401452064514, 0.9675901532173157, 0.9995579123497009, 0.8598543405532837, 0.9999254941940308, 0.5725090503692627, 0.9998466968536377, 0.9510948657989502, 0.9996131062507629, 0.9949683547019958, 0.9963924288749695, 0.9957113265991211, 0.6499490737915039, 0.8826005458831787, 0.9156895279884338, 0.9999977350234985, 0.9904322028160095, 0.8619562387466431, 0.9934060573577881, 0.9381033182144165, 0.9999889135360718, 0.9920597076416016, 0.9999905824661255, 0.9999998807907104, 0.9600951075553894, 0.9994935989379883, 0.999996542930603
20, 5, 11, 9, 15, 17, 4, 16, 13, 19, 12, 10, 1, 7, 3, 18, 6, 8, 2, 14
0.356155663728714, 0.9940592050552368, 0.47670355439186096, 0.5303717851638794, 0.7112953066825867, 0.32913026213645935, 0.414718896150589, 0.23322734236717224, 0.3739831745624542, 0.2427331954240799, 0.49961966276168823, 0.49695438146591187, 0.3914019763469696, 0.588956356048584, 0.30323612689971924, 0.5726842284202576, 0.4780675768852234, 0.774549663066864, 0.692436933517456, 0.8129810094833374, 0.7323520183563232, 0.7602055668830872, 0.6012513637542725, 0.4130362272262573, 0.41811925172805786, 0.970170795917511, 0.38725563883781433, 0.5637333393096924, 0.8175625801086426, 0.9999881982803345, 0.9999845027923584
3, 13, 8, 11, 17, 9, 19, 10, 6, 7, 12, 14, 1, 2, 4, 5, 15, 16, 18, 20
0.716191828250885, 0.9833667278289795, 0.9957275390625, 0.788312554359436, 0.9829180836677551, 0.9863235950469971, 0.6371463537216187, 0.8059291839599609, 0.913189709186554, 0.971476674079895, 0.6940711140632629, 0.861482560634613, 0.512654721736908, 0.9339969754219055, 0.9995437264442444, 0.9561777114868164, 0.6726886034011841, 0.9536270499229431, 0.8223960399627686, 0.9452098608016968, 0.9993582367897034, 0.9571186304092407, 0.953033983707428, 0.9801351428031921, 0.9394847750663757, 0.9981094598770142, 0.9883056879043579, 0.9963821172714233, 0.9999963045120239, 0.9999595880508423, 0.9999995231628418
13, 12, 4, 17, 18, 11, 19, 6, 1, 5, 3, 16, 14, 20, 2, 15, 9, 10, 7, 8
0.7327848076820374, 0.5801891684532166, 0.5153282880783081, 0.826970100402832, 0.6112120747566223, 0.9997597336769104, 0.9332962036132812, 0.9990899562835693, 0.7614930868148804, 0.9962435960769653, 0.8833853006362915, 0.9816458821296692, 0.9983731508255005, 0.7237367630004883, 0.7175219058990479, 0.5073040723800659, 0.99483323097229, 0.6931471228599548, 0.8241831660270691, 0.6979929208755493, 0.9024693965911865, 0.5106961727142334, 0.6618772149085999, 0.9419589638710022, 0.5977896451950073, 0.7401437163352966, 0.9356578588485718, 0.9835308194160461, 0.9999955892562866, 0.554467499256134, 0.9999973773956299
2, 4, 1, 3, 9, 6, 13, 8, 20, 19, 5, 7, 10, 11, 12, 17, 18, 14, 15, 16
0.8537197709083557, 0.7343091368675232, 0.9616899490356445, 0.7092205286026001, 0.3887292742729187, 0.5237699151039124, 0.49402332305908203, 0.7786211371421814, 0.4892800748348236, 0.9500818252563477, 0.9999995231628418, 0.642213761806488, 0.9871504306793213, 0.8369552493095398, 0.9941641688346863, 0.9999606609344482, 0.9854259490966797, 0.9999775886535645, 0.9986680746078491, 0.9999866485595703, 0.9959607720375061, 0.9999945163726807, 0.9950833320617676, 0.9999945163726807, 0.9999908208847046, 0.99998939037323, 0.6795474886894226, 0.9999547004699707, 0.977013885974884, 0.9999947547912598, 0.9999995231628418
1, 2, 3, 4, 7, 8, 9, 13, 16, 18, 14, 12, 10, 11, 5, 6, 15, 19, 20, 17
0.9654598236083984, 0.998062789440155, 0.8826485276222229, 0.6207866072654724, 0.6494318246841431, 0.9559905529022217, 0.9551626443862915, 0.9986850619316101, 0.7737506628036499, 0.9996819496154785, 0.8031368851661682, 0.9997894167900085, 0.990148663520813, 0.9919624924659729, 0.5100969672203064, 0.9523961544036865, 0.991608202457428, 0.6607967019081116, 0.6674639582633972, 0.9033713340759277, 0.9999582767486572, 0.6615749001502991, 0.9989499449729919, 0.9844738245010376, 0.9867960214614868, 0.8332881927490234, 0.6001103520393372, 0.9963893890380859, 0.9999995231628418, 0.9999902248382568, 0.9999854564666748
1, 2, 3, 5, 6, 7, 8, 10, 11, 12, 13, 15, 17, 20, 9, 14, 16, 18, 19, 4
0.9916633367538452, 0.9592949151992798, 0.9134219884872437, 0.8590208888053894, 0.7346670031547546, 0.5065364241600037, 0.962833821773529, 0.532441258430481, 0.6590374708175659, 0.9905568361282349, 0.991287887096405, 0.9512755274772644, 0.7262622714042664, 0.9251859188079834, 0.9637414813041687, 0.8958286046981812, 0.829297661781311, 0.5720022320747375, 0.9050410985946655, 0.7342690825462341, 0.9999963045120239, 0.7464869022369385, 0.5850809216499329, 0.5209720134735107, 0.6992285847663879, 0.9362228512763977, 0.6477792263031006, 0.9899598360061646, 0.9958606362342834, 0.9999991655349731, 0.9999140501022339
1, 2, 4, 3, 8, 5, 6, 7, 9, 13, 14, 11, 12, 15, 10, 16, 17, 20, 18, 19
0.9604159593582153, 0.9510006308555603, 0.9894494414329529, 0.5648041367530823, 0.5943574905395508, 0.7810363173484802, 0.9364498257637024, 0.8605791330337524, 0.898944616317749, 0.99985671043396, 0.8872487545013428, 0.9996592998504639, 0.759978175163269, 0.9998742341995239, 0.6487260460853577, 0.9997418522834778, 0.9846163988113403, 0.9996966123580933, 0.7965713739395142, 0.9998633861541748, 0.4652705788612366, 0.9996740818023682, 0.7024211287498474, 0.9992037415504456, 0.9997592568397522, 0.5658303499221802, 0.9999918937683105, 0.9999737739562988, 0.9992627501487732, 0.999967098236084, 0.9998633861541748
1, 2, 4, 6, 8, 16, 20, 13, 5, 7, 19, 10, 11, 12, 14, 15, 17, 18, 9, 3
0.9338074326515198, 0.9264423251152039, 0.6210184097290039, 0.8710573315620422, 0.6026590466499329, 0.6447312235832214, 0.8533558249473572, 0.5666759014129639, 0.9999933242797852, 0.4082518219947815, 0.7117910981178284, 0.5297966003417969, 0.49331194162368774, 0.4971085786819458, 0.5335075855255127, 0.7646928429603577, 0.6057335734367371, 0.6466578841209412, 0.5679031610488892, 0.5254867672920227, 0.6676415205001831, 0.49821189045906067, 0.6812208890914917, 0.9414696097373962, 0.9943287968635559, 0.8902372717857361, 0.9845685958862305, 0.9970360994338989, 0.9999980926513672, 0.6000287532806396, 0.9965149164199829
1, 2, 3, 4, 5, 6, 10, 12, 13, 16, 17, 18, 19, 20, 14, 15, 9, 7, 11, 8
0.4600197374820709, 0.8182123899459839, 0.8116311430931091, 0.991669774055481, 0.6668617725372314, 0.9229556322097778, 0.9935372471809387, 0.6119764447212219, 0.9997497200965881, 0.9863932728767395, 0.9996618032455444, 0.963149905204773, 0.9994730353355408, 0.9760944247245789, 0.9987701773643494, 0.9903550148010254, 0.9667680859565735, 0.964539647102356, 0.9870191812515259, 0.9983697533607483, 0.9991021156311035, 0.9999997615814209, 0.8721302151679993, 0.8219445943832397, 0.9999128580093384, 0.9993614554405212, 0.7748723030090332, 0.8442816734313965, 0.8459283709526062, 0.9999912977218628, 0.9999960660934448
13, 12, 20, 11, 14, 9, 18, 17, 7, 19, 1, 2, 3, 8, 6, 16, 5, 15, 4, 10
0.6635534763336182, 0.49736806750297546, 0.8709104061126709, 0.8834978342056274, 0.49413326382637024, 0.9863102436065674, 0.6594997048377991, 0.6000798940658569, 0.4593137204647064, 0.6214492917060852, 0.48007988929748535, 0.4683229923248291, 0.3866013288497925, 0.6303356289863586, 0.8478505611419678, 0.5938328504562378, 0.5822087526321411, 0.4667941927909851, 0.30345797538757324, 0.24487996101379395, 0.5082718133926392, 0.5128666758537292, 0.5469411611557007, 0.892116904258728, 0.9473575949668884, 0.814197301864624, 0.7690637707710266, 0.9207620024681091, 0.8104658722877502, 0.9999905824661255, 0.9999946355819702
10, 6, 11, 12, 1, 2, 3, 4, 5, 7, 8, 9, 13, 14, 15, 16, 17, 18, 19, 20
0.9781088829040527, 0.5813891887664795, 0.49221861362457275, 0.9994969367980957, 0.9947817921638489, 0.8823103308677673, 0.8005586862564087, 0.7959586381912231, 0.9956464171409607, 0.9557544589042664, 0.9999681711196899, 0.8265779614448547, 0.9569208025932312, 0.9995834231376648, 0.9999862909317017, 0.9998774528503418, 0.9534413814544678, 0.9999809265136719, 0.9999669790267944, 0.9999351501464844, 0.9968273043632507, 0.9998171925544739, 0.9987403750419617, 0.9999953508377075, 0.9999570846557617, 0.9999872446060181, 0.999954104423523, 0.9998893737792969, 0.9999557733535767, 0.9998412132263184, 0.9999997615814209
1, 2, 3, 5, 4, 6, 7, 11, 12, 17, 15, 9, 10, 13, 19, 16, 14, 8, 18, 20
0.774315357208252, 0.9600185751914978, 0.975180983543396, 0.947597324848175, 0.7877588868141174, 0.8420931696891785, 0.5388829112052917, 0.751674234867096, 0.9771207571029663, 0.9959954023361206, 0.9977163076400757, 0.7056328058242798, 0.3292861580848694, 0.49484217166900635, 0.6919594407081604, 0.60350102186203, 0.9996594190597534, 0.9992493987083435, 0.7291259765625, 0.8829476237297058, 0.7709661722183228, 0.5259775519371033, 0.787821888923645, 0.8382388949394226, 0.7779447436332703, 0.980545163154602, 0.38008883595466614, 0.8221670389175415, 0.9999216794967651, 0.9998204112052917, 0.999998927116394
12, 20, 1, 13, 18, 2, 16, 19, 10, 14, 8, 17, 3, 4, 5, 11, 9, 6, 7, 15
0.7999942898750305, 0.9111520648002625, 0.911550760269165, 0.9963328838348389, 0.9026782512664795, 0.9263337850570679, 0.8469783067703247, 0.9178118109703064, 0.9993358254432678, 0.6852148175239563, 0.8878263831138611, 0.41479647159576416, 0.7862504124641418, 0.40275028347969055, 0.7792186141014099, 0.6618158221244812, 0.5117479562759399, 0.7786650657653809, 0.4524500072002411, 0.9790608286857605, 0.9969497323036194, 0.7061282992362976, 0.9977128505706787, 0.3494051694869995, 0.7119832038879395, 0.990978479385376, 0.8083279132843018, 0.5668175220489502, 0.9995532631874084, 0.9999977350234985, 0.9999637603759766
1, 2, 3, 4, 5, 7, 11, 16, 17, 8, 12, 14, 18, 9, 10, 19, 15, 13, 20, 6
0.7875288724899292, 0.9724118709564209, 0.919934868812561, 0.8854680061340332, 0.9397861361503601, 0.9764665365219116, 0.517784059047699, 0.9858695268630981, 0.7506170868873596, 0.446123331785202, 0.7623144388198853, 0.9757258892059326, 0.8312852382659912, 0.8174707889556885, 0.8342081904411316, 0.7976427674293518, 0.7832315564155579, 0.9042549729347229, 0.9351199865341187, 0.5347256064414978, 0.9999274015426636, 0.9995591044425964, 0.9972209930419922, 0.8215653896331787, 0.9989763498306274, 0.7930369973182678, 0.9999421834945679, 0.9999932050704956, 0.7158626914024353, 0.9999947547912598, 0.9324324727058411
1, 3, 2, 4, 5, 6, 7, 8, 9, 17, 13, 20, 12, 19, 10, 11, 18, 16, 14, 15
0.6650873422622681, 0.6438590288162231, 0.9091570973396301, 0.504490852355957, 0.899939775466919, 0.8530227541923523, 0.9846659898757935, 0.963813066482544, 0.931418240070343, 0.9993840456008911, 0.37915995717048645, 0.9762810468673706, 0.5593995451927185, 0.515606164932251, 0.9999991655349731, 0.9999791383743286, 0.711789608001709, 0.9999650716781616, 0.9885327816009521, 0.9999394416809082, 0.8910481333732605, 0.9999619722366333, 0.9997963309288025, 0.9999545812606812, 0.8748235702514648, 0.9999412298202515, 0.9546643495559692, 0.9999514818191528, 0.9997727274894714, 0.9999877214431763, 0.9999576807022095
1, 2, 3, 4, 5, 12, 18, 13, 17, 14, 19, 7, 6, 11, 9, 20, 8, 10, 15, 16
0.9835447669029236, 0.9919747710227966, 0.562259316444397, 0.9931756854057312, 0.9993221759796143, 0.7835148572921753, 0.9935969114303589, 0.9850672483444214, 0.5601047277450562, 0.9402843713760376, 0.8410711288452148, 0.6675108075141907, 0.6335099339485168, 0.34245991706848145, 0.7573477625846863, 0.44155624508857727, 0.6404632925987244, 0.6355911493301392, 0.8721264004707336, 0.6681742072105408, 0.9931777715682983, 0.5758480429649353, 0.6265777349472046, 0.9999991655349731, 0.5038753747940063, 0.9999593496322632, 0.5401975512504578, 0.9999645948410034, 0.7955172061920166, 0.9999980926513672, 0.9999942779541016
1, 2, 4, 5, 6, 11, 18, 19, 15, 12, 10, 7, 8, 16, 13, 14, 20, 9, 3, 17
0.8808028697967529, 0.9962748289108276, 0.7632926106452942, 0.9591602087020874, 0.700627326965332, 0.8464310169219971, 0.7049853801727295, 0.9826552867889404, 0.6379038691520691, 0.8811294436454773, 0.6480190753936768, 0.8091576099395752, 0.3709277808666229, 0.8351313471794128, 0.4312964975833893, 0.8869426846504211, 0.8706833124160767, 0.5905774831771851, 0.9947182536125183, 0.5868223905563354, 0.9219655990600586, 0.5905850529670715, 0.6692376732826233, 0.999543309211731, 0.999977707862854, 0.6069657802581787, 0.9999992847442627, 0.9152022004127502, 0.5234149694442749, 0.9999969005584717, 0.9999974966049194
13, 2, 1, 7, 3, 8, 10, 11, 6, 18, 19, 4, 9, 20, 14, 15, 16, 5, 12, 17
0.501076877117157, 0.9524813294410706, 0.923288106918335, 0.7414752840995789, 0.413839191198349, 0.5032000541687012, 0.5862453579902649, 0.7105283141136169, 0.5665858387947083, 0.9958958625793457, 0.996957540512085, 0.5802344083786011, 0.8226637244224548, 0.965848982334137, 0.9951464533805847, 0.9995803236961365, 0.8638567328453064, 0.8309313058853149, 0.8257217407226562, 0.9999988079071045, 0.9031906723976135, 0.8517508506774902, 0.999734103679657, 0.9988221526145935, 0.7370960116386414, 0.9902439713478088, 0.9407719969749451, 0.9999899864196777, 0.8740385174751282, 0.9999983310699463, 0.9999996423721313
3, 18, 19, 11, 4, 20, 15, 17, 1, 2, 6, 14, 5, 16, 12, 13, 7, 8, 10, 9
0.5974343419075012, 0.8728392720222473, 0.9489505290985107, 0.76203852891922, 0.8233515620231628, 0.6174416542053223, 0.6483602523803711, 0.3688891530036926, 0.9074244499206543, 0.9951236844062805, 0.9522653222084045, 0.5023853778839111, 0.9978193044662476, 0.9916028380393982, 0.786490797996521, 0.998524010181427, 0.7783576846122742, 0.4955163300037384, 0.9273674488067627, 0.5116353034973145, 0.842730700969696, 0.7284637093544006, 0.6081854104995728, 0.9179298877716064, 0.9923610091209412, 0.9999871253967285, 0.6583505868911743, 0.9735597968101501, 0.9960370659828186, 0.9999840259552002, 0.9999973773956299
10, 9, 1, 3, 13, 14, 11, 18, 15, 4, 16, 20, 6, 5, 7, 19, 17, 2, 12, 8
0.9028329253196716, 0.9796786308288574, 0.8456880450248718, 0.8929283022880554, 0.45524629950523376, 0.5948010087013245, 0.6409861445426941, 0.953823447227478, 0.5422459840774536, 0.9652897119522095, 0.8003584146499634, 0.9009855389595032, 0.8127593398094177, 0.664761483669281, 0.9158267974853516, 0.6285730004310608, 0.8874606490135193, 0.9991806149482727, 0.7628167867660522, 0.9946075081825256, 0.5920793414115906, 0.39193129539489746, 0.8013430237770081, 0.781998336315155, 0.762908399105072, 0.9465394020080566, 0.9999847412109375, 0.9990586638450623, 0.6187599301338196, 0.999993085861206, 0.9999754428863525
2, 3, 1, 7, 5, 8, 9, 10, 11, 13, 12, 16, 17, 20, 6, 14, 15, 18, 19, 4
0.5392270684242249, 0.8260269165039062, 0.9380472898483276, 0.9557566046714783, 0.5213841795921326, 0.6104156970977783, 0.9945544004440308, 0.8377707004547119, 0.40226760506629944, 0.965297281742096, 0.7850189208984375, 0.9842076897621155, 0.9175536036491394, 0.6270209550857544, 0.566530704498291, 0.6512545347213745, 0.897869884967804, 0.5469114184379578, 0.35158348083496094, 0.4289531707763672, 0.9999982118606567, 0.5527973771095276, 0.8723154664039612, 0.4788030982017517, 0.9032527804374695, 0.6006271243095398, 0.9632044434547424, 0.8418126106262207, 0.7690524458885193, 0.9999912977218628, 0.9999884366989136
1, 3, 5, 2, 4, 6, 11, 12, 9, 19, 13, 17, 18, 14, 15, 20, 7, 8, 10, 16
0.9483100175857544, 0.9411287307739258, 0.8340643644332886, 0.47677579522132874, 0.8975430727005005, 0.9826443791389465, 0.5592833757400513, 0.997305154800415, 0.9746468663215637, 0.9993465542793274, 0.93723464012146, 0.6991162300109863, 0.8945487141609192, 0.8420439958572388, 0.8258055448532104, 0.937976062297821, 0.9154360890388489, 0.9698688387870789, 0.9966387748718262, 0.6817126870155334, 0.8265872001647949, 0.9961611032485962, 0.9998101592063904, 0.9927372336387634, 0.9999992847442627, 0.7956997156143188, 0.9998351335525513, 0.9999866485595703, 0.9018956422805786, 0.9999885559082031, 0.9999804496765137
11, 15, 16, 14, 12, 10, 13, 17, 18, 5, 1, 2, 8, 9, 19, 6, 3, 4, 20, 7
0.9292280673980713, 0.43831297755241394, 0.7228738069534302, 0.43524977564811707, 0.9783874750137329, 0.9896309971809387, 0.7452179193496704, 0.4788759648799896, 0.7371718287467957, 0.5801107287406921, 0.9552169442176819, 0.8432860970497131, 0.9189679622650146, 0.7014299631118774, 0.45920810103416443, 0.5877143740653992, 0.9920499920845032, 0.9987353682518005, 0.5446698069572449, 0.7136494517326355, 0.9996453523635864, 0.27013614773750305, 0.9993137121200562, 0.36208024621009827, 0.9998689889907837, 0.5170082449913025, 0.4911201298236847, 0.9994321465492249, 0.9540389776229858, 0.9999971389770508, 0.9755715131759644
2, 1, 7, 11, 15, 12, 13, 18, 6, 9, 4, 19, 5, 20, 16, 17, 10, 3, 8, 14
0.8746597766876221, 0.5061340928077698, 0.3990541100502014, 0.4359099268913269, 0.5358633399009705, 0.5638673901557922, 0.5689828991889954, 0.3538384437561035, 0.6343650817871094, 0.7112749814987183, 0.9387526512145996, 0.42209309339523315, 0.5687054395675659, 0.20601817965507507, 0.40901705622673035, 0.5341616272926331, 0.39246025681495667, 0.5059277415275574, 0.33269503712654114, 0.6070841550827026, 0.9999988079071045, 0.8467566967010498, 0.5255653858184814, 0.7946919798851013, 0.5889045000076294, 0.6396820545196533, 0.9135887026786804, 0.7185845971107483, 0.515604555606842, 0.9999904632568359, 0.9999889135360718
14, 1, 20, 15, 10, 11, 12, 3, 4, 5, 19, 18, 9, 16, 2, 13, 6, 7, 8, 17
0.9980892539024353, 0.808462381362915, 0.9346150159835815, 0.8800618648529053, 0.9819967150688171, 0.7586533427238464, 0.43628382682800293, 0.7568655014038086, 0.6200630068778992, 0.9896672964096069, 0.9326359629631042, 0.9157649874687195, 0.987312376499176, 0.8278554677963257, 0.9442672729492188, 0.9986317753791809, 0.9965580105781555, 0.9983805418014526, 0.619696319103241, 0.7113486528396606, 0.4341188073158264, 0.9741377234458923, 0.9957262277603149, 0.8838583827018738, 0.901960015296936, 0.5583111047744751, 0.7423420548439026, 0.999177873134613, 0.9999953508377075, 0.9999980926513672, 0.9999953508377075
1, 2, 4, 3, 5, 6, 8, 9, 10, 13, 14, 15, 18, 11, 7, 12, 16, 17, 19, 20
0.9905469417572021, 0.9150576591491699, 0.9439343810081482, 0.4523513913154602, 0.5318467617034912, 0.8970859050750732, 0.8395734429359436, 0.5271475315093994, 0.9999167919158936, 0.8800762891769409, 0.999881386756897, 0.8688724637031555, 0.9999140501022339, 0.9267793297767639, 0.9999194145202637, 0.9172579050064087, 0.9999580383300781, 0.9997872710227966, 0.9190021753311157, 0.636183500289917, 0.6684689521789551, 0.9936938881874084, 0.9792934656143188, 0.9971241354942322, 0.9819897413253784, 0.9986506104469299, 0.8774730563163757, 0.9875499606132507, 0.999996542930603, 0.9999455213546753, 0.9999991655349731
3, 15, 9, 1, 6, 7, 5, 10, 11, 2, 4, 12, 13, 17, 18, 19, 20, 8, 14, 16
0.5682637095451355, 0.5644579529762268, 0.9647572636604309, 0.4069055914878845, 0.6058405041694641, 0.9072188138961792, 0.5871469974517822, 0.8259238004684448, 0.9320955276489258, 0.9343768954277039, 0.7307186126708984, 0.7628357410430908, 0.8127220869064331, 0.9961512684822083, 0.9825019836425781, 0.9902058243751526, 0.8618401885032654, 0.6301906108856201, 0.7651360630989075, 0.497144877910614, 0.8560119271278381, 0.793956458568573, 0.724373459815979, 0.7019522786140442, 0.9977970123291016, 0.9999996423721313, 0.7879113554954529, 0.999988317489624, 0.9766585230827332, 0.9999839067459106, 0.9998998641967773
1, 2, 4, 7, 15, 16, 17, 8, 9, 13, 5, 10, 3, 6, 11, 12, 14, 18, 19, 20
0.9020013213157654, 0.9653393626213074, 0.804316520690918, 0.293990820646286, 0.7364111542701721, 0.6339186429977417, 0.8633975386619568, 0.8213648796081543, 0.399054616689682, 0.519778847694397, 0.6843510866165161, 0.9971880316734314, 0.5161348581314087, 0.7172284722328186, 0.4388945400714874, 0.5748752355575562, 0.9876527786254883, 0.8412085175514221, 0.9800539612770081, 0.9123282432556152, 0.9338316917419434, 0.9998294115066528, 0.9709644913673401, 0.9999667406082153, 0.998494029045105, 0.9999860525131226, 0.9986377358436584, 0.9999951124191284, 0.9999985694885254, 0.8871902227401733, 0.9999986886978149
1, 2, 3, 7, 10, 11, 12, 18, 19, 20, 4, 9, 13, 14, 15, 17, 5, 6, 8, 16
0.5043386816978455, 0.601098895072937, 0.9711102843284607, 0.3252517282962799, 0.9051706194877625, 0.903436541557312, 0.6527112722396851, 0.4952303469181061, 0.5015121102333069, 0.46359121799468994, 0.9397817254066467, 0.8077962398529053, 0.8342078924179077, 0.9983382225036621, 0.9576342701911926, 0.9999983310699463, 0.46286603808403015, 0.7055283188819885, 0.8440502882003784, 0.9880874156951904, 0.9957098960876465, 0.9998369216918945, 0.7049759030342102, 0.41860342025756836, 0.8043784499168396, 0.8006842732429504, 0.796883761882782, 0.5603662729263306, 0.8056241869926453, 0.9999967813491821, 0.9999905824661255
1, 4, 6, 2, 5, 3, 7, 8, 9, 10, 13, 16, 17, 14, 12, 19, 15, 11, 20, 18
0.9868823885917664, 0.8445999622344971, 0.9688847661018372, 0.8802527785301208, 0.8654053807258606, 0.6302969455718994, 0.8125956654548645, 0.5602195262908936, 0.7278292775154114, 0.9998098015785217, 0.8236598372459412, 0.9996780157089233, 0.7159362435340881, 0.9983639121055603, 0.588011622428894, 0.9987406134605408, 0.7624130249023438, 0.991445779800415, 0.5898157358169556, 0.9882263541221619, 0.6999837160110474, 0.8985204696655273, 0.6722403764724731, 0.9235497713088989, 0.5217621326446533, 0.6000284552574158, 0.5272696614265442, 0.8457274436950684, 0.9999983310699463, 0.999904990196228, 0.9999507665634155
1, 3, 19, 2, 4, 8, 9, 10, 17, 5, 6, 7, 11, 14, 15, 12, 13, 20, 18, 16
0.8738809823989868, 0.6219531893730164, 0.8389115333557129, 0.887169599533081, 0.6535614728927612, 0.5205976366996765, 0.5168359279632568, 0.9988448619842529, 0.9608585238456726, 0.9971044659614563, 0.8176175951957703, 0.952022135257721, 0.894586443901062, 0.992570698261261, 0.9999756813049316, 0.9993727803230286, 0.8804466724395752, 0.9997133612632751, 0.803321361541748, 0.9999881982803345, 0.9997699856758118, 0.9847705960273743, 0.6992533802986145, 0.9929384589195251, 0.9991377592086792, 0.7799794673919678, 0.9999911785125732, 0.9999896287918091, 0.7339844703674316, 0.9999948740005493, 0.9999706745147705
1, 2, 3, 4, 5, 12, 13, 9, 8, 11, 14, 10, 7, 15, 18, 19, 6, 16, 17, 20
0.7686752676963806, 0.9935168027877808, 0.9993316531181335, 0.7388962507247925, 0.9301863312721252, 0.8567507863044739, 0.9680547714233398, 0.9999059438705444, 0.9999910593032837, 0.8495150804519653, 0.5416315793991089, 0.9232490658760071, 0.876736044883728, 0.7073225378990173, 0.5445401072502136, 0.6128502488136292, 0.7508550882339478, 0.7514842748641968, 0.6038692593574524, 0.6738424897193909, 0.9719926118850708, 0.5711581110954285, 0.9980846643447876, 0.9941199421882629, 0.543475866317749, 0.9997765421867371, 0.8175630569458008, 0.999404788017273, 0.9999988079071045, 0.9996312856674194, 0.9999992847442627
2, 1, 9, 16, 8, 15, 14, 10, 3, 5, 13, 6, 4, 11, 12, 18, 7, 19, 20, 17
0.4807305634021759, 0.720772385597229, 0.39171719551086426, 0.7060664296150208, 0.8874127268791199, 0.7361235618591309, 0.8072828650474548, 0.5394436717033386, 0.6239087581634521, 0.712799608707428, 0.7810136079788208, 0.9008603692054749, 0.5083961486816406, 0.9517739415168762, 0.7917718291282654, 0.9945032596588135, 0.5783483982086182, 0.6148173809051514, 0.9990618824958801, 0.9357365965843201, 0.9953124523162842, 0.9619480967521667, 0.9949775338172913, 0.999660849571228, 0.5150389671325684, 0.9683770537376404, 0.9424341320991516, 0.9980705380439758, 0.999998927116394, 0.9999934434890747, 0.9999560117721558
1, 2, 3, 4, 6, 7, 13, 5, 8, 9, 10, 11, 20, 12, 14, 15, 16, 17, 18, 19
0.9683979749679565, 0.9902847409248352, 0.5763632655143738, 0.9905914664268494, 0.8205730319023132, 0.9991324543952942, 0.7638866305351257, 0.9953157901763916, 0.7723138332366943, 0.8246586322784424, 0.9953778982162476, 0.9999823570251465, 0.9890123605728149, 0.9999842643737793, 0.9999934434890747, 0.8498431444168091, 0.9999973773956299, 0.9999511241912842, 0.9931803941726685, 0.9999285936355591, 0.40067458152770996, 0.9999940395355225, 0.999767005443573, 0.9999825954437256, 0.9977557063102722, 0.9999980926513672, 0.9999979734420776, 0.9999366998672485, 0.9758196473121643, 0.9999974966049194, 0.9999992847442627
6, 18, 1, 17, 14, 13, 2, 7, 10, 8, 20, 19, 12, 16, 4, 15, 5, 11, 9, 3
0.650973916053772, 0.9993933439254761, 0.99714595079422, 0.9506281614303589, 0.7274237871170044, 0.3300935626029968, 0.7040682435035706, 0.4621305763721466, 0.5149281620979309, 0.5861580967903137, 0.40292465686798096, 0.591424286365509, 0.5740251541137695, 0.8740271329879761, 0.36297881603240967, 0.510506272315979, 0.9999945163726807, 0.6072699427604675, 0.4552702307701111, 0.7104352712631226, 0.3013239800930023, 0.6614565849304199, 0.45803332328796387, 0.6892346143722534, 0.6726375222206116, 0.84784334897995, 0.3281868100166321, 0.40241411328315735, 0.99996018409729, 0.785053551197052, 0.9977413415908813
1, 9, 10, 12, 19, 20, 11, 18, 17, 13, 14, 15, 16, 2, 3, 4, 5, 6, 7, 8
0.6437441110610962, 0.543924868106842, 0.9984304308891296, 0.9780675768852234, 0.9713228344917297, 0.5707186460494995, 0.9482789039611816, 0.5567896962165833, 0.9791739583015442, 0.9975994229316711, 0.9877308011054993, 0.9854647517204285, 0.8455449342727661, 0.6507948040962219, 0.5797053575515747, 0.8204432725906372, 0.5255451798439026, 0.4203507602214813, 0.651938796043396, 0.79271000623703, 0.9946556091308594, 0.7279428839683533, 0.9990227222442627, 0.9999973773956299, 0.8588029146194458, 0.5730350017547607, 0.9994775652885437, 0.910611629486084, 0.9680061936378479, 0.9978075623512268, 0.999936580657959
17, 11, 5, 2, 12, 16, 14, 9, 6, 1, 3, 18, 13, 10, 20, 7, 15, 8, 19, 4
0.5606169700622559, 0.5460353493690491, 0.5125052332878113, 0.8401485681533813, 0.574658215045929, 0.6728854179382324, 0.911261260509491, 0.9181378483772278, 0.8689143061637878, 0.5194900631904602, 0.6720302104949951, 0.9849493503570557, 0.3855409622192383, 0.4828289747238159, 0.6685475707054138, 0.8725796341896057, 0.7580123543739319, 0.6454662680625916, 0.5059939622879028, 0.4581705629825592, 0.3385806381702423, 0.9798768162727356, 0.6138380169868469, 0.9999984502792358, 0.8713205456733704, 0.6149237751960754, 0.999189555644989, 0.7388113141059875, 0.9853162169456482, 0.9999277591705322, 0.9601368308067322
2, 10, 3, 1, 5, 8, 9, 16, 7, 6, 19, 12, 11, 18, 15, 13, 14, 4, 20, 17
0.9729471206665039, 0.9926404356956482, 0.9976677298545837, 0.4850958287715912, 0.7670352458953857, 0.9580100178718567, 0.8215063810348511, 0.6676313877105713, 0.6236574649810791, 0.9996751546859741, 0.7925379276275635, 0.9995185136795044, 0.8493772745132446, 0.8950229287147522, 0.9869018793106079, 0.989738404750824, 0.9950962662696838, 0.9943414926528931, 0.5584998726844788, 0.9613887667655945, 0.6014271378517151, 0.5440677404403687, 0.9811290502548218, 0.9586824774742126, 0.9996689558029175, 0.9999953508377075, 0.9053553342819214, 0.9763031005859375, 0.9999971389770508, 0.9999858140945435, 0.9999948740005493
18, 16, 5, 20, 6, 7, 13, 9, 3, 2, 8, 4, 1, 11, 14, 17, 12, 15, 19, 10
0.7730196714401245, 0.7997667789459229, 0.5683356523513794, 0.7478595972061157, 0.39660704135894775, 0.4723866879940033, 0.9915351867675781, 0.6619157195091248, 0.9800452589988708, 0.8437215685844421, 0.9995436072349548, 0.581226646900177, 0.4305950105190277, 0.47236594557762146, 0.7852191925048828, 0.6583157777786255, 0.9993601441383362, 0.9992771744728088, 0.5318877696990967, 0.9996262788772583, 0.9545401930809021, 0.9997871518135071, 0.682373583316803, 0.9998890161514282, 0.490679532289505, 0.9999324083328247, 0.6119012832641602, 0.999984860420227, 0.9789711236953735, 0.9999791383743286, 0.9999985694885254
7, 6, 15, 19, 1, 16, 17, 8, 12, 10, 20, 2, 3, 4, 5, 18, 14, 9, 11, 13
0.6296737790107727, 0.9403527975082397, 0.9985126852989197, 0.9890567660331726, 0.9917381405830383, 0.9908236265182495, 0.669166088104248, 0.6938087940216064, 0.8188719749450684, 0.9940808415412903, 0.9994345307350159, 0.8668952584266663, 0.9678794145584106, 0.9481750726699829, 0.7676976919174194, 0.9943713545799255, 0.9211145639419556, 0.7121988534927368, 0.6491515040397644, 0.683668851852417, 0.9949125051498413, 0.9998989105224609, 0.8838239312171936, 0.9490556716918945, 0.6513007283210754, 0.722800076007843, 0.5389536023139954, 0.9999710321426392, 0.5736203789710999, 0.9999916553497314, 0.9999983310699463
1, 3, 2, 5, 4, 9, 6, 7, 8, 13, 17, 11, 10, 14, 15, 12, 16, 18, 20, 19
0.9320854544639587, 0.7669304013252258, 0.7512313723564148, 0.8778866529464722, 0.6993049383163452, 0.9090944528579712, 0.5221924185752869, 0.8753082156181335, 0.9397922158241272, 0.999701201915741, 0.9603075385093689, 0.9992009997367859, 0.8614469170570374, 0.9951861500740051, 0.848307192325592, 0.9058741331100464, 0.6224914193153381, 0.999900221824646, 0.9878929257392883, 0.9997581839561462, 0.9959474205970764, 0.9758820533752441, 0.5845390558242798, 0.995519757270813, 0.9931045174598694, 0.9996495246887207, 0.9996122717857361, 0.841812014579773, 0.9999983310699463, 0.9999871253967285, 0.9999948740005493
1, 2, 3, 8, 5, 4, 6, 7, 13, 17, 14, 11, 12, 20, 15, 10, 18, 19, 9, 16
0.9630681872367859, 0.9508245587348938, 0.9878458380699158, 0.6993542313575745, 0.47267428040504456, 0.6386998295783997, 0.9348664283752441, 0.7272950410842896, 0.9028955101966858, 0.6163758039474487, 0.5728587508201599, 0.32614684104919434, 0.8598036170005798, 0.41796189546585083, 0.8813937902450562, 0.7179548144340515, 0.9964327812194824, 0.9993625283241272, 0.705297589302063, 0.9999988079071045, 0.9997134804725647, 0.9317730069160461, 0.9981622099876404, 0.5351840853691101, 0.9683322310447693, 0.8901627659797668, 0.9911439418792725, 0.9999749660491943, 0.999160885810852, 0.9996463060379028, 0.9999383687973022
1, 6, 4, 14, 15, 7, 5, 8, 2, 3, 10, 16, 17, 18, 12, 19, 20, 9, 11, 13
0.9906361699104309, 0.5947701930999756, 0.5668951869010925, 0.3976503014564514, 0.5750153660774231, 0.6334015727043152, 0.9950675964355469, 0.47055044770240784, 0.626467764377594, 0.9917775392532349, 0.5374860763549805, 0.9992153644561768, 0.9994156360626221, 0.622931718826294, 0.9994638562202454, 0.7082452774047852, 0.998206615447998, 0.8556097745895386, 0.9998737573623657, 0.9991601705551147, 0.6954125761985779, 0.9521579742431641, 0.7320097088813782, 0.9988862872123718, 0.9991727471351624, 0.9999996423721313, 0.9724050760269165, 0.9999756813049316, 0.992511510848999, 0.9999947547912598, 0.9999771118164062
1, 2, 3, 4, 5, 6, 7, 8, 9, 11, 14, 15, 16, 17, 18, 10, 12, 13, 19, 20
0.9619494676589966, 0.9897130727767944, 0.9607463479042053, 0.9961508512496948, 0.9776580333709717, 0.9998924732208252, 0.8590903282165527, 0.9384158253669739, 0.9986005425453186, 0.9999483823776245, 0.587914228439331, 0.9996237754821777, 0.8524714708328247, 0.9991841912269592, 0.8159905672073364, 0.9994581341743469, 0.9314559102058411, 0.9935919642448425, 0.5604643821716309, 0.9991193413734436, 0.954473078250885, 0.9802712798118591, 0.5648924112319946, 0.9808448553085327, 0.9631370902061462, 0.9999282360076904, 0.9997822642326355, 0.9196301698684692, 0.9999291896820068, 0.9968622922897339, 0.999997615814209
2, 5, 3, 4, 10, 11, 7, 8, 17, 1, 6, 12, 9, 19, 20, 15, 18, 16, 13, 14
0.9699627161026001, 0.8207634687423706, 0.7886999845504761, 0.5589261651039124, 0.8163668513298035, 0.8677022457122803, 0.7454458475112915, 0.6562566161155701, 0.6912537813186646, 0.5019567012786865, 0.995932400226593, 0.962477445602417, 0.9567412734031677, 0.5007697343826294, 0.9703657627105713, 0.9985926747322083, 0.7609593272209167, 0.983009397983551, 0.979434072971344, 0.8902632594108582, 0.9999990463256836, 0.9999710321426392, 0.4746844172477722, 0.9999619722366333, 0.7247822284698486, 0.9999918937683105, 0.9997510313987732, 0.9999796152114868, 0.7605535984039307, 0.9999980926513672, 0.9999988079071045
1, 2, 6, 3, 13, 11, 20, 16, 17, 19, 12, 18, 4, 14, 5, 7, 9, 10, 8, 15
0.9286872148513794, 0.7043213248252869, 0.7925928235054016, 0.6550261378288269, 0.859569787979126, 0.7897437214851379, 0.8584249019622803, 0.6383554339408875, 0.8738502860069275, 0.9999995231628418, 0.8721330165863037, 0.8186085820198059, 0.9809624552726746, 0.9325693845748901, 0.8464380502700806, 0.7984341382980347, 0.5614390969276428, 0.5448030829429626, 0.3986256420612335, 0.8558542132377625, 0.5360428094863892, 0.8700131773948669, 0.9971776008605957, 0.40900295972824097, 0.5509656667709351, 0.461385577917099, 0.4999595284461975, 0.9719650745391846, 0.849922776222229, 0.9999884366989136, 0.999994158744812
1, 2, 12, 13, 14, 4, 6, 19, 16, 7, 18, 11, 10, 17, 5, 3, 15, 8, 9, 20
0.8599190711975098, 0.9945299029350281, 0.5153278112411499, 0.9613954424858093, 0.9992156028747559, 0.9776939153671265, 0.999834418296814, 0.9999934434890747, 0.6826555728912354, 0.8970059156417847, 0.43322429060935974, 0.7400331497192383, 0.7006679773330688, 0.9256095886230469, 0.6456902623176575, 0.9717598557472229, 0.8401123881340027, 0.9820272326469421, 0.8803373575210571, 0.972866415977478, 0.69755619764328, 0.9790837168693542, 0.9124260544776917, 0.4990752041339874, 0.48576006293296814, 0.6462095379829407, 0.9999957084655762, 0.6368738412857056, 0.9987291693687439, 0.9597554206848145, 0.9999984502792358
1, 2, 3, 4, 5, 7, 10, 15, 9, 18, 17, 6, 8, 11, 12, 14, 16, 19, 20, 13
0.9191436767578125, 0.85236656665802, 0.9418085813522339, 0.8841863870620728, 0.5512224435806274, 0.8901760578155518, 0.9374676942825317, 0.9935352802276611, 0.9281408786773682, 0.5272058248519897, 0.5783715844154358, 0.5984464287757874, 0.6841015219688416, 0.4889187514781952, 0.7524356245994568, 0.6185201406478882, 0.4988093674182892, 0.841646134853363, 0.6463271379470825, 0.9194393754005432, 0.6046388149261475, 0.9953392744064331, 0.6669960618019104, 0.9620590806007385, 0.9855452179908752, 0.9019069671630859, 0.991927981376648, 0.969315767288208, 0.9999986886978149, 0.999995231628418, 0.9999971389770508
11, 12, 4, 10, 17, 7, 5, 1, 18, 19, 20, 6, 13, 2, 3, 14, 15, 9, 8, 16
0.5351173877716064, 0.5216838717460632, 0.4256243407726288, 0.4652828574180603, 0.5522318482398987, 0.6158797740936279, 0.427133709192276, 0.9390299320220947, 0.9877685904502869, 0.53404700756073, 0.7228747010231018, 0.9225743412971497, 0.6623140573501587, 0.643693745136261, 0.8036704063415527, 0.9260472059249878, 0.9412648677825928, 0.9983994364738464, 0.5441175699234009, 0.9523630738258362, 0.9999136924743652, 0.6289181113243103, 0.9854974150657654, 0.6990525126457214, 0.885122537612915, 0.9971438050270081, 0.9998917579650879, 0.5293612480163574, 0.99800044298172, 0.9999608993530273, 0.9999700784683228
6, 5, 1, 2, 3, 4, 13, 14, 15, 16, 17, 18, 19, 20, 10, 11, 7, 8, 9, 12
0.8273112177848816, 0.8753492832183838, 0.6551637649536133, 0.9994364380836487, 0.6933625936508179, 0.43301650881767273, 0.8393783569335938, 0.8036190271377563, 0.9995654225349426, 0.9342094659805298, 0.9999059438705444, 0.9998693466186523, 0.6885374188423157, 0.383840948343277, 0.9902210235595703, 0.9956573247909546, 0.9999513626098633, 0.9985560774803162, 0.9999551773071289, 0.9998880624771118, 0.9500983357429504, 0.9999991655349731, 0.9915137887001038, 0.9633725881576538, 0.9721652865409851, 0.988815426826477, 0.8603342175483704, 0.7234929800033569, 0.9802691340446472, 0.9999947547912598, 0.9973649382591248
13, 12, 5, 7, 9, 8, 10, 14, 1, 4, 15, 11, 16, 19, 20, 17, 18, 2, 3, 6
0.7046899199485779, 0.7085033655166626, 0.6787528991699219, 0.762864351272583, 0.40277034044265747, 0.45435115694999695, 0.45693835616111755, 0.7922292351722717, 0.8434845209121704, 0.5100182294845581, 0.4301295280456543, 0.4555087387561798, 0.7164053320884705, 0.852826714515686, 0.9955626726150513, 0.9834333658218384, 0.9710890650749207, 0.8236940503120422, 0.9583370685577393, 0.6213990449905396, 0.972077488899231, 0.8629668951034546, 0.9993593096733093, 0.999880313873291, 0.9875263571739197, 0.9136505126953125, 0.9998277425765991, 0.9999980926513672, 0.6420033574104309, 0.999458372592926, 0.9984725117683411
14, 1, 2, 4, 5, 6, 8, 10, 11, 13, 12, 17, 20, 9, 15, 7, 3, 16, 18, 19
0.9992891550064087, 0.9980390667915344, 0.8751026391983032, 0.8240678906440735, 0.5307110548019409, 0.9768343567848206, 0.9989762306213379, 0.8423274755477905, 0.5108738541603088, 0.9531747698783875, 0.9943321943283081, 0.9744747281074524, 0.9821453094482422, 0.7799310088157654, 0.729120671749115, 0.9579682350158691, 0.6242278814315796, 0.6464477777481079, 0.9185596108436584, 0.9999984502792358, 0.5082597136497498, 0.4787031412124634, 0.6745398640632629, 0.5152954459190369, 0.6001631021499634, 0.9999446868896484, 0.8528618216514587, 0.9999772310256958, 0.972804605960846, 0.9999977350234985, 0.9999982118606567
3, 4, 5, 1, 2, 6, 10, 13, 17, 14, 15, 16, 8, 20, 11, 9, 12, 7, 18, 19
0.6486466526985168, 0.8779306411743164, 0.9819517731666565, 0.9728553891181946, 0.5494203567504883, 0.986954391002655, 0.795634388923645, 0.5134648084640503, 0.9982748031616211, 0.9280287623405457, 0.9906110167503357, 0.8874980807304382, 0.6392564177513123, 0.7011101245880127, 0.6190075874328613, 0.7148638367652893, 0.9989370703697205, 0.9993199110031128, 0.46421825885772705, 0.81849205493927, 0.9999991655349731, 0.8266071081161499, 0.9931797981262207, 0.8063755035400391, 0.8720086216926575, 0.8819248080253601, 0.6477267742156982, 0.9999624490737915, 0.962636411190033, 0.9999896287918091, 0.9999711513519287
2, 14, 1, 3, 5, 11, 18, 19, 8, 9, 7, 17, 12, 6, 4, 13, 15, 16, 20, 10
0.910487949848175, 0.861967921257019, 0.9072096943855286, 0.606519877910614, 0.896440327167511, 0.7643454074859619, 0.45764967799186707, 0.6615334153175354, 0.8846676349639893, 0.5513243079185486, 0.9976947903633118, 0.9840414524078369, 0.4594285190105438, 0.9040580987930298, 0.4840283989906311, 0.4835238456726074, 0.6310537457466125, 0.6671589016914368, 0.9834520220756531, 0.42873334884643555, 0.5188037753105164, 0.8855909705162048, 0.6235397458076477, 0.6370119452476501, 0.8933390974998474, 0.996289849281311, 0.9992664456367493, 0.8558433651924133, 0.9999983310699463, 0.9999850988388062, 0.999996542930603
15, 1, 2, 5, 6, 7, 10, 11, 12, 20, 3, 4, 8, 9, 13, 14, 16, 17, 18, 19
0.9870174527168274, 0.8281177282333374, 0.9693971276283264, 0.7444779276847839, 0.5147257447242737, 0.8100660443305969, 0.996712327003479, 0.8816535472869873, 0.9462813138961792, 0.9986860156059265, 0.9886993765830994, 0.9838340878486633, 0.998666524887085, 0.5232906341552734, 0.9999995231628418, 0.591884434223175, 0.9998515844345093, 0.8928000330924988, 0.999771773815155, 0.999995231628418, 0.9691023230552673, 0.9999797344207764, 0.9995588660240173, 0.9999954700469971, 0.9964476823806763, 0.9999939203262329, 0.9999489784240723, 0.9999974966049194, 0.9998272061347961, 0.9999970197677612, 0.9999995231628418
3, 13, 6, 2, 7, 8, 15, 16, 9, 19, 17, 12, 1, 14, 4, 10, 5, 11, 18, 20
0.817488968372345, 0.6802165508270264, 0.9688432216644287, 0.4036214351654053, 0.34634727239608765, 0.923076868057251, 0.9639719128608704, 0.5510928630828857, 0.5821799635887146, 0.9515833854675293, 0.9992696642875671, 0.9450497031211853, 0.6764336228370667, 0.8903641104698181, 0.6003996133804321, 0.45129647850990295, 0.9135040640830994, 0.5804869532585144, 0.8524169325828552, 0.9182923436164856, 0.9970998764038086, 0.41639578342437744, 0.6688010096549988, 0.9944716691970825, 0.932373583316803, 0.999263346195221, 0.9236661791801453, 0.9584877490997314, 0.9998849630355835, 0.9894911050796509, 0.9999977350234985
4, 1, 6, 9, 11, 15, 18, 10, 3, 5, 16, 14, 20, 7, 13, 17, 2, 8, 19, 12
0.5324345827102661, 0.6166029572486877, 0.8168094754219055, 0.7611735463142395, 0.6856335997581482, 0.6110692620277405, 0.5226494669914246, 0.8672428727149963, 0.4944934844970703, 0.5255334377288818, 0.6980976462364197, 0.8922699093818665, 0.6303327679634094, 0.8565568327903748, 0.3483549952507019, 0.3268980383872986, 0.6665251851081848, 0.7653535008430481, 0.5633529424667358, 0.8538277745246887, 0.33960726857185364, 0.5556744933128357, 0.6147915124893188, 0.8380938768386841, 0.989662766456604, 0.5428159832954407, 0.769034743309021, 0.9999628067016602, 0.5926362872123718, 0.9999916553497314, 0.9999920129776001
5, 3, 19, 10, 15, 4, 13, 17, 18, 6, 7, 11, 2, 14, 1, 12, 20, 16, 9, 8
0.93794846534729, 0.6575697660446167, 0.6015307307243347, 0.41747844219207764, 0.700327455997467, 0.7517691254615784, 0.4971926808357239, 0.574927806854248, 0.5837396383285522, 0.6842949986457825, 0.887888491153717, 0.30374643206596375, 0.35120663046836853, 0.7998921275138855, 0.9895758628845215, 0.6733983755111694, 0.7853092551231384, 0.755928099155426, 0.7460549473762512, 0.5097848773002625, 0.7664279341697693, 0.7578749060630798, 0.502387523651123, 0.4553367495536804, 0.7370423078536987, 0.9304444193840027, 0.9999984502792358, 0.5612761974334717, 0.999975323677063, 0.5659338235855103, 0.9999825954437256
1, 2, 8, 6, 4, 9, 10, 3, 7, 14, 20, 15, 16, 5, 17, 18, 11, 12, 19, 13
0.9565420746803284, 0.9983953833580017, 0.7156535983085632, 0.5918028950691223, 0.9614325761795044, 0.4224644899368286, 0.9976562261581421, 0.9996724128723145, 0.673541247844696, 0.9898360371589661, 0.9368664026260376, 0.4360402524471283, 0.7772924304008484, 0.9999996423721313, 0.9827393293380737, 0.9886807203292847, 0.7279154062271118, 0.9708458185195923, 0.6296480298042297, 0.9998949766159058, 0.9216351509094238, 0.9999921321868896, 0.9998038411140442, 0.9999711513519287, 0.6431933045387268, 0.9999943971633911, 0.9998762607574463, 0.9999847412109375, 0.9938965439796448, 0.9999319314956665, 0.9999980926513672
