5, 3, 10, 13, 18, 17, 16, 4, 6, 8, 14, 12, 1, 2, 9, 19, 15, 20, 11, 7
0.47130945324897766, 0.6821643710136414, 0.9119668006896973, 0.3932841122150421, 0.7049349546432495, 0.40015652775764465, 0.6475542187690735, 0.5136719942092896, 0.5785813331604004, 0.4710807800292969, 0.51982182264328, 0.6826528310775757, 0.47685158252716064, 0.32018813490867615, 0.4497968256473541, 0.5596795678138733, 0.6716583371162415, 0.4916302263736725, 0.49438562989234924, 0.6545653939247131, 0.3900880217552185, 0.5109747052192688, 0.9531115293502808, 0.8451782464981079, 0.8498983383178711, 0.9984754920005798, 0.9922651052474976, 0.9999983310699463, 0.6988359689712524, 0.9999774694442749, 0.999996542930603
5, 7, 8, 13, 11, 1, 2, 4, 12, 6, 3, 9, 15, 18, 14, 16, 17, 20, 10, 19
0.5981019139289856, 0.9763786792755127, 0.3929847776889801, 0.8147597908973694, 0.3530444800853729, 0.6520074009895325, 0.6087529063224792, 0.4247717261314392, 0.5758017301559448, 0.27571073174476624, 0.6987422108650208, 0.9989633560180664, 0.4471189081668854, 0.6226204037666321, 0.9249829053878784, 0.997322142124176, 0.6055772304534912, 0.9987357258796692, 0.925871729850769, 0.9976385831832886, 0.4545992314815521, 0.9956682920455933, 0.8905898332595825, 0.9706261157989502, 0.9531916379928589, 0.8288577198982239, 0.9999984502792358, 0.9999698400497437, 0.9999576807022095, 0.9999690055847168, 0.9999275207519531
1, 2, 6, 3, 5, 8, 9, 14, 7, 12, 13, 15, 16, 19, 17, 18, 4, 10, 11, 20
0.7875825762748718, 0.9721478223800659, 0.6061227917671204, 0.7677972912788391, 0.9754721522331238, 0.9557783007621765, 0.8344776034355164, 0.9676071405410767, 0.9976962208747864, 0.9156826138496399, 0.9993560910224915, 0.4929465651512146, 0.9995902180671692, 0.9226645827293396, 0.9999488592147827, 0.9990647435188293, 0.9998121857643127, 0.8099355101585388, 0.9986097812652588, 0.7079386115074158, 0.9293119311332703, 0.9809980988502502, 0.9997252821922302, 0.999992847442627, 0.8202949166297913, 0.9999455213546753, 0.9994009733200073, 0.9999896287918091, 0.9999936819076538, 0.9994112253189087, 0.9999960660934448
1, 10, 13, 17, 5, 14, 2, 11, 18, 8, 4, 3, 6, 16, 20, 19, 9, 12, 15, 7
0.9515674114227295, 0.6238448023796082, 0.879917323589325, 0.6622615456581116, 0.5420073866844177, 0.5175194144248962, 0.9865467548370361, 0.47149112820625305, 0.6189665794372559, 0.5513471364974976, 0.6652268171310425, 0.5474072694778442, 0.6803954243659973, 0.39673835039138794, 0.9083019495010376, 0.454407662153244, 0.38944607973098755, 0.5332963466644287, 0.5327450037002563, 0.4522404074668884, 0.8561967015266418, 0.8272697329521179, 0.9999986886978149, 0.5240899324417114, 0.9842276573181152, 0.7544912695884705, 0.839529812335968, 0.6856931447982788, 0.9449841380119324, 0.9999412298202515, 0.9999703168869019
1, 2, 3, 4, 6, 11, 16, 18, 19, 8, 7, 5, 9, 12, 14, 17, 15, 13, 10, 20
0.9385927319526672, 0.9017653465270996, 0.9988307356834412, 0.9954166412353516, 0.9517755508422852, 0.5709471106529236, 0.500235378742218, 0.5698028206825256, 0.945253849029541, 0.5425551533699036, 0.9072712063789368, 0.8949182033538818, 0.8976017236709595, 0.9448591470718384, 0.6739298105239868, 0.8071672916412354, 0.5189027786254883, 0.9994421601295471, 0.6980576515197754, 0.9998759031295776, 0.9952056407928467, 0.9943892359733582, 0.5574157238006592, 0.984718918800354, 0.6813274621963501, 0.9986415505409241, 0.9046458601951599, 0.9904356002807617, 0.9999992847442627, 0.9999827146530151, 0.9999973773956299
1, 2, 3, 4, 5, 6, 7, 9, 10, 13, 15, 14, 16, 17, 18, 11, 20, 12, 8, 19
0.9341859817504883, 0.8779783248901367, 0.9385360479354858, 0.9893543720245361, 0.9977178573608398, 0.991692841053009, 0.9993852376937866, 0.9824093580245972, 0.9998109936714172, 0.9974175691604614, 0.9999634027481079, 0.9937601685523987, 0.9999887943267822, 0.9996942281723022, 0.9986716508865356, 0.6997225880622864, 0.9999912977218628, 0.9986433386802673, 0.9999310970306396, 0.9965130686759949, 0.9991137385368347, 0.7950453758239746, 0.7548997402191162, 0.9978526830673218, 0.702502429485321, 0.9999973773956299, 0.9994763731956482, 0.9998998641967773, 0.9777023792266846, 0.9999986886978149, 0.9999990463256836
1, 2, 3, 4, 5, 6, 7, 8, 10, 12, 9, 14, 15, 16, 18, 19, 20, 13, 11, 17
0.9963964819908142, 0.5571058988571167, 0.9998050332069397, 0.9997685551643372, 0.3100956082344055, 0.9999165534973145, 0.9999984502792358, 0.9994094371795654, 0.9999706745147705, 0.9996138215065002, 0.9999195337295532, 0.9984387755393982, 0.9995337724685669, 0.9994811415672302, 0.9999877214431763, 0.9999898672103882, 0.9960708618164062, 0.9993147850036621, 0.999893069267273, 0.9996335506439209, 0.9982629418373108, 0.998090922832489, 0.9999396800994873
2, 1, 16, 18, 4, 3, 14, 17, 15, 12, 20, 10, 11, 5, 9, 7, 6, 8, 13, 19
0.9059563875198364, 0.8864046335220337, 0.47890543937683105, 0.6825237274169922, 0.7282947301864624, 0.9760854244232178, 0.8558077812194824, 0.6530490517616272, 0.8739619851112366, 0.9252442717552185, 0.688315749168396, 0.5581168532371521, 0.9704895615577698, 0.7109405994415283, 0.9844686388969421, 0.9926464557647705, 0.7237475514411926, 0.9999945163726807, 0.8809607028961182, 0.9107054471969604, 0.9419663548469543, 0.999203622341156, 0.8849613666534424, 0.9121721386909485, 0.4856964945793152, 0.48715317249298096, 0.6442096829414368, 0.9999961853027344, 0.9997122883796692, 0.999998927116394, 0.999998927116394
3, 4, 6, 5, 14, 17, 10, 12, 20, 13, 1, 8, 16, 7, 11, 19, 15, 9, 18, 2
0.9731655120849609, 0.4376557469367981, 0.8144959807395935, 0.7452046871185303, 0.8996900916099548, 0.9148430228233337, 0.8483403325080872, 0.9532573223114014, 0.7264243960380554, 0.8491773009300232, 0.7462460398674011, 0.5438815951347351, 0.8558892011642456, 0.9960303902626038, 0.9382907152175903, 0.7984532117843628, 0.826260507106781, 0.9839484095573425, 0.7877791523933411, 0.9144027233123779, 0.7083778977394104, 0.9985080361366272, 0.998602569103241, 0.7210098505020142, 0.5200789570808411, 0.5835269093513489, 0.805569052696228, 0.8426938652992249, 0.9407866597175598, 0.99998939037323, 0.9997983574867249
1, 2, 4, 3, 5, 7, 11, 19, 8, 12, 17, 16, 10, 6, 9, 13, 20, 14, 15, 18
0.9301051497459412, 0.8960154056549072, 0.663312554359436, 0.881620466709137, 0.9622864723205566, 0.9993756413459778, 0.9727333188056946, 0.8526378273963928, 0.9988487958908081, 0.9997664093971252, 0.8298773169517517, 0.9328962564468384, 0.5807030200958252, 0.9292725920677185, 0.9694918990135193, 0.5778007507324219, 0.6286298036575317, 0.6436792016029358, 0.9464962482452393, 0.482028067111969, 0.5620864033699036, 0.5505515336990356, 0.9657511115074158, 0.5659843683242798, 0.9999942779541016, 0.9998162388801575, 0.5989433526992798, 0.9999752044677734, 0.8459198474884033, 0.999993085861206, 0.9999983310699463
2, 1, 5, 12, 14, 15, 17, 4, 6, 7, 8, 11, 13, 3, 9, 10, 16, 18, 20, 19
0.6647769212722778, 0.625747561454773, 0.9434545040130615, 0.9986082911491394, 0.7035381197929382, 0.998127281665802, 0.979264497756958, 0.998357355594635, 0.9940100908279419, 0.9863846898078918, 0.9509720206260681, 0.6757323741912842, 0.999854564666748, 0.6446205973625183, 0.9946466088294983, 0.9993938207626343, 0.9884907007217407, 0.9733790755271912, 0.9994884729385376, 0.8196935057640076, 0.9999195337295532, 0.9999804496765137, 0.9996434450149536, 0.9998083710670471, 0.9998792409896851, 0.9637794494628906, 0.9999992847442627, 0.9999781847000122, 0.9999969005584717, 0.9999994039535522, 0.9999960660934448
5, 12, 14, 13, 7, 10, 9, 15, 18, 8, 4, 3, 6, 11, 17, 2, 16, 19, 1, 20
0.913142204284668, 0.9946021437644958, 0.9283775687217712, 0.6576031446456909, 0.9787655472755432, 0.9366934895515442, 0.9542859792709351, 0.7359896302223206, 0.7611643671989441, 0.9078593850135803, 0.7673093676567078, 0.534627377986908, 0.9153552055358887, 0.6411446928977966, 0.8773470520973206, 0.5822888612747192, 0.5262808203697205, 0.8151768445968628, 0.5829690098762512, 0.9030765891075134, 0.7329040765762329, 0.8477158546447754, 0.9593504071235657, 0.5350546836853027, 0.8887495994567871, 0.9933284521102905, 0.9381197690963745, 0.985914945602417, 0.9850419163703918, 0.9996894598007202, 0.9999991655349731
2, 3, 4, 6, 1, 7, 10, 15, 8, 9, 18, 19, 14, 20, 17, 11, 12, 13, 5, 16
0.5548253655433655, 0.4071407616138458, 0.8196778893470764, 0.5184281468391418, 0.5264478921890259, 0.9956902861595154, 0.9273173213005066, 0.9911084175109863, 0.703038215637207, 0.9984675049781799, 0.6109126806259155, 0.9253365397453308, 0.999932050704956, 0.9998738765716553, 0.5820968747138977, 0.6255295276641846, 0.7611069679260254, 0.9794663190841675, 0.9235205054283142, 0.999998927116394, 0.8220105171203613, 0.6141330599784851, 0.9997538924217224, 0.6633294820785522, 0.9999933242797852, 0.9997549653053284, 0.9999449253082275, 0.9999845027923584, 0.9787094593048096, 1.0, 0.9999997615814209
3, 6, 4, 9, 14, 1, 2, 11, 15, 18, 17, 5, 7, 20, 19, 16, 8, 12, 13, 10
0.554850697517395, 0.682352602481842, 0.8224486112594604, 0.9603949189186096, 0.999860405921936, 0.9998041987419128, 0.7614829540252686, 0.9997710585594177, 0.7428036332130432, 0.947576105594635, 0.6578311324119568, 0.6895880103111267, 0.9568750858306885, 0.6109587550163269, 0.841555118560791, 0.99837327003479, 0.8152071833610535, 0.9065956473350525, 0.9875175356864929, 0.9999971389770508, 0.9989307522773743, 0.9990491271018982, 0.5697115063667297, 0.9670389294624329, 0.9678323864936829, 0.9999498128890991, 0.946742057800293, 0.9999997615814209, 0.9997174143791199, 0.9999995231628418, 0.9999996423721313
2, 3, 10, 8, 18, 6, 1, 4, 7, 9, 15, 14, 16, 17, 11, 19, 12, 5, 20, 13
0.7619064450263977, 0.9243952631950378, 0.8548600077629089, 0.7210453748703003, 0.6018019318580627, 0.9058990478515625, 0.9472914934158325, 0.5715633034706116, 0.986527144908905, 0.8272733688354492, 0.9979514479637146, 0.9990934133529663, 0.9815757274627686, 0.907821774482727, 0.9960607886314392, 0.8068578839302063, 0.9999521970748901, 0.9981081485748291, 0.9999850988388062, 0.9999579191207886, 0.9924456477165222, 0.9854674935340881, 0.9903053045272827, 0.7543288469314575, 0.942999005317688, 0.9997677206993103, 0.9691309928894043, 0.9996011853218079, 0.9999991655349731, 0.9999988079071045, 0.9999994039535522
2, 3, 1, 10, 16, 13, 14, 19, 5, 4, 6, 7, 8, 9, 17, 15, 18, 20, 11, 12
0.711323618888855, 0.9847805500030518, 0.9997279047966003, 0.9983347058296204, 0.9983578324317932, 0.9370684623718262, 0.9745784401893616, 0.754934549331665, 0.6716099977493286, 0.9675854444503784, 0.9912582039833069, 0.4577673077583313, 0.4257250726222992, 0.6758720874786377, 0.6567365527153015, 0.6121889352798462, 0.9140526056289673, 0.962895393371582, 0.9997907280921936, 0.9999604225158691, 0.9350648522377014, 0.995572566986084, 0.999215841293335, 0.6368041634559631, 0.7373307347297668, 0.5350208282470703, 0.9999947547912598, 0.9999630451202393, 0.7956517934799194, 0.9999984502792358, 0.9999957084655762
1, 2, 3, 4, 5, 6, 7, 8, 10, 12, 9, 14, 15, 16, 18, 19, 20, 13, 11, 17
0.5170716643333435, 0.9711312055587769, 0.996802568435669, 0.9992032647132874, 0.8098799586296082, 0.6364258527755737, 0.9388037919998169, 0.999177873134613, 0.9791713356971741, 0.9995123147964478, 0.9246673583984375, 0.9978603720664978, 0.845750629901886, 0.9987717270851135, 0.9248452186584473, 0.999993085861206, 0.9999058246612549, 0.999996542930603, 0.9976285099983215, 0.9999899864196777, 0.9988535642623901, 0.9999551773071289, 0.9999995231628418, 0.999757707118988, 0.9999885559082031, 0.9999797344207764, 0.8604873418807983, 0.9999954700469971, 0.8311407566070557, 0.9999998807907104, 0.9999998807907104
1, 2, 3, 4, 6, 16, 11, 14, 12, 8, 5, 13, 15, 10, 7, 9, 18, 17, 19, 20
0.988535463809967, 0.8179198503494263, 0.9242159128189087, 0.9909911155700684, 0.7799167037010193, 0.5431706309318542, 0.5307667255401611, 0.5316789746284485, 0.7281308770179749, 0.9169296622276306, 0.9556460976600647, 0.7404657602310181, 0.9872308373451233, 0.9231754541397095, 0.7273470163345337, 0.9808274507522583, 0.5964438915252686, 0.9324166178703308, 0.944264829158783, 0.5336717367172241, 0.702030599117279, 0.9809923768043518, 0.7278367280960083, 0.9988467693328857, 0.9942956566810608, 0.9957577586174011, 0.535070538520813, 0.999637246131897, 0.9999996423721313, 0.9999985694885254, 0.9999991655349731
2, 1, 3, 7, 8, 9, 5, 6, 10, 11, 4, 12, 13, 14, 16, 17, 18, 19, 20, 15
0.7128095030784607, 0.7798669338226318, 0.985308825969696, 0.6264217495918274, 0.6575741767883301, 0.9574335813522339, 0.4311891794204712, 0.45820048451423645, 0.6150627732276917, 0.918225109577179, 0.8243995308876038, 0.9799115061759949, 0.5465999245643616, 0.9992497563362122, 0.9849633574485779, 0.9996733665466309, 0.9408358335494995, 0.9987082481384277, 0.9007538557052612, 0.998448371887207, 0.9915990829467773, 0.9942662119865417, 0.6839338541030884, 0.9947757720947266, 0.7169758677482605, 0.9861469864845276, 0.9553163647651672, 0.9999990463256836, 0.9999971389770508, 0.9999991655349731, 1.0
1, 2, 3, 4, 5, 6, 7, 9, 8, 10, 11, 12, 13, 14, 15, 16, 17, 18, 19, 20
0.8530958890914917, 0.9000920057296753, 0.9093555212020874, 0.9465283155441284, 0.9994303584098816, 0.9577008485794067, 0.9998854398727417, 0.9371584057807922, 0.8518785238265991, 0.9994890689849854, 0.9864556789398193, 0.9998488426208496, 0.9974679946899414, 0.9999674558639526, 0.999980092048645, 0.9997817873954773, 0.9381362795829773, 0.9999830722808838, 0.9898307919502258, 0.9999971389770508, 0.9998084902763367, 0.9999985694885254, 0.8311205506324768, 0.9999985694885254, 0.9998432397842407, 0.9999984502792358, 0.9999948740005493, 0.999998927116394, 0.9999945163726807, 0.9999991655349731, 0.9999927282333374
1, 2, 3, 4, 5, 6, 8, 14, 11, 9, 13, 20, 12, 10, 7, 15, 18, 17, 16, 19
0.8791623115539551, 0.9938972592353821, 0.9630408883094788, 0.5774263739585876, 0.9996914863586426, 0.7638862729072571, 0.9927418231964111, 0.9825814962387085, 0.9535019397735596, 0.7737806439399719, 0.9728913903236389, 0.5160062313079834, 0.8225992321968079, 0.5804668664932251, 0.6399182081222534, 0.9999943971633911, 0.9993791580200195, 0.9991735816001892, 0.699040949344635, 0.8264515399932861, 0.7771791219711304, 0.9999430179595947, 0.980616569519043, 0.999660849571228, 0.9738397598266602, 0.9999370574951172, 0.5295419692993164, 0.9999775886535645, 0.947355329990387, 1.0, 0.9999994039535522
1, 2, 3, 4, 6, 5, 10, 11, 9, 15, 16, 17, 12, 18, 20, 7, 8, 13, 19, 14
0.44015201926231384, 0.88991779088974, 0.9958235025405884, 0.7334206104278564, 0.6274513006210327, 0.5213825106620789, 0.7235254645347595, 0.9337285757064819, 0.9571069478988647, 0.9914500117301941, 0.4998798072338104, 0.9985135197639465, 0.9887776970863342, 0.9925565123558044, 0.9973018169403076, 0.6321224570274353, 0.8099339008331299, 0.41960442066192627, 0.4813382029533386, 0.9422568082809448, 0.7184479832649231, 0.7321394085884094, 0.9999866485595703, 0.5116238594055176, 0.8740230202674866, 0.9999856948852539, 0.9738209843635559, 0.9999761581420898, 0.8961690068244934, 0.9999798536300659, 0.9999992847442627
3, 14, 4, 5, 6, 7, 11, 17, 19, 15, 16, 1, 2, 8, 10, 12, 20, 9, 18, 13
0.9724075794219971, 0.39396554231643677, 0.9029152393341064, 0.23514898121356964, 0.8857806921005249, 0.99882572889328, 0.8492463231086731, 0.9450309872627258, 0.9871039986610413, 0.6995763182640076, 0.49579378962516785, 0.9880686402320862, 0.9799342751502991, 0.7405426502227783, 0.6640762686729431, 0.8994705677032471, 0.977025032043457, 0.4322710633277893, 0.9878897070884705, 0.9957370758056641, 0.9935682415962219, 0.9473634958267212, 0.9405153393745422, 0.9996485710144043, 0.8662592172622681, 0.9999892711639404, 0.826657772064209, 0.9999712705612183, 0.998958945274353, 0.9999990463256836, 0.9999850988388062
2, 3, 5, 16, 18, 1, 4, 6, 7, 8, 9, 10, 11, 12, 13, 14, 15, 17, 19, 20
0.6571694016456604, 0.7416723966598511, 0.9476119875907898, 0.9981623291969299, 0.9976213574409485, 0.9997380375862122, 0.999764621257782, 0.871107816696167, 0.9901623725891113, 0.9996411800384521, 0.5033043026924133, 0.9935765862464905, 0.9910045862197876, 0.9999655485153198, 0.9991031885147095, 0.9999974966049194, 0.9996414184570312, 0.9999963045120239, 0.99918133020401, 0.9999994039535522, 0.9987142086029053, 0.9999995231628418, 0.999897837638855, 0.9999997615814209, 0.9998879432678223, 0.9999988079071045, 0.9095851182937622, 0.9999972581863403, 0.9994275569915771, 0.9999994039535522, 0.9999972581863403
11, 7, 12, 14, 2, 3, 4, 6, 9, 10, 8, 5, 15, 13, 18, 20, 16, 17, 1, 19
0.5524819493293762, 0.9309646487236023, 0.7393882870674133, 0.9893897175788879, 0.9952694773674011, 0.938220739364624, 0.9149913787841797, 0.6375721096992493, 0.6454738974571228, 0.967812180519104, 0.9862834215164185, 0.9853453040122986, 0.9998865127563477, 0.9998531341552734, 0.5303831696510315, 0.999901533126831, 0.999626636505127, 0.9536106586456299, 0.99481201171875, 0.6658312082290649, 0.9407598376274109, 0.9089071154594421, 0.9867729544639587, 0.9999954700469971, 0.9996397495269775, 0.5601702928543091, 0.999954342842102, 0.9902650117874146, 0.9999744892120361, 0.9999970197677612, 0.9999978542327881
1, 10, 11, 15, 9, 16, 2, 5, 8, 4, 6, 19, 17, 7, 18, 3, 13, 14, 20, 12
0.990207850933075, 0.7003070712089539, 0.8198568224906921, 0.93560391664505, 0.9497972130775452, 0.8249872922897339, 0.9971617460250854, 0.9251348972320557, 0.4944201409816742, 0.9629544019699097, 0.3845269978046417, 0.9987356066703796, 0.3376461863517761, 0.5981568694114685, 0.81635582447052, 0.6968377828598022, 0.6220151782035828, 0.49790093302726746, 0.952027440071106, 0.6459033489227295, 0.7119897603988647, 0.9535807371139526, 0.47884637117385864, 0.9406487941741943, 0.9534343481063843, 0.7371392846107483, 0.743107795715332, 0.8577471971511841, 0.9999979734420776, 0.9999984502792358, 0.9999977350234985
2, 6, 14, 1, 8, 9, 19, 16, 17, 20, 18, 11, 12, 10, 13, 7, 15, 3, 4, 5
0.5954145789146423, 0.6435345411300659, 0.9210768342018127, 0.8915408849716187, 0.6108545064926147, 0.675053596496582, 0.9983038902282715, 0.9888823628425598, 0.7377608418464661, 0.9657595753669739, 0.9685533046722412, 0.9449511170387268, 0.8638054132461548, 0.8151371479034424, 0.9999839067459106, 0.9995984435081482, 0.9538918733596802, 0.9996113181114197, 0.9777655005455017, 0.9999674558639526, 0.9999477863311768, 0.66038578748703, 0.6969030499458313, 0.9185540676116943, 0.9997528195381165, 0.9610463976860046, 0.5994222164154053, 0.999991774559021, 0.7911537289619446, 0.9928712248802185, 0.9999923706054688
2, 4, 3, 8, 10, 14, 15, 12, 16, 17, 20, 19, 13, 18, 1, 7, 5, 6, 11, 9
0.9847068190574646, 0.8920917510986328, 0.755362868309021, 0.9728507399559021, 0.8430755734443665, 0.42960697412490845, 0.9817533493041992, 0.8464716672897339, 0.9531128406524658, 0.8828895092010498, 0.8875619173049927, 0.5727270841598511, 0.9208008646965027, 0.8549436330795288, 0.9714932441711426, 0.9777371287345886, 0.8632805943489075, 0.9999915361404419, 0.9936720132827759, 0.9113821387290955, 0.9852999448776245, 0.3635921776294708, 0.8897659778594971, 0.5453063249588013, 0.792074978351593, 0.983755350112915, 0.984434187412262, 0.9961605072021484, 0.9921787977218628, 0.9999830722808838, 0.9999946355819702
1, 2, 3, 5, 7, 9, 10, 8, 12, 19, 4, 18, 20, 11, 13, 14, 15, 6, 16, 17
0.8848695755004883, 0.9480299353599548, 0.9998039603233337, 0.9717578291893005, 0.9987435936927795, 0.9709992408752441, 0.8990971446037292, 0.9998854398727417, 0.998988687992096, 0.9991710186004639, 0.9963311553001404, 0.9997748732566833, 0.9999740123748779, 0.9573405981063843, 0.8941389918327332, 0.9261144995689392, 0.6970106959342957, 0.9999969005584717, 0.9970230460166931, 0.5142676830291748, 0.9995218515396118, 0.9511048793792725, 0.9999734163284302, 0.9912849068641663, 0.9999874830245972, 0.9999970197677612, 0.7517489790916443, 0.999998927116394, 0.9968740940093994, 0.9999969005584717, 0.9999997615814209
1, 2, 3, 4, 5, 13, 7, 19, 15, 11, 8, 12, 20, 6, 9, 10, 14, 16, 17, 18
0.5168753862380981, 0.9753426313400269, 0.9958202838897705, 0.6839123368263245, 0.9950600266456604, 0.3825226426124573, 0.9740989804267883, 0.6299571990966797, 0.9749407768249512, 0.9899764657020569, 0.5004422068595886, 0.8905699849128723, 0.36275652050971985, 0.523289144039154, 0.7906538248062134, 0.8453935980796814, 0.9997668862342834, 0.7014279961585999, 0.9999957084655762, 0.9952182173728943, 0.6789135336875916, 0.9998937845230103, 0.975440502166748, 0.9999599456787109, 0.6016325950622559, 0.9999834299087524, 0.9989566802978516, 0.9999966621398926, 0.9947769641876221, 0.9999995231628418, 0.999998927116394
1, 2, 3, 14, 16, 10, 6, 12, 7, 20, 5, 4, 11, 18, 8, 13, 15, 9, 19, 17
0.9942995309829712, 0.9944446682929993, 0.5405951142311096, 0.9149934649467468, 0.8008978366851807, 0.9180458188056946, 0.9818772077560425, 0.8290106654167175, 0.740069568157196, 0.5922890305519104, 0.8991944193840027, 0.9999220371246338, 0.9701740741729736, 0.958946943283081, 0.9999973773956299, 0.9984191656112671, 0.9890667200088501, 0.9997265934944153, 0.9995003938674927, 0.9992066025733948, 0.9966086149215698, 0.9831104278564453, 0.999910831451416, 0.9987911581993103, 0.9998600482940674, 0.9999805688858032, 0.9871124625205994, 0.999997615814209, 0.9999990463256836, 0.9999979734420776, 0.9999998807907104
1, 2, 6, 8, 13, 16, 17, 20, 19, 11, 18, 4, 10, 5, 7, 12, 9, 15, 3, 14
0.9342880249023438, 0.92033451795578, 0.8277779817581177, 0.967387855052948, 0.9829494953155518, 0.9256286025047302, 0.9999210834503174, 0.9994064569473267, 0.9759987592697144, 0.6991965770721436, 0.9262843728065491, 0.9999667406082153, 0.9988295435905457, 0.9257634282112122, 0.9624158143997192, 0.5993261933326721, 0.5067342519760132, 0.9890751838684082, 0.7060304880142212, 0.8228597044944763, 0.9973378777503967, 0.6739147901535034, 0.9997227787971497, 0.7314637899398804, 0.6544564366340637, 0.8058522939682007, 0.845933198928833, 0.9955915212631226, 0.7745550274848938, 0.999998927116394, 0.999998927116394
1, 3, 4, 2, 5, 7, 6, 10, 12, 13, 8, 18, 15, 16, 17, 19, 20, 11, 14, 9
0.9965372085571289, 0.9877257943153381, 0.9998598098754883, 0.8644470572471619, 0.9996354579925537, 0.723940372467041, 0.6401742100715637, 0.999643087387085, 0.9705698490142822, 0.9998419284820557, 0.9993997812271118, 0.978227972984314, 0.9975122213363647, 0.7717933058738708, 0.9995656609535217, 0.9378317594528198, 0.9956144094467163, 0.47424206137657166, 0.9992690682411194, 0.9367964267730713, 0.9985503554344177, 0.9995355606079102, 0.5854454040527344, 0.5333393216133118, 0.9421769976615906, 0.9999743700027466, 0.9685452580451965, 0.7771137356758118, 0.9987201690673828, 0.9999862909317017, 0.9999756813049316
3, 2, 1, 15, 10, 8, 9, 18, 11, 13, 14, 16, 12, 17, 4, 6, 7, 19, 5, 20
0.6974568367004395, 0.7638147473335266, 0.6592735052108765, 0.6670151352882385, 0.5183733105659485, 0.881598949432373, 0.9945423603057861, 0.6980246901512146, 0.9323102831840515, 0.931072473526001, 0.3669581711292267, 0.640292227268219, 0.6592417359352112, 0.9991012811660767, 0.9992176294326782, 0.6428973078727722, 0.4480006694793701, 0.44075828790664673, 0.6395673751831055, 0.3916468322277069, 0.5050871968269348, 0.6939577460289001, 0.9313843250274658, 0.6435661911964417, 0.9227718710899353, 0.6309458017349243, 0.7885141968727112, 0.9999010562896729, 0.9750745296478271, 0.9998953342437744, 0.9999994039535522
2, 4, 5, 3, 6, 11, 1, 8, 7, 10, 13, 12, 14, 16, 17, 18, 19, 9, 20, 15
0.6452980637550354, 0.9442936182022095, 0.9908294677734375, 0.6476146578788757, 0.9997785687446594, 0.994945228099823, 0.9741865992546082, 0.5261464715003967, 0.8021762371063232, 0.9779462814331055, 0.9999853372573853, 0.9999819993972778, 0.9982224106788635, 0.9965268969535828, 0.7105048298835754, 0.7494795918464661, 0.9984068274497986, 0.5738207101821899, 0.9996343851089478, 0.994046688079834, 0.9999241828918457, 0.9995239973068237, 0.9998065829277039, 0.9973249435424805, 0.9971755743026733, 0.9999865293502808, 0.9767265319824219, 0.8479652404785156, 0.9999994039535522, 0.9999998807907104, 0.9999992847442627
1, 2, 3, 5, 4, 6, 7, 20, 13, 17, 16, 15, 14, 12, 11, 18, 10, 9, 8, 19
0.8694653511047363, 0.9686230421066284, 0.99803227186203, 0.8961113691329956, 0.9988370537757874, 0.9884983897209167, 0.9983304142951965, 0.7660910487174988, 0.9999972581863403, 0.9998321533203125, 0.9999085664749146, 0.5931241512298584, 0.8382701277732849, 0.9715335965156555, 0.9796895980834961, 0.9745770692825317, 0.869359016418457, 0.9865973591804504, 0.6976021528244019, 0.9807941913604736, 0.5431813597679138, 0.9836552739143372, 0.9435439705848694, 0.9646763205528259, 0.9227027297019958, 0.5688507556915283, 0.9998918771743774, 0.9949230551719666, 0.9999935626983643, 0.9999982118606567, 0.9999744892120361
1, 4, 2, 11, 10, 14, 13, 3, 9, 6, 16, 5, 15, 7, 12, 8, 20, 17, 18, 19
0.4674750566482544, 0.8754235506057739, 0.9957233667373657, 0.9364714622497559, 0.9761381149291992, 0.5725350379943848, 0.9839196801185608, 0.8903542757034302, 0.59900963306427, 0.971057116985321, 0.9992111921310425, 0.9322260618209839, 0.664932906627655, 0.9266242384910583, 0.7399070858955383, 0.9485940933227539, 0.8510226607322693, 0.5050596594810486, 0.9033397436141968, 0.41174253821372986, 0.4990300238132477, 0.49828067421913147, 0.7074170112609863, 0.5888773202896118, 0.9999991655349731, 0.9998252987861633, 0.7145687341690063, 0.9999939203262329, 0.6723152995109558, 0.9999986886978149, 0.9999994039535522
1, 2, 9, 14, 4, 5, 6, 7, 8, 10, 13, 17, 18, 15, 20, 11, 16, 12, 3, 19
0.46403297781944275, 0.5790472030639648, 0.7503535747528076, 0.9769187569618225, 0.9834553003311157, 0.3625403046607971, 0.9810795783996582, 0.9990635514259338, 0.9215812683105469, 0.928023099899292, 0.9998792409896851, 0.864637553691864, 0.9995908141136169, 0.6914640069007874, 0.999932050704956, 0.6854181289672852, 0.9999895095825195, 0.999945878982544, 0.9605803489685059, 0.9831799268722534, 0.9948084950447083, 0.9999849796295166, 0.8538327813148499, 0.8358684182167053, 0.4999762177467346, 0.7273842096328735, 0.7930651903152466, 0.9725498557090759, 0.6333734393119812, 0.9999973773956299, 0.999993085861206
1, 2, 9, 3, 7, 16, 20, 10, 12, 17, 18, 5, 8, 11, 15, 19, 13, 14, 4, 6
0.7937657237052917, 0.8262222409248352, 0.5197175145149231, 0.6726117730140686, 0.9923386573791504, 0.9694126844406128, 0.9159730672836304, 0.9955242872238159, 0.9999980926513672, 0.999548614025116, 0.86161208152771, 0.9998654127120972, 0.9996330738067627, 0.9910643100738525, 0.7564635276794434, 0.9827033281326294, 0.9676591157913208, 0.6249060034751892, 0.9465826749801636, 0.9999971389770508, 0.9977655410766602, 0.9999818801879883, 0.9998168349266052, 0.9988768696784973, 0.9978891015052795, 0.9863130450248718, 0.9481074213981628, 0.9999902248382568, 0.9999998807907104, 0.9487578868865967, 0.9999990463256836
1, 2, 3, 4, 5, 6, 7, 8, 10, 12, 9, 14, 15, 16, 18, 19, 20, 13, 11, 17
0.9358522295951843, 0.9999938011169434, 0.9999971389770508
1, 2, 20, 18, 3, 12, 11, 4, 13, 9, 5, 6, 7, 8, 10, 16, 14, 15, 17, 19
0.981255829334259, 0.993941068649292, 0.6663045287132263, 0.9999850988388062, 0.9980242252349854, 0.9999133348464966, 0.9276638031005859, 0.8684722185134888, 0.44116950035095215, 0.7545806169509888, 0.8723953366279602, 0.627130925655365, 0.7136194109916687, 0.6183717846870422, 0.5454904437065125, 0.9464868903160095, 0.8613255620002747, 0.9988505840301514, 0.9998012185096741, 0.9997808337211609, 0.999687671661377, 0.9999009370803833, 0.9842619895935059, 0.9999498128890991, 0.9992157220840454, 0.9999525547027588, 0.9906517267227173, 0.9999974966049194, 0.9999790191650391, 0.9999985694885254, 0.999998927116394
1, 2, 3, 4, 5, 6, 7, 8, 9, 10, 11, 12, 13, 14, 15, 16, 17, 18, 19, 20
0.7069686055183411, 0.9067187309265137, 0.6286270022392273, 0.9254290461540222, 0.9987377524375916, 0.6238357424736023, 0.9849653244018555, 0.9994470477104187, 0.9999390840530396, 0.9999700784683228, 0.9841566681861877, 0.9999909400939941, 0.999942421913147, 0.9999922513961792, 0.9972935318946838, 0.9999969005584717, 0.9999545812606812, 0.9999982118606567, 0.9926459789276123, 0.9999991655349731, 0.9999544620513916, 0.9999995231628418, 0.9999774694442749, 0.9999996423721313, 0.999968409538269, 0.9999996423721313, 0.9999675750732422, 0.9999997615814209, 0.9999986886978149, 0.9999940395355225, 0.9999935626983643
1, 3, 6, 9, 15, 17, 12, 18, 20, 10, 16, 13, 4, 7, 14, 11, 2, 8, 5, 19
0.5357142686843872, 0.6744407415390015, 0.6827605366706848, 0.9392927885055542, 0.9898751378059387, 0.47940540313720703, 0.9211114645004272, 0.42073580622673035, 0.743733823299408, 0.5987199544906616, 0.830464243888855, 0.7641886472702026, 0.48575258255004883, 0.9945359230041504, 0.8556954860687256, 0.9196630120277405, 0.8651099801063538, 0.8242906332015991, 0.36896196007728577, 0.5942072868347168, 0.5164895057678223, 0.9563100337982178, 0.4197409152984619, 0.935223400592804, 0.3900797367095947, 0.9966335892677307, 0.4895235598087311, 0.5150205492973328, 0.8152243494987488, 0.9999996423721313, 0.9999995231628418
18, 15, 14, 11, 9, 10, 3, 19, 5, 16, 17, 4, 6, 7, 8, 13, 12, 2, 1, 20
0.583719789981842, 0.8126831650733948, 0.9049142003059387, 0.8320112824440002, 0.9944961667060852, 0.9993754029273987, 0.48949363827705383, 0.25024163722991943, 0.9466395974159241, 0.9618709087371826, 0.9933952689170837, 0.8247222304344177, 0.7408852577209473, 0.4516448676586151, 0.8621668219566345, 0.8799650073051453, 0.509574294090271, 0.6953493356704712, 0.9658101797103882, 0.48418429493904114, 0.5473036766052246, 0.5267354846000671, 0.6710488796234131, 0.9973192811012268, 0.5956938862800598, 0.8459345102310181, 0.9915176033973694, 0.5078009963035583, 0.9999884366989136, 0.9998973608016968, 0.9999992847442627
1, 2, 3, 5, 6, 9, 11, 12, 4, 10, 16, 20, 19, 17, 7, 13, 14, 15, 18, 8
0.8941159844398499, 0.8716586828231812, 0.7299401164054871, 0.49966371059417725, 0.9281390309333801, 0.7045885920524597, 0.7629214525222778, 0.9207947850227356, 0.9926984906196594, 0.9980562925338745, 0.3926282823085785, 0.9507773518562317, 0.9883361458778381, 0.8450461030006409, 0.4554305970668793, 0.6505070924758911, 0.9999823570251465, 0.8670834302902222, 0.8739064335823059, 0.8242687582969666, 0.9489095211029053, 0.5134327411651611, 0.9947015643119812, 0.599536657333374, 0.9998290538787842, 0.9503995180130005, 0.9999215602874756, 0.9936089515686035, 0.5077965259552002, 0.999997615814209, 0.9999932050704956
1, 2, 3, 7, 11, 13, 10, 12, 14, 15, 17, 18, 19, 4, 5, 6, 9, 8, 16, 20
0.9057438969612122, 0.9735804796218872, 0.9890618920326233, 0.9412067532539368, 0.8392158150672913, 0.5651583671569824, 0.9848607778549194, 0.9142969846725464, 0.7923241257667542, 0.977807343006134, 0.9986544847488403, 0.9993574023246765, 0.6372940540313721, 0.48708996176719666, 0.997514009475708, 0.6971895694732666, 0.9983963370323181, 0.6141555309295654, 0.9697321653366089, 0.9011241793632507, 0.8862600922584534, 0.9251879453659058, 0.591421902179718, 0.9973723888397217, 0.9998430013656616, 0.8251538276672363, 0.6196568608283997, 0.8056293725967407, 0.9999908208847046, 0.9999563694000244, 0.999992847442627
1, 3, 8, 10, 7, 17, 6, 19, 12, 9, 14, 11, 18, 5, 2, 13, 16, 20, 15, 4
0.8693341612815857, 0.6510939002037048, 0.9700077772140503, 0.5188112854957581, 0.8062767386436462, 0.5738781094551086, 0.45198726654052734, 0.5086837410926819, 0.5070676803588867, 0.5397086143493652, 0.4423869252204895, 0.4006827473640442, 0.5063015818595886, 0.975871741771698, 0.6022907495498657, 0.4423089027404785, 0.6975786685943604, 0.5169370770454407, 0.6916033625602722, 0.9033623337745667, 0.5017650127410889, 0.5449442267417908, 0.8862018585205078, 0.95371413230896, 0.856288731098175, 0.9987162351608276, 0.9902327060699463, 0.9999955892562866, 0.8056113719940186, 0.9998764991760254, 0.9999845027923584
1, 9, 2, 4, 5, 15, 3, 13, 8, 19, 20, 12, 18, 16, 7, 10, 6, 17, 11, 14
0.6082518696784973, 0.5399971008300781, 0.9001172184944153, 0.9771853089332581, 0.9193878769874573, 0.9994695782661438, 0.9976776242256165, 0.7421368956565857, 0.9926789999008179, 0.9949552416801453, 0.4533626437187195, 0.9110495448112488, 0.9962788224220276, 0.4866757392883301, 0.9999988079071045, 0.9996333122253418, 0.9991738200187683, 0.9994211196899414, 0.8375518918037415, 0.9996242523193359, 0.9998534917831421, 0.8993487358093262, 0.8595483303070068, 0.4936472475528717, 0.9643098711967468, 0.9999914169311523, 0.8878275752067566, 0.9999927282333374, 0.8128027319908142, 0.9999997615814209, 0.9999995231628418
2, 4, 3, 1, 14, 15, 12, 18, 17, 11, 8, 5, 19, 20, 10, 9, 13, 7, 6, 16
0.4488256573677063, 0.8540268540382385, 0.7769882082939148, 0.6882888674736023, 0.6481440663337708, 0.42120441794395447, 0.9699802994728088, 0.6932365894317627, 0.9752468466758728, 0.6702696084976196, 0.9947211742401123, 0.9970669150352478, 0.5333515405654907, 0.797508955001831, 0.65036940574646, 0.6776857972145081, 0.31647899746894836, 0.41494008898735046, 0.7232279181480408, 0.9771859645843506, 0.9996063113212585, 0.9999977350234985, 0.6239583492279053, 0.9570093750953674, 0.4410433769226074, 0.8182942867279053, 0.9966052770614624, 0.8305844664573669, 0.9893137812614441, 0.9999997615814209, 0.9999996423721313
1, 8, 7, 9, 11, 6, 5, 19, 4, 2, 3, 13, 14, 12, 16, 20, 18, 17, 15, 10
0.8697454333305359, 0.5459046959877014, 0.6015052795410156, 0.6236009001731873, 0.4110795557498932, 0.9716307520866394, 0.7999497056007385, 0.427622526884079, 0.5042863488197327, 0.9996480941772461, 0.9574825763702393, 0.8816380500793457, 0.9765439033508301, 0.9972043633460999, 0.6029329895973206, 0.9976704716682434, 0.9964984655380249, 0.9596426486968994, 0.7625590562820435, 0.996510922908783, 0.9969416260719299, 0.9901371002197266, 0.9999988079071045, 0.9998350143432617, 0.4509378671646118, 0.9998619556427002, 0.7373040914535522, 0.9999858140945435, 0.9952983260154724, 0.9999998807907104, 0.9999996423721313
1, 2, 3, 4, 6, 8, 7, 5, 10, 12, 13, 9, 11, 15, 20, 14, 17, 19, 16, 18
0.9767100214958191, 0.9988534450531006, 0.8930259346961975, 0.947307825088501, 0.8496570587158203, 0.7991529703140259, 0.9953808784484863, 0.9415842294692993, 0.7574857473373413, 0.8698190450668335, 0.9952404499053955, 0.9846595525741577, 0.9901860952377319, 0.999710738658905, 0.8953889608383179, 0.9999839067459106, 0.9999798536300659, 0.6959568858146667, 0.5950063467025757, 0.9136708974838257, 0.9999915361404419, 0.9998682737350464, 0.9642685651779175, 0.9999897480010986, 0.5464687347412109, 0.9999938011169434, 0.9996999502182007, 0.9999634027481079, 0.9989646673202515, 0.9999997615814209, 0.9999995231628418
1, 3, 5, 2, 4, 7, 17, 6, 12, 13, 16, 15, 18, 20, 11, 9, 14, 8, 10, 19
0.98248690366745, 0.9310973286628723, 0.8923747539520264, 0.9827405214309692, 0.9701906442642212, 0.8952348828315735, 0.8221666216850281, 0.9996740818023682, 0.9995251893997192, 0.9975733160972595, 0.9988455772399902, 0.4675712585449219, 0.6103097200393677, 0.9928927421569824, 0.5004247426986694, 0.8323836922645569, 0.849186897277832, 0.8310191631317139, 0.9995226860046387, 0.9962220191955566, 0.9999972581863403, 0.9895205497741699, 0.9589828848838806, 0.7128008604049683, 0.9988127946853638, 0.9994451403617859, 0.870561957359314, 0.9999902248382568, 0.9825542569160461, 0.9999996423721313, 0.9999986886978149
5, 6, 1, 8, 11, 7, 14, 10, 4, 2, 19, 20, 13, 12, 18, 16, 17, 15, 3, 9
0.3686031997203827, 0.7352272272109985, 0.5225896835327148, 0.4550751745700836, 0.9792095422744751, 0.9936182498931885, 0.7688244581222534, 0.5842161178588867, 0.9935872554779053, 0.48018747568130493, 0.998896598815918, 0.9134284257888794, 0.997642457485199, 0.714076042175293, 0.9062936902046204, 0.974393904209137, 0.9999977350234985, 0.9997068047523499, 0.9159650206565857, 0.9999808073043823, 0.9999667406082153, 0.9995383024215698, 0.7732123732566833, 0.9999668598175049, 0.9998021721839905, 0.9861531257629395, 0.787880539894104, 0.9999809265136719, 0.9999978542327881, 0.8021117448806763, 0.999835729598999
1, 2, 3, 4, 5, 6, 7, 8, 10, 12, 9, 14, 15, 16, 18, 19, 20, 13, 11, 17
0.9999719858169556, 0.45553693175315857, 0.4776374399662018, 0.30634748935699463, 0.6202439665794373, 0.3485061228275299, 0.8739926815032959, 0.20987418293952942, 0.4820404052734375, 0.4869976043701172, 0.9991637468338013, 0.9999566078186035, 0.6996939778327942, 0.9999998807907104, 0.9999997615814209, 0.9999997615814209, 1.0, 1.0, 0.9999996423721313, 1.0, 1.0, 1.0, 0.9999997615814209
