3, 1, 2, 4, 5, 6, 8, 9, 10, 12, 13, 14, 16, 17, 18, 15, 19, 20, 7, 11
0.7206854820251465, 0.9276469349861145, 0.9870560169219971, 0.9198958277702332, 0.9744207262992859, 0.9681914448738098, 0.9852482080459595, 0.9996009469032288, 0.9998050332069397, 0.9914956092834473, 0.9988117218017578, 0.998172402381897, 0.9999045133590698, 0.8303969502449036, 0.9999821186065674, 0.7877092361450195, 0.9999961853027344, 0.6659461259841919, 0.9999814033508301, 0.8399397730827332, 0.9999430179595947, 0.9962839484214783, 0.6967738270759583, 0.5387129187583923, 0.8554674983024597, 0.9948983788490295, 0.4335988461971283, 0.9999991655349731, 0.8539068102836609, 0.9999997615814209, 0.9999996423721313
5, 1, 2, 7, 8, 11, 13, 18, 9, 10, 12, 14, 15, 3, 4, 6, 16, 17, 19, 20
0.9693416357040405, 0.7794049978256226, 0.5839681029319763, 0.8644384145736694, 0.9698013663291931, 0.6258285045623779, 0.9684906601905823, 0.9579083323478699, 0.8657568097114563, 0.432301789522171, 0.43884629011154175, 0.42718425393104553, 0.9995197057723999, 0.8899224400520325, 0.9335829615592957, 0.7754509449005127, 0.7334828972816467, 0.7967290282249451, 0.8481103181838989, 0.598763108253479, 0.6230834722518921, 0.9993835687637329, 0.8076388835906982, 0.9999371767044067, 0.9869685769081116, 0.999950647354126, 0.9967754483222961, 0.9981028437614441, 0.9999980926513672, 0.9940873384475708, 0.9999997615814209
1, 2, 3, 5, 8, 9, 10, 11, 12, 13, 14, 15, 16, 17, 18, 19, 4, 6, 7, 20
0.899429440498352, 0.9774527549743652, 0.9662662148475647, 0.6513140797615051, 0.7722678184509277, 0.9981364011764526, 0.9354681968688965, 0.8131221532821655, 0.9998840093612671, 0.998514711856842, 0.9174793362617493, 0.9539809226989746, 0.9966488480567932, 0.9894475936889648, 0.9999510049819946, 0.628173291683197, 0.9999762773513794, 0.7945785522460938, 0.9999837875366211, 0.9816890954971313, 0.9999805688858032, 0.9895263910293579, 0.999993085861206, 0.9998338222503662, 0.9039629697799683, 0.999995231628418, 0.5368002653121948, 0.9532669186592102, 0.9999992847442627, 0.9688504934310913, 0.6047254204750061
1, 2, 3, 4, 5, 6, 7, 8, 9, 10, 11, 12, 13, 14, 15, 16, 17, 18, 19, 20
0.9998433589935303, 0.7979764938354492, 0.7367726564407349, 0.9997484087944031, 0.9995995163917542, 0.9262534379959106, 0.9922479391098022, 0.9984412789344788, 0.9995042085647583, 0.9999997615814209, 0.999876856803894, 1.0, 0.9999990463256836, 1.0, 0.9996685981750488, 1.0, 0.9999996423721313, 1.0, 0.9999994039535522, 1.0, 0.9999995231628418, 1.0, 0.9999997615814209, 1.0, 1.0, 1.0, 0.9999997615814209, 0.9999998807907104, 0.9999997615814209, 0.9998038411140442, 0.9999997615814209
1, 2, 3, 4, 7, 11, 12, 16, 9, 5, 6, 8, 13, 14, 15, 17, 18, 19, 10, 20
0.9992056488990784, 0.9997590184211731, 0.9997772574424744, 0.992434024810791, 0.7852932214736938, 0.8427228927612305, 0.9923450350761414, 0.96181321144104, 0.8592970967292786, 0.8935255408287048, 0.954729437828064, 0.6424162983894348, 0.6828969717025757, 0.9634350538253784, 0.5389633178710938, 0.9999985694885254, 0.9474931359291077, 0.9999991655349731, 0.9966225624084473, 0.9999974966049194, 0.771529495716095, 0.9999998807907104, 0.6989232301712036, 0.9999996423721313, 0.9992964267730713, 0.9999985694885254, 0.999901294708252, 0.9881250858306885, 0.9999489784240723, 0.7154224514961243, 1.0
1, 2, 3, 4, 5, 6, 7, 9, 10, 11, 12, 13, 14, 15, 16, 17, 18, 19, 8, 20
0.9983826875686646, 0.8330121636390686, 0.9999788999557495, 0.994164764881134, 0.9977992177009583, 0.9765213131904602, 0.988660454750061, 0.8898246884346008, 0.9999738931655884, 0.4005409777164459, 0.9999985694885254, 0.9855902791023254, 0.9999990463256836, 0.8526270389556885, 0.9999990463256836, 0.8773931860923767, 0.9999986886978149, 0.9992903470993042, 0.9999837875366211, 0.8875074982643127, 0.9999995231628418, 0.9996579885482788, 0.9999409914016724, 0.9984191656112671, 0.9793292284011841, 0.9825394153594971, 0.8311174511909485, 0.9999982118606567, 0.7744707465171814, 0.9532729983329773, 0.9999997615814209
1, 2, 6, 7, 8, 12, 17, 3, 4, 5, 9, 10, 11, 13, 14, 15, 16, 18, 19, 20
0.9997683167457581, 0.9999779462814331, 0.9716215133666992, 0.4570760428905487, 0.8213403224945068, 0.9862857460975647, 0.8602625727653503, 0.6988186240196228, 0.6482822299003601, 0.8611692190170288, 0.9479299783706665, 0.915571928024292, 0.9850385785102844, 0.9999990463256836, 0.8352710008621216, 1.0, 0.9999665021896362, 0.9999998807907104, 0.9999760389328003, 1.0, 0.9999963045120239, 1.0, 0.9999995231628418, 0.9999997615814209, 0.9983189702033997, 1.0, 0.9997758269309998, 0.9999997615814209, 0.9999992847442627, 0.9740391373634338, 0.9999998807907104
1, 2, 3, 4, 5, 6, 7, 8, 9, 10, 11, 12, 13, 14, 15, 16, 17, 18, 19, 20
0.5208414793014526, 0.9998620748519897, 0.9877678751945496, 0.9074727296829224, 0.9365994334220886, 0.9999178647994995, 0.9974440336227417, 0.9930824041366577, 0.9993329644203186, 1.0, 0.9885693192481995, 1.0, 0.9999872446060181, 1.0, 0.999992847442627, 1.0, 0.9996007084846497, 1.0, 0.9999990463256836, 1.0, 0.9999985694885254, 1.0, 0.9999960660934448, 1.0, 0.9999920129776001, 0.9999998807907104, 0.9999996423721313, 0.9997679591178894, 0.9999977350234985, 0.9999351501464844, 0.9999994039535522
3, 6, 10, 1, 5, 7, 14, 17, 20, 2, 9, 15, 18, 8, 11, 12, 13, 4, 19, 16
0.9876422882080078, 0.9227495193481445, 0.4165416359901428, 0.7263229489326477, 0.47370490431785583, 0.5382952690124512, 0.8062461018562317, 0.5708314776420593, 0.3114413022994995, 0.8861543536186218, 0.5284884572029114, 0.7216649055480957, 0.8518727421760559, 0.9293162822723389, 0.8830006122589111, 0.9948276877403259, 0.8419643044471741, 0.6998873353004456, 0.7635287046432495, 0.38872480392456055, 0.9984982013702393, 0.9508494734764099, 0.9099011421203613, 0.7911120653152466, 0.8871989250183105, 0.9804176092147827, 0.5428601503372192, 0.9999945163726807, 0.6406227946281433, 0.9999915361404419, 0.9999927282333374
1, 2, 3, 4, 5, 7, 19, 12, 17, 11, 13, 10, 14, 16, 6, 15, 8, 9, 18, 20
0.8979620337486267, 0.8402429223060608, 0.9886845946311951, 0.9996211528778076, 0.998359739780426, 0.9884777665138245, 0.6109066009521484, 0.6487757563591003, 0.9867086410522461, 0.45078709721565247, 0.982982873916626, 0.6480926871299744, 0.7489110827445984, 0.633666455745697, 0.6787981390953064, 0.4481178820133209, 0.847196102142334, 0.7442511916160583, 0.40311744809150696, 0.8006112575531006, 0.44154778122901917, 0.5686028599739075, 0.7195718288421631, 0.3991769850254059, 0.9439986348152161, 0.49325138330459595, 0.9739474058151245, 0.9843350648880005, 0.9999932050704956, 0.8031623363494873, 0.9999998807907104
1, 2, 5, 6, 12, 14, 15, 3, 7, 8, 9, 10, 11, 13, 16, 17, 18, 19, 4, 20
0.9789930582046509, 0.9982345104217529, 0.8570168614387512, 0.4889311194419861, 0.6546218395233154, 0.7422007918357849, 0.9950131773948669, 0.7137171030044556, 0.9607555270195007, 0.8614035844802856, 0.5567105412483215, 0.6854932308197021, 0.9879723191261292, 0.8104702830314636, 0.9996414184570312, 0.998055100440979, 0.9994468092918396, 0.9981756210327148, 0.9958004355430603, 0.753752589225769, 0.9891812205314636, 0.6685274243354797, 0.9999066591262817, 0.9924207329750061, 0.9993434548377991, 0.9999961853027344, 0.9585332870483398, 0.9999990463256836, 0.7119848728179932, 0.9241337776184082, 0.9999996423721313
2, 3, 4, 5, 6, 7, 8, 1, 9, 10, 11, 12, 13, 14, 15, 16, 17, 18, 19, 20
0.526025116443634, 0.6929417848587036, 0.8389468193054199, 0.8338160514831543, 0.9152359366416931, 0.841642439365387, 0.9728427529335022, 0.8774096369743347, 0.6791391968727112, 0.9999988079071045, 0.9812028408050537, 1.0, 0.9990257024765015, 0.9999998807907104, 0.9938358664512634, 1.0, 0.9998195767402649, 0.9999996423721313, 0.9908439517021179, 0.9999996423721313, 0.9998711347579956, 0.9999998807907104, 0.9991807341575623, 0.9999998807907104, 0.999997615814209, 0.9999984502792358, 0.9999966621398926, 0.9998925924301147, 0.9999983310699463, 0.9942680597305298, 0.9999994039535522
2, 3, 4, 5, 7, 8, 9, 10, 11, 12, 13, 15, 17, 18, 1, 6, 14, 16, 19, 20
0.976813793182373, 0.6447342038154602, 0.9563759565353394, 0.9779316782951355, 0.52711421251297, 0.6431482434272766, 0.6959125399589539, 0.9999914169311523, 0.9657765030860901, 0.9999954700469971, 0.9895966649055481, 1.0, 0.9762917160987854, 0.9999998807907104, 0.9997608065605164, 0.999987006187439, 0.5130952596664429, 0.9994852542877197, 0.554412305355072, 0.996613085269928, 0.7473432421684265, 0.979996919631958, 0.9997941851615906, 0.9999958276748657, 0.9992533326148987, 0.9999983310699463, 0.918471097946167, 0.999995231628418, 0.999997615814209, 0.9924190044403076, 0.9999998807907104
1, 2, 3, 4, 6, 9, 14, 5, 7, 11, 15, 17, 18, 19, 8, 10, 12, 13, 16, 20
0.9236677289009094, 0.9993821382522583, 0.9672141671180725, 0.9993802309036255, 0.49329060316085815, 0.9867526292800903, 0.6219581961631775, 0.9680920839309692, 0.8098704218864441, 0.9538568258285522, 0.9915281534194946, 0.9666624665260315, 0.9996463060379028, 0.9730365872383118, 0.9619784355163574, 0.8605585098266602, 0.9846221804618835, 0.7366214394569397, 0.962759256362915, 0.9896189570426941, 0.8947942852973938, 0.9999979734420776, 0.7281858921051025, 0.9999997615814209, 0.9935018420219421, 1.0, 0.9999996423721313, 0.9998821020126343, 0.9999988079071045, 0.8418241739273071, 0.8512396216392517
2, 3, 8, 18, 11, 14, 15, 1, 4, 5, 6, 10, 12, 13, 16, 19, 20, 7, 9, 17
0.9912219047546387, 0.9792436957359314, 0.5219382047653198, 0.8983914256095886, 0.6024596691131592, 0.785476565361023, 0.5591132640838623, 0.669492781162262, 0.6696042418479919, 0.9795780777931213, 0.983370304107666, 0.7955940961837769, 0.6105784773826599, 0.9822976589202881, 0.7133000493049622, 0.5897678732872009, 0.9972785115242004, 0.9818894863128662, 0.9912614822387695, 0.8976885080337524, 0.8060824275016785, 0.48701921105384827, 0.9602473974227905, 0.5853791236877441, 0.6958320736885071, 0.7220746874809265, 0.9999996423721313, 0.9900830984115601, 0.9971548318862915, 0.9999995231628418, 0.9999942779541016
1, 2, 3, 10, 16, 17, 4, 5, 6, 7, 8, 9, 13, 14, 15, 18, 11, 12, 19, 20
0.6909477710723877, 0.999138593673706, 0.9999717473983765, 0.5016995072364807, 0.9989708662033081, 0.9396538138389587, 0.9964805245399475, 0.5817555785179138, 0.9356329441070557, 0.6278444528579712, 0.9998661279678345, 0.5663731098175049, 0.9996308088302612, 0.9708002209663391, 0.999982476234436, 0.9999810457229614, 0.8530073165893555, 0.9999945163726807, 0.9893617033958435, 0.9999902248382568, 0.9744862914085388, 0.9989669322967529, 0.9434808492660522, 0.9995274543762207, 0.7741442322731018, 0.9999290704727173, 0.9970569610595703, 0.9999868869781494, 0.999998927116394, 0.7490600943565369, 0.9999995231628418
1, 2, 3, 4, 5, 6, 7, 8, 9, 10, 11, 12, 13, 14, 15, 16, 17, 18, 19, 20
0.9960935711860657, 0.9803321361541748, 0.9997460246086121, 0.99996018409729, 0.9979325532913208, 0.8664500713348389, 0.9996370077133179, 0.994443953037262, 0.8244568705558777, 1.0, 0.9990153312683105, 0.9999998807907104, 0.9433141946792603, 0.9999998807907104, 0.9999887943267822, 1.0, 0.9999872446060181, 0.9999997615814209, 0.9999948740005493, 1.0, 0.9999996423721313, 1.0, 0.9999995231628418, 0.9999996423721313, 0.9999959468841553, 1.0, 0.9999994039535522, 0.9999995231628418, 0.9999996423721313, 0.9997660517692566, 0.9999994039535522
1, 2, 3, 4, 5, 6, 7, 8, 9, 10, 11, 12, 13, 14, 15, 16, 17, 18, 19, 20
0.9971616268157959, 0.9997420907020569, 0.9870510101318359, 0.9893003106117249, 0.9211747646331787, 0.9992613196372986, 0.999468982219696, 0.9991582632064819, 0.9371859431266785, 1.0, 0.9982032775878906, 1.0, 0.9999356269836426, 1.0, 0.9981327652931213, 1.0, 0.9993894100189209, 0.9999998807907104, 0.9997977614402771, 1.0, 0.9999971389770508, 1.0, 0.9999992847442627, 0.9999997615814209, 0.9999723434448242, 1.0, 0.9999990463256836, 0.9999995231628418, 0.9999992847442627, 0.997102677822113, 0.9999985694885254
1, 2, 3, 4, 5, 6, 7, 8, 9, 10, 11, 12, 13, 14, 15, 16, 17, 18, 19, 20
0.5694434642791748, 0.9994388222694397, 0.9946627616882324, 0.9819715619087219, 0.9999707937240601, 0.9999592304229736, 0.9922824501991272, 0.9979002475738525, 0.9777076244354248, 0.9999997615814209, 0.9999462366104126, 0.9999996423721313, 0.9990899562835693, 0.9999996423721313, 0.9998098015785217, 0.9999998807907104, 0.9994755387306213, 0.9999997615814209, 0.9999799728393555, 1.0, 0.9999953508377075, 1.0, 0.9999954700469971, 1.0, 0.9999998807907104, 0.9999998807907104, 0.9999972581863403, 0.9999992847442627, 0.9999995231628418, 0.9998751878738403, 0.9999997615814209
1, 2, 3, 4, 5, 7, 9, 10, 13, 14, 15, 16, 17, 18, 6, 8, 11, 12, 19, 20
0.7688389420509338, 0.866576611995697, 0.9997164607048035, 0.5092394948005676, 0.9947131276130676, 0.9090085625648499, 0.9903535842895508, 0.9962164759635925, 0.9860003590583801, 0.9988632202148438, 0.9646830558776855, 0.9999957084655762, 0.9979333877563477, 0.9999867677688599, 0.9982503056526184, 0.945307195186615, 0.9272724986076355, 0.8858086466789246, 0.8213091492652893, 0.5017163753509521, 0.9969176054000854, 0.61416095495224, 0.9952514171600342, 0.9999336004257202, 0.9898012280464172, 0.9999998807907104, 0.9997170567512512, 0.9999997615814209, 0.9999988079071045, 0.9961088299751282, 0.9999991655349731
1, 2, 3, 4, 6, 8, 5, 12, 11, 13, 14, 10, 7, 15, 16, 17, 18, 19, 9, 20
0.9989832043647766, 0.9813841581344604, 0.9998741149902344, 0.9636809825897217, 0.8138981461524963, 0.9728374481201172, 0.6937678456306458, 0.8564346432685852, 0.49497437477111816, 0.748486340045929, 0.7452055215835571, 0.6336440443992615, 0.5619061589241028, 0.8014177083969116, 0.7779827117919922, 0.5502505302429199, 0.5142106413841248, 0.5189964771270752, 0.7299626469612122, 0.700835108757019, 0.9754642248153687, 0.7537436485290527, 0.9993205070495605, 0.9644836187362671, 0.9957426190376282, 0.9999021291732788, 0.9140813946723938, 0.9999985694885254, 0.8283531665802002, 0.9963486194610596, 1.0
2, 1, 3, 6, 9, 10, 11, 5, 16, 7, 12, 15, 17, 8, 13, 14, 19, 20, 4, 18
0.8206954598426819, 0.5559023022651672, 0.9985363483428955, 0.47753655910491943, 0.4117937684059143, 0.9625676870346069, 0.9978590607643127, 0.8477415442466736, 0.6534530520439148, 0.5494449138641357, 0.645997166633606, 0.7126383781433105, 0.9310926198959351, 0.8458108901977539, 0.6499553918838501, 0.9835457801818848, 0.5384348630905151, 0.8752396106719971, 0.5431352257728577, 0.4599672555923462, 0.9848043918609619, 0.5449796915054321, 0.8791086673736572, 0.9648691415786743, 0.9148910045623779, 0.5389725565910339, 0.41974467039108276, 0.9999986886978149, 0.9425039291381836, 0.9999984502792358, 0.9999858140945435
3, 4, 5, 6, 7, 11, 14, 16, 17, 1, 2, 8, 10, 12, 13, 15, 19, 9, 20, 18
0.526677668094635, 0.9348461031913757, 0.9986671209335327, 0.9998475313186646, 0.7489426732063293, 0.9988901019096375, 0.9059965014457703, 0.9993372559547424, 0.9923542737960815, 0.9828888177871704, 0.6673827171325684, 0.9833522439002991, 0.7666406631469727, 0.9924904704093933, 0.9996628761291504, 0.9989161491394043, 0.5195201635360718, 0.961493730545044, 0.9796661734580994, 0.9450896382331848, 0.9999781847000122, 0.9971973896026611, 0.9352656602859497, 0.9990035891532898, 0.5845432877540588, 0.6224552392959595, 0.7548800110816956, 0.6442219614982605, 0.9999988079071045, 0.9999995231628418, 0.9999552965164185
2, 3, 5, 10, 14, 13, 7, 8, 4, 9, 19, 20, 1, 11, 12, 15, 16, 17, 18, 6
0.5183839797973633, 0.9977721571922302, 0.893030047416687, 0.9137154817581177, 0.7644792199134827, 0.8476329445838928, 0.5426843166351318, 0.8569690585136414, 0.4307572543621063, 0.46711650490760803, 0.936181366443634, 0.5488474369049072, 0.5626541972160339, 0.9991970658302307, 0.4271419644355774, 0.961188018321991, 0.9999958276748657, 0.9980208873748779, 0.6926307082176208, 0.8752351999282837, 0.8918092250823975, 0.6778209209442139, 0.7718411684036255, 0.9745305776596069, 0.5350951552391052, 0.6930745840072632, 0.9706850647926331, 0.6261208653450012, 0.7461375594139099, 0.9999977350234985, 0.9976400136947632
7, 11, 12, 1, 16, 17, 18, 2, 3, 4, 5, 6, 8, 9, 10, 13, 14, 15, 19, 20
0.6061719655990601, 0.9991488456726074, 0.7585898041725159, 0.9928396940231323, 0.9865880608558655, 0.9907855987548828, 0.7546131014823914, 0.8598220348358154, 0.9297032952308655, 0.4159923791885376, 0.6878527998924255, 0.7688421607017517, 0.6319505572319031, 0.9317790269851685, 0.9974160194396973, 0.8266530632972717, 0.7214882969856262, 0.9834660291671753, 0.9939946532249451, 0.9999977350234985, 0.9880924820899963, 0.9999998807907104, 0.9981849789619446, 0.9999998807907104, 0.9955143332481384, 0.9999998807907104, 0.9997425675392151, 0.9999784231185913, 0.99998939037323, 0.9480950832366943, 0.9999983310699463
1, 3, 4, 7, 9, 10, 11, 15, 2, 5, 6, 8, 12, 13, 14, 16, 17, 18, 19, 20
0.9944321513175964, 0.8125754594802856, 0.8105003237724304, 0.9772588014602661, 0.9802518486976624, 0.9956774115562439, 0.995770275592804, 0.9989513158798218, 0.9943817257881165, 0.5532612800598145, 0.6219078898429871, 0.8759884238243103, 0.9999006986618042, 0.8544076681137085, 0.9925290942192078, 0.9999985694885254, 0.9997032284736633, 0.9999997615814209, 0.995370090007782, 1.0, 0.984063982963562, 1.0, 0.9998645782470703, 0.9999998807907104, 0.9996453523635864, 0.9999996423721313, 0.9999237060546875, 0.9999942779541016, 0.9999991655349731, 0.9262855648994446, 0.9999995231628418
2, 1, 3, 4, 5, 7, 10, 13, 16, 17, 18, 6, 11, 12, 14, 15, 19, 8, 9, 20
0.5592902302742004, 0.7136995196342468, 0.4922831952571869, 0.9952000379562378, 0.9997724890708923, 0.6625902652740479, 0.6937777400016785, 0.8375915288925171, 0.6263574957847595, 0.6271138191223145, 0.7730987071990967, 0.938520610332489, 0.9869452118873596, 0.9880924224853516, 0.9850698113441467, 0.988624095916748, 0.8453934192657471, 0.4916824996471405, 0.8473086357116699, 0.9636010527610779, 0.9964566826820374, 0.8276969790458679, 0.8759520053863525, 0.9952717423439026, 0.9481275677680969, 0.8565317988395691, 0.9999372959136963, 0.6186364889144897, 0.9999839067459106, 0.5888852477073669, 0.6527062654495239
20, 16, 17, 3, 8, 18, 10, 14, 5, 9, 1, 7, 12, 13, 2, 11, 6, 15, 4, 19
0.9334205985069275, 0.661891758441925, 0.7790970206260681, 0.6892619729042053, 0.9992523789405823, 0.919517457485199, 0.6158546805381775, 0.4104955792427063, 0.8239772915840149, 0.6699784398078918, 0.8172129988670349, 0.9392552375793457, 0.6990221738815308, 0.8449561595916748, 0.48354119062423706, 0.6461869478225708, 0.5193138718605042, 0.6985589861869812, 0.48221394419670105, 0.7355105876922607, 0.9650681614875793, 0.9882209300994873, 0.6559944748878479, 0.4382721483707428, 0.9068997502326965, 0.3779442310333252, 0.7905271053314209, 0.8757770657539368, 0.8311405181884766, 0.9999992847442627, 0.9999967813491821
1, 2, 3, 5, 7, 8, 9, 10, 12, 19, 4, 11, 13, 14, 15, 18, 16, 17, 6, 20
0.9994211196899414, 0.5001576542854309, 0.9901716113090515, 0.9976605176925659, 0.5764380097389221, 0.9957013726234436, 0.9968217611312866, 0.9999576807022095, 0.8937514424324036, 0.9998525381088257, 0.6485418677330017, 0.9991692304611206, 0.9849616289138794, 0.8025621771812439, 0.921850860118866, 0.9681239128112793, 0.9999996423721313, 0.9999227523803711, 0.999997615814209, 0.9994093179702759, 0.9999945163726807, 0.9999854564666748, 0.9977360963821411, 0.778649628162384, 0.6203573942184448, 0.5964167714118958, 0.9962342381477356, 0.9999983310699463, 0.9946946501731873, 0.9840901494026184, 0.7902318835258484
1, 2, 3, 4, 5, 6, 7, 8, 13, 15, 19, 11, 12, 16, 17, 9, 10, 14, 18, 20
0.9505969285964966, 0.999305248260498, 0.9978210926055908, 0.9056063294410706, 0.9972249269485474, 0.9996142387390137, 0.9783695340156555, 0.9999306201934814, 0.9615299105644226, 0.6030224561691284, 0.9542102217674255, 0.9487234354019165, 0.6043788194656372, 0.694415271282196, 0.7527300119400024, 0.9569063782691956, 0.9993343949317932, 0.998615026473999, 0.5606009364128113, 0.5080645084381104, 0.9098829030990601, 0.9817960858345032, 0.736585259437561, 0.9999994039535522, 0.9958382844924927, 0.9996891021728516, 0.9780434370040894, 0.9977827668190002, 0.9999988079071045, 0.9857131242752075, 0.9999998807907104
1, 2, 3, 6, 10, 14, 12, 16, 20, 7, 4, 11, 9, 5, 13, 15, 17, 18, 19, 8
0.9961916208267212, 0.9950591325759888, 0.46726253628730774, 0.7114670872688293, 0.9446412324905396, 0.991338849067688, 0.9990978240966797, 0.6577010750770569, 0.8827938437461853, 0.8594040870666504, 0.6379199624061584, 0.9990605711936951, 0.720830500125885, 0.999998927116394, 0.5294517278671265, 0.3951568901538849, 0.8937187790870667, 0.9980358481407166, 0.7026370763778687, 0.9796528816223145, 0.5850956439971924, 0.6393847465515137, 0.8807941675186157, 0.9025847315788269, 0.8791375160217285, 0.7822819948196411, 0.9929855465888977, 0.9999821186065674, 0.5850987434387207, 0.9999995231628418, 0.9983508586883545
1, 2, 4, 5, 7, 9, 12, 13, 16, 6, 8, 11, 15, 17, 18, 3, 14, 19, 10, 20
0.9922772645950317, 0.9983238577842712, 0.5655091404914856, 0.5212735533714294, 0.9253602623939514, 0.7438262104988098, 0.9999510049819946, 0.48569267988204956, 0.9889515042304993, 0.7749730944633484, 0.9832767248153687, 0.4333140552043915, 0.637962281703949, 0.8161721229553223, 0.9998515844345093, 0.812294602394104, 0.9381145238876343, 0.7181110382080078, 0.7337293028831482, 0.7010812759399414, 0.8948301672935486, 0.7935047745704651, 0.6594743728637695, 0.999944806098938, 0.5344491600990295, 0.9999221563339233, 0.8221830725669861, 0.9072951674461365, 0.9999980926513672, 0.9390227794647217, 1.0
1, 3, 4, 2, 5, 7, 10, 6, 12, 13, 11, 14, 15, 16, 17, 18, 19, 20, 8, 9
0.9695979952812195, 0.9397749900817871, 0.9952573180198669, 0.8220481872558594, 0.8196226358413696, 0.5628676414489746, 0.7684329152107239, 0.9649838805198669, 0.5692789554595947, 0.9900454878807068, 0.7773606777191162, 0.9995189905166626, 0.9954261183738708, 0.7838370203971863, 0.48957931995391846, 0.9266660213470459, 0.8541858196258545, 0.9177342653274536, 0.9785287380218506, 0.9947110414505005, 0.9708349108695984, 0.9990350008010864, 0.9886541366577148, 0.9888368844985962, 0.999715268611908, 0.6177300810813904, 0.9999959468841553, 0.7800582051277161, 1.0, 0.9881687760353088, 0.9999808073043823
1, 2, 3, 4, 5, 6, 7, 8, 9, 10, 11, 12, 13, 14, 15, 16, 17, 18, 19, 20
0.830440878868103, 0.9957517385482788, 0.9999663829803467, 0.8862029314041138, 0.6958547234535217, 0.9989302754402161, 0.9881198406219482, 0.9999347925186157, 0.9999892711639404, 0.9999997615814209, 0.9999797344207764, 0.9999997615814209, 0.9585667252540588, 1.0, 0.9999030828475952, 1.0, 0.999879002571106, 0.9999998807907104, 0.9692140817642212, 1.0, 0.9999997615814209, 1.0, 0.9999731779098511, 1.0, 0.9999997615814209, 0.9999998807907104, 0.9999525547027588, 0.9999994039535522, 0.999998927116394, 0.9989799857139587, 0.9999994039535522
3, 2, 1, 5, 6, 10, 7, 11, 14, 12, 13, 15, 16, 17, 18, 19, 4, 8, 9, 20
0.8782448768615723, 0.5123236179351807, 0.4036034941673279, 0.42299526929855347, 0.7284445762634277, 0.6268770694732666, 0.7872248888015747, 0.6087185144424438, 0.5895149111747742, 0.92304927110672, 0.9414564967155457, 0.3945891857147217, 0.9484528303146362, 0.4641278088092804, 0.9941940903663635, 0.6154899597167969, 0.9780374765396118, 0.9459283351898193, 0.956245481967926, 0.9459272623062134, 0.9998923540115356, 0.9992891550064087, 0.9992129802703857, 0.9995237588882446, 0.8237935900688171, 0.9999914169311523, 0.9109105467796326, 0.8057035207748413, 0.9997513890266418, 0.8577665090560913, 1.0
3, 1, 2, 5, 6, 7, 4, 13, 15, 16, 17, 14, 18, 11, 12, 20, 8, 9, 10, 19
0.60723477602005, 0.998138427734375, 0.9999393224716187, 0.9518288969993591, 0.6476771235466003, 0.9095886945724487, 0.5200125575065613, 0.9675187468528748, 0.9948257207870483, 0.8717471957206726, 0.48269906640052795, 0.9998793601989746, 0.7010695934295654, 0.9994869232177734, 0.5682159066200256, 0.9978806972503662, 0.6152415871620178, 0.9500771164894104, 0.49992674589157104, 0.6158501505851746, 0.9013281464576721, 0.8634249567985535, 0.9629559516906738, 0.7233291268348694, 0.9999955892562866, 0.43138769268989563, 0.9999715089797974, 0.9999983310699463, 0.9996707439422607, 0.9999992847442627, 0.9999897480010986
1, 2, 4, 6, 11, 12, 15, 16, 3, 5, 7, 8, 9, 10, 13, 14, 17, 18, 19, 20
0.8613065481185913, 0.9977558255195618, 0.9935368895530701, 0.8769174218177795, 0.5381068587303162, 0.41460293531417847, 0.9716978073120117, 0.9764729738235474, 0.8795788884162903, 0.976239800453186, 0.680717408657074, 0.9722230434417725, 0.9570359587669373, 0.9454319477081299, 0.985443651676178, 0.9984877109527588, 0.999613344669342, 0.9999996423721313, 0.993359386920929, 1.0, 0.9998372793197632, 1.0, 0.9999734163284302, 0.9999994039535522, 0.9999215602874756, 0.9999998807907104, 0.9992203712463379, 0.999993085861206, 0.9999997615814209, 0.9908592104911804, 1.0
1, 2, 3, 4, 5, 6, 7, 8, 9, 10, 11, 12, 13, 14, 15, 16, 17, 18, 19, 20
0.9961203932762146, 0.9999306201934814, 0.9994726777076721, 0.9885215759277344, 0.9996517896652222, 0.9999253749847412, 0.9829996228218079, 0.995191216468811, 0.9996695518493652, 0.9999996423721313, 0.9999878406524658, 1.0, 0.998963475227356, 1.0, 0.990936815738678, 1.0, 0.9999793767929077, 1.0, 0.9999828338623047, 1.0, 0.9999986886978149, 0.9999997615814209, 0.9999948740005493, 0.9999986886978149, 0.9999926090240479, 1.0, 0.9999990463256836, 0.9999995231628418, 0.9999996423721313, 0.999858021736145, 0.9999992847442627
1, 7, 9, 2, 3, 16, 20, 13, 14, 6, 4, 5, 11, 12, 15, 10, 17, 18, 8, 19
0.9259055256843567, 0.5152719616889954, 0.8813269138336182, 0.8089761137962341, 0.7601125240325928, 0.8576763272285461, 0.5520066618919373, 0.5725313425064087, 0.9999977350234985, 0.5681148767471313, 0.7650752663612366, 0.9979932308197021, 0.9980155229568481, 0.6600279211997986, 0.6706788539886475, 0.8370324969291687, 0.8947811126708984, 0.8341747522354126, 0.5583155751228333, 0.5684558749198914, 0.9474168419837952, 0.5344542264938354, 0.6654021143913269, 0.4970758259296417, 0.9802793264389038, 0.6544843912124634, 0.996726393699646, 0.9999245405197144, 0.6723299026489258, 0.9999998807907104, 0.9999984502792358
1, 2, 3, 4, 5, 7, 8, 9, 11, 14, 15, 18, 19, 10, 6, 13, 16, 17, 12, 20
0.9991174340248108, 0.9976170659065247, 0.9998995065689087, 0.9924070239067078, 0.9746900796890259, 0.9355140924453735, 0.7431641221046448, 0.8633802533149719, 0.9999949932098389, 0.992815375328064, 0.999976634979248, 0.5949574708938599, 0.9999997615814209, 0.9999914169311523, 0.9954374432563782, 0.8898633122444153, 0.9722185730934143, 0.7860153913497925, 0.7658352851867676, 0.9775887727737427, 0.7430962324142456, 0.9976392984390259, 0.6257743835449219, 0.9914183616638184, 0.8776731491088867, 0.9970173835754395, 0.9005200266838074, 0.9702328443527222, 0.9999839067459106, 0.9632253050804138, 0.9999996423721313
1, 2, 3, 4, 5, 6, 7, 8, 9, 10, 11, 12, 13, 14, 15, 16, 17, 18, 19, 20
0.9995917677879333, 0.7137529253959656, 0.7888073325157166, 0.967496395111084, 0.9962687492370605, 0.9999945163726807, 0.9999502897262573, 0.9993048906326294, 0.8499170541763306, 0.9999997615814209, 0.9963992834091187, 1.0, 0.9999181032180786, 0.9999998807907104, 0.9999579191207886, 0.9999995231628418, 0.9939402341842651, 0.9999994039535522, 0.969641923904419, 0.9999996423721313, 0.9982408285140991, 1.0, 0.9999873638153076, 0.9999997615814209, 0.9993221759796143, 0.9999995231628418, 0.9999988079071045, 0.9999921321868896, 0.999993085861206, 0.9997109770774841, 0.9999996423721313
1, 2, 3, 4, 5, 6, 7, 8, 9, 10, 11, 12, 13, 14, 15, 16, 17, 18, 19, 20
0.9994783997535706, 0.9991621971130371, 0.999991774559021, 0.901598334312439, 0.9995608925819397, 0.9924150109291077, 0.9999305009841919, 0.9973541498184204, 0.9999852180480957, 1.0, 0.9996848106384277, 1.0, 0.9999656677246094, 1.0, 0.9999556541442871, 1.0, 0.9999991655349731, 1.0, 0.9999916553497314, 0.9999998807907104, 0.9999983310699463, 1.0, 0.9999995231628418, 1.0, 0.9999998807907104, 1.0, 0.9999996423721313, 0.9999982118606567, 0.9999995231628418, 0.9996398687362671, 0.9999997615814209
20, 1, 2, 3, 6, 8, 9, 10, 11, 12, 13, 14, 15, 16, 17, 18, 4, 5, 7, 19
0.6937277317047119, 0.9799559116363525, 0.7149832844734192, 0.9722616076469421, 0.964957058429718, 0.7881553173065186, 0.9886484742164612, 0.9959529638290405, 0.9991551637649536, 0.6818809509277344, 0.999809205532074, 0.6020058393478394, 0.9999076128005981, 0.9862384796142578, 0.9999661445617676, 0.6790781021118164, 0.9999822378158569, 0.9805824160575867, 0.9999767541885376, 0.9996979236602783, 0.9991461038589478, 0.8958597183227539, 0.999728262424469, 0.9496622681617737, 0.9264503717422485, 0.999947190284729, 0.5294867157936096, 0.9965619444847107, 0.9936115145683289, 0.9999998807907104, 0.9999961853027344
1, 2, 3, 4, 5, 6, 7, 8, 9, 10, 11, 12, 13, 14, 15, 16, 17, 18, 19, 20
0.9993023872375488, 0.9999321699142456, 0.8404760956764221, 0.5368604063987732, 0.999991774559021, 0.9993815422058105, 0.960148274898529, 0.9991782307624817, 0.999259889125824, 0.9999997615814209, 0.9998986721038818, 1.0, 0.9999737739562988, 0.9999995231628418, 0.8995291590690613, 1.0, 0.9999982118606567, 1.0, 0.9999796152114868, 1.0, 0.9999996423721313, 1.0, 0.9996641874313354, 1.0, 0.9999996423721313, 1.0, 0.9999966621398926, 0.9999995231628418, 0.9999994039535522, 0.999340832233429, 0.9999991655349731
1, 2, 3, 4, 5, 6, 7, 8, 9, 10, 11, 12, 13, 14, 15, 16, 17, 18, 19, 20
0.9980048537254333, 0.9999575614929199, 0.7608979344367981, 0.938206136226654, 0.9965051412582397, 0.999876856803894, 0.9994644522666931, 0.9858685731887817, 0.9990148544311523, 1.0, 0.9976243376731873, 1.0, 0.9999969005584717, 1.0, 0.9999986886978149, 0.9999997615814209, 0.9999333620071411, 1.0, 0.9999967813491821, 1.0, 0.9999994039535522, 1.0, 0.9999995231628418, 1.0, 1.0, 1.0, 0.9999997615814209, 0.9999994039535522, 0.9999997615814209, 0.9999226331710815, 0.9999997615814209
1, 2, 3, 4, 5, 6, 7, 8, 9, 10, 11, 12, 13, 14, 15, 16, 17, 18, 19, 20
0.9989184141159058, 0.9874901175498962, 0.9999864101409912, 0.8434346914291382, 0.9998587369918823, 0.9591492414474487, 0.999996542930603, 0.9929327964782715, 0.9787120819091797, 1.0, 0.9525620341300964, 1.0, 0.9999969005584717, 1.0, 0.9993423819541931, 1.0, 0.9999990463256836, 0.9999995231628418, 0.9919077157974243, 0.9999998807907104, 0.999880313873291, 1.0, 0.9999778270721436, 1.0, 0.9999788999557495, 1.0, 0.9999992847442627, 0.999998927116394, 0.9999992847442627, 0.9998968839645386, 0.9999992847442627
1, 2, 3, 4, 5, 6, 7, 8, 9, 10, 11, 12, 13, 14, 15, 16, 17, 18, 19, 20
0.9779015779495239, 0.9662431478500366, 0.9998257756233215, 0.46611782908439636, 0.9493736624717712, 0.9993399977684021, 0.9262824058532715, 0.9998883008956909, 0.9999901056289673, 0.9999995231628418, 0.9998235106468201, 1.0, 0.9990480542182922, 1.0, 0.9999743700027466, 1.0, 0.9999967813491821, 1.0, 0.9999983310699463, 0.9999998807907104, 0.9999839067459106, 1.0, 0.9999997615814209, 1.0, 0.9999979734420776, 1.0, 0.9999996423721313, 0.999998927116394, 0.9999996423721313, 0.9996196031570435, 0.9999992847442627
1, 2, 15, 9, 5, 13, 12, 20, 3, 8, 19, 4, 7, 10, 6, 11, 14, 17, 18, 16
0.9991928935050964, 0.9999736547470093, 0.4733758866786957, 0.999718964099884, 0.5877575278282166, 0.36181068420410156, 0.384223073720932, 0.6011621952056885, 0.47782424092292786, 0.6940079927444458, 0.45516884326934814, 0.9999945163726807, 0.5015374422073364, 0.44393715262413025, 0.6067500114440918, 0.659263014793396, 0.4581416845321655, 0.5227537751197815, 0.8757259845733643, 0.5609694719314575, 0.5850896239280701, 0.9999990463256836, 0.7267032861709595, 0.9999979734420776, 0.9768408536911011, 0.9999953508377075, 0.5804548859596252, 0.9999949932098389, 0.6477675437927246, 0.9999880790710449, 0.9999747276306152
3, 4, 2, 1, 8, 7, 12, 14, 15, 11, 13, 9, 10, 16, 5, 6, 17, 18, 19, 20
0.9865866899490356, 0.761267900466919, 0.713318407535553, 0.43771466612815857, 0.40080296993255615, 0.5309517979621887, 0.9197372794151306, 0.6010982990264893, 0.9824304580688477, 0.8045136332511902, 0.9995793700218201, 0.9998767375946045, 0.435769259929657, 0.35531413555145264, 0.7366483807563782, 0.47162124514579773, 0.47044873237609863, 0.6387236714363098, 0.6759135127067566, 0.8562856316566467, 0.8891435861587524, 0.5075516104698181, 0.5582336187362671, 0.9999510049819946, 0.9798272848129272, 0.9999929666519165, 0.9924209713935852, 0.9996362924575806, 0.9999984502792358, 0.9896652102470398, 0.9999992847442627
1, 3, 7, 9, 11, 2, 8, 5, 13, 14, 15, 4, 6, 10, 12, 16, 17, 18, 19, 20
0.9479925632476807, 0.754017174243927, 0.37513113021850586, 0.9141573905944824, 0.8793686628341675, 0.9735576510429382, 0.5090147256851196, 0.8325461745262146, 0.5342195630073547, 0.9889019727706909, 0.7729546427726746, 0.9999977350234985, 0.9994625449180603, 0.9993733763694763, 0.9819705486297607, 0.5829164385795593, 0.5923699140548706, 0.999578058719635, 0.8951944708824158, 0.9999995231628418, 0.9945808053016663, 0.999996542930603, 0.9987609386444092, 0.9999990463256836, 0.9975500702857971, 0.9999991655349731, 0.9999401569366455, 0.9999839067459106, 0.9999994039535522, 0.9433433413505554, 1.0
1, 2, 3, 7, 6, 8, 12, 13, 17, 18, 14, 15, 16, 20, 9, 11, 4, 5, 10, 19
0.9678093791007996, 0.9940438866615295, 0.9945084452629089, 0.6480370163917542, 0.45128536224365234, 0.9112009406089783, 0.4601004123687744, 0.7516311407089233, 0.9990538954734802, 0.9938951134681702, 0.8014734983444214, 0.33687764406204224, 0.9822182059288025, 0.727019727230072, 0.918317973613739, 0.48271486163139343, 0.9593584537506104, 0.5601369738578796, 0.6747475266456604, 0.88475501537323, 0.32380592823028564, 0.9999972581863403, 0.4321993291378021, 0.9651130437850952, 0.9548426866531372, 0.41083860397338867, 0.9869753122329712, 0.9999980926513672, 0.7634686231613159, 0.9999998807907104, 0.999993085861206
1, 3, 5, 2, 4, 7, 6, 17, 12, 13, 15, 16, 11, 14, 8, 9, 10, 18, 19, 20
0.970829427242279, 0.8753384947776794, 0.6766288876533508, 0.973899245262146, 0.5192616581916809, 0.9983125925064087, 0.6262450814247131, 0.8133669495582581, 0.9305152297019958, 0.650419294834137, 0.4959248900413513, 0.8638070225715637, 0.660279393196106, 0.9960993528366089, 0.5535934567451477, 0.9981170892715454, 0.9518271684646606, 0.727741003036499, 0.44375914335250854, 0.7188169956207275, 0.6910417675971985, 0.46255210041999817, 0.8902169466018677, 0.9999980926513672, 0.9571793675422668, 0.9999986886978149, 0.9999681711196899, 0.9996078610420227, 0.9999991655349731, 0.7461363673210144, 0.9999997615814209
1, 2, 5, 6, 7, 8, 4, 11, 14, 12, 13, 19, 20, 3, 9, 10, 15, 16, 17, 18
0.8131330013275146, 0.9994086027145386, 0.5139867067337036, 0.9996567964553833, 0.8440331220626831, 0.9979321956634521, 0.7346864938735962, 0.9934279322624207, 0.883298397064209, 0.9014445543289185, 0.6350780129432678, 0.5105305314064026, 0.7019797563552856, 0.9647536277770996, 0.656101644039154, 0.7766368985176086, 0.7254176735877991, 0.9803245663642883, 0.9999997615814209, 0.7432059645652771, 0.9697214365005493, 0.9999998807907104, 0.5524556636810303, 1.0, 0.5531719326972961, 1.0, 0.9975249171257019, 1.0, 0.996971845626831, 1.0, 0.9999969005584717
1, 2, 5, 6, 7, 8, 9, 10, 13, 3, 4, 11, 12, 15, 14, 18, 19, 17, 16, 20
0.958351731300354, 0.9999053478240967, 0.6573399901390076, 0.5795955061912537, 0.9980418682098389, 0.976639449596405, 0.999889612197876, 0.98751300573349, 0.9927351474761963, 0.5349083542823792, 0.9638262987136841, 0.9228830337524414, 0.5233245491981506, 0.9999924898147583, 0.8446428179740906, 0.9999992847442627, 0.9998462200164795, 0.9999948740005493, 0.9454589486122131, 0.9971500039100647, 0.6098181009292603, 0.9946138262748718, 0.5673137307167053, 0.9111711382865906, 0.7042992115020752, 0.8080493211746216, 0.7606313824653625, 0.5964218378067017, 0.9999748468399048, 0.6261050701141357, 0.9999996423721313
