1, 2, 3, 4, 5, 6, 8, 9, 10, 12, 13, 14, 16, 17, 18, 15, 19, 7, 11, 20
0.8023894429206848, 0.9997196793556213, 0.9935937523841858, 0.9992122650146484, 0.9970871806144714, 0.9977218508720398, 0.5766727924346924, 0.9780502915382385, 0.9999991655349731, 0.5534588694572449, 0.9999940395355225, 0.9905549883842468, 0.9999922513961792, 0.6361927390098572, 0.9999963045120239, 0.8833411931991577, 0.9999982118606567, 0.7718250751495361, 0.9999779462814331, 0.855858325958252, 0.99996018409729, 0.9962515234947205, 0.9247655868530273, 0.949350893497467, 0.8385358452796936, 0.9805729985237122, 0.6402759552001953, 0.9981024861335754, 0.9999983310699463, 0.9999998807907104, 0.9999996423721313
5, 8, 11, 13, 2, 9, 18, 7, 17, 10, 1, 15, 3, 4, 20, 14, 12, 16, 6, 19
0.8448469638824463, 0.8595229387283325, 0.7019265294075012, 0.9342666864395142, 0.8668929934501648, 0.986801028251648, 0.4242249131202698, 0.7615049481391907, 0.7893106341362, 0.8054653406143188, 0.687670111656189, 0.9687618613243103, 0.7567639946937561, 0.9788991808891296, 0.7775235176086426, 0.8736276626586914, 0.5330849885940552, 0.8876297473907471, 0.48026934266090393, 0.9012462496757507, 0.49476057291030884, 0.9999998807907104, 0.8757850527763367, 0.6981126070022583, 0.6548904776573181, 0.49703890085220337, 0.5774810314178467, 0.6757358908653259, 0.795650064945221, 1.0, 0.9999998807907104
16, 20, 6, 12, 4, 19, 2, 15, 13, 17, 18, 14, 10, 11, 5, 9, 8, 7, 1, 3
0.4210952818393707, 0.9893710613250732, 0.9742105007171631, 0.9998700618743896, 0.9532966017723083, 0.7918527126312256, 0.9274272322654724, 0.7969910502433777, 0.9428380131721497, 0.9939184188842773, 0.7179853320121765, 0.9540817141532898, 0.47688448429107666, 0.8988376259803772, 0.5552731156349182, 0.8676849603652954, 0.6822571158409119, 0.7976248860359192, 0.41235536336898804, 0.754233717918396, 0.5197188258171082, 0.48232221603393555, 0.7344142198562622, 0.8049478530883789, 0.9814117550849915, 0.43360620737075806, 0.6062387824058533, 0.35703688859939575, 0.5877273082733154, 0.8633877635002136, 0.9999953508377075
1, 14, 4, 8, 5, 2, 6, 20, 16, 3, 19, 10, 17, 11, 18, 15, 12, 7, 9, 13
0.9969292283058167, 0.534550130367279, 0.9992269277572632, 0.7442991137504578, 0.8290214538574219, 0.793835461139679, 0.9650360941886902, 0.5509867668151855, 0.6007989048957825, 1.0, 0.6868993043899536, 0.9297865629196167, 0.6408364176750183, 0.9735726714134216, 0.7887674570083618, 0.9293175935745239, 0.515757143497467, 0.9389609098434448, 0.3656514585018158, 0.9098818302154541, 0.5504465699195862, 0.8885900974273682, 0.621319055557251, 0.7845697999000549, 0.7428725957870483, 0.6498929262161255, 0.8397179245948792, 0.6534146070480347, 0.8633277416229248, 0.9999994039535522, 0.9999997615814209
1, 2, 3, 4, 18, 16, 9, 12, 13, 11, 7, 5, 8, 19, 14, 10, 15, 6, 20, 17
0.9992427825927734, 0.689235508441925, 0.9999560117721558, 0.9402241110801697, 0.5167018175125122, 0.8308649063110352, 0.6615200042724609, 0.5391123294830322, 0.7063055634498596, 0.858837366104126, 0.5059978365898132, 0.7081629633903503, 0.4778742790222168, 0.632345974445343, 0.41694581508636475, 0.6519285440444946, 0.9436287879943848, 0.4690765142440796, 0.9289812445640564, 0.7043971419334412, 0.5112996697425842, 0.5380457043647766, 0.6510288715362549, 0.6724647879600525, 0.5230308175086975, 0.5774825811386108, 0.47320717573165894, 0.5812983512878418, 0.9999997615814209, 1.0, 0.9999996423721313
1, 14, 16, 6, 9, 3, 17, 18, 11, 13, 2, 15, 7, 12, 19, 8, 10, 5, 4, 20
0.9992750287055969, 0.6254944205284119, 0.983162522315979, 0.5596045851707458, 0.9850296378135681, 0.7396966218948364, 0.7841725945472717, 0.5868734121322632, 0.45007389783859253, 0.5015600323677063, 0.573197066783905, 0.48543545603752136, 0.6720773577690125, 0.5147964358329773, 0.5292848348617554, 0.8050096035003662, 0.26548945903778076, 0.2950475215911865, 0.35442256927490234, 0.47284579277038574, 0.47920137643814087, 0.4644664227962494, 0.3625144958496094, 0.7279342412948608, 0.8189785480499268, 0.37526485323905945, 0.9999880790710449, 0.39489731192588806, 0.6653844714164734, 0.9999998807907104, 1.0
6, 8, 20, 19, 16, 12, 17, 2, 1, 14, 13, 15, 10, 4, 11, 9, 5, 7, 3, 18
0.7886567115783691, 0.9812321662902832, 0.8098039627075195, 0.9927532076835632, 0.9178464412689209, 0.9602085947990417, 0.6925510168075562, 0.5713972449302673, 0.7332488298416138, 0.7392565608024597, 0.5082473754882812, 0.3047548830509186, 0.4922877550125122, 0.9529224634170532, 0.8524723052978516, 0.5144456028938293, 0.9668539762496948, 0.7247777581214905, 0.7696171998977661, 0.6996967196464539, 0.615556001663208, 0.8517014980316162, 0.6647039651870728, 0.3902583122253418, 0.9473739862442017, 0.3821590840816498, 0.6458669900894165, 0.39617496728897095, 0.5078058838844299, 0.9999997615814209, 0.9999991655349731
1, 2, 6, 13, 16, 18, 3, 4, 7, 9, 14, 11, 12, 15, 5, 8, 10, 17, 19, 20
0.9799947142601013, 0.9943483471870422, 0.39948374032974243, 0.7899671196937561, 0.9769601821899414, 0.8129883408546448, 0.8680456280708313, 0.41710948944091797, 0.8432360887527466, 0.7465305924415588, 0.7936797738075256, 0.3318175971508026, 0.6043617725372314, 0.9944127202033997, 0.45070186257362366, 0.9822365045547485, 0.36165180802345276, 0.9904864430427551, 0.766912043094635, 0.9757235050201416, 0.9461988210678101, 0.47179698944091797, 0.5339818596839905, 0.9999849796295166, 0.9429943561553955, 0.9999899864196777, 0.9920594692230225, 0.9994557499885559, 0.9999995231628418, 1.0, 1.0
4, 3, 6, 5, 17, 13, 10, 7, 1, 8, 19, 15, 9, 18, 12, 11, 16, 2, 20, 14
0.5041543245315552, 0.987130343914032, 0.4958382844924927, 0.9370272159576416, 0.6833420991897583, 0.3468557894229889, 0.621523916721344, 0.3554317355155945, 0.593224287033081, 0.6087145209312439, 0.34125104546546936, 0.48581963777542114, 0.48704466223716736, 0.792125940322876, 0.5854730010032654, 0.7277159094810486, 0.7064276337623596, 0.8919135928153992, 0.5698193311691284, 0.5948899388313293, 0.6513202786445618, 0.7751949429512024, 0.6583943963050842, 0.5860603451728821, 0.5428431034088135, 0.7460876107215881, 0.8499535322189331, 0.7606437802314758, 1.0, 1.0, 0.9999995231628418
1, 2, 3, 4, 5, 7, 11, 19, 12, 17, 10, 13, 14, 15, 6, 8, 9, 16, 18, 20
0.9953129291534424, 0.5731808543205261, 0.9348368644714355, 0.9966754913330078, 0.9805718660354614, 0.9991350769996643, 0.918545126914978, 0.5108590722084045, 0.998084306716919, 0.5708775520324707, 0.9910739064216614, 0.837744951248169, 0.9818263053894043, 0.5791407823562622, 0.8844159841537476, 0.8414873480796814, 0.9161226153373718, 0.9780529737472534, 0.8386412262916565, 0.8331077694892883, 0.8959435820579529, 0.9754805564880371, 0.790337324142456, 0.8072620630264282, 0.9900701642036438, 0.9886652231216431, 0.9098955988883972, 0.9987737536430359, 0.9999997615814209, 1.0, 0.9999998807907104
1, 2, 12, 15, 17, 5, 14, 3, 9, 10, 7, 11, 16, 18, 4, 6, 19, 8, 20, 13
0.9357798099517822, 0.6790845394134521, 0.9606252312660217, 0.9964963793754578, 0.6951210498809814, 0.7487022280693054, 0.7295323014259338, 0.9080487489700317, 0.43973031640052795, 0.7686500549316406, 0.9509848356246948, 0.4496980905532837, 0.43623778223991394, 0.8180040121078491, 0.9851336479187012, 0.6437633633613586, 0.6593216061592102, 0.6712939143180847, 0.7541439533233643, 0.5605840086936951, 0.8417636156082153, 0.9888051748275757, 0.39127451181411743, 0.6677674651145935, 0.6642085313796997, 0.9252206087112427, 0.8060591220855713, 0.6926404237747192, 1.0, 1.0, 1.0
10, 20, 14, 9, 5, 12, 17, 1, 7, 13, 11, 6, 3, 2, 15, 19, 16, 18, 4, 8
0.8420842289924622, 0.9432563781738281, 0.5916386842727661, 0.9995083808898926, 0.816632866859436, 0.942573070526123, 0.5953931212425232, 0.5995104312896729, 0.9456762671470642, 0.42966189980506897, 0.8230782747268677, 0.6548536419868469, 0.5750895738601685, 0.8246670961380005, 0.4467623233795166, 0.3958416283130646, 0.35787802934646606, 0.7107690572738647, 0.32273799180984497, 0.37114956974983215, 0.4155951738357544, 0.49859941005706787, 0.3818989098072052, 0.6957143545150757, 0.3835466504096985, 0.5969451665878296, 0.6405746936798096, 0.4206277132034302, 0.9999831914901733, 0.5850557088851929, 0.9999996423721313
6, 3, 4, 2, 9, 1, 10, 11, 12, 7, 8, 15, 18, 17, 14, 19, 5, 16, 20, 13
0.48017218708992004, 0.6320053935050964, 0.9963054656982422, 0.9474481344223022, 0.8027751445770264, 0.9587838649749756, 0.6348179578781128, 0.7755582332611084, 0.4891272783279419, 0.7775078415870667, 0.831343948841095, 0.9842472076416016, 0.5464597344398499, 0.6268213391304016, 0.48437607288360596, 0.34925153851509094, 0.8038177490234375, 0.7152979373931885, 0.4824685752391815, 0.34798339009284973, 0.5797293782234192, 0.41319724917411804, 0.470769464969635, 0.4810068905353546, 0.3768230676651001, 0.5117031335830688, 0.6583918929100037, 0.9902764558792114, 0.9999994039535522, 1.0, 0.9999998807907104
1, 2, 4, 6, 9, 14, 5, 7, 11, 17, 19, 3, 15, 18, 10, 12, 13, 8, 16, 20
0.919657289981842, 0.9997492432594299, 0.4647168219089508, 0.774182140827179, 0.9615918397903442, 0.8987020254135132, 0.948173999786377, 0.6367591023445129, 0.7985107898712158, 0.9170626997947693, 0.9736109972000122, 0.9682996273040771, 0.5003077983856201, 0.41429004073143005, 0.7382866144180298, 0.797558605670929, 0.7208187580108643, 0.42018353939056396, 0.6467041969299316, 0.46421149373054504, 0.6229432225227356, 0.5242424607276917, 0.8629903793334961, 0.6580490469932556, 0.9926480054855347, 0.9998890161514282, 0.8347460627555847, 0.9997084736824036, 0.9999995231628418, 0.9999998807907104, 1.0
18, 2, 3, 8, 10, 6, 16, 14, 15, 19, 1, 9, 7, 5, 20, 13, 12, 4, 17, 11
0.7093949913978577, 0.9870142936706543, 0.30875882506370544, 0.7577897906303406, 0.43245846033096313, 0.6553835272789001, 0.8862863183021545, 0.5188941359519958, 0.9494401812553406, 0.463217169046402, 0.9587708115577698, 0.7127760648727417, 0.8789408802986145, 0.868665337562561, 0.7655569314956665, 0.5917549133300781, 0.453708291053772, 0.34596073627471924, 0.42971599102020264, 0.5306683778762817, 0.8214600682258606, 0.9999995231628418, 0.8791378736495972, 0.462370365858078, 0.8244562149047852, 0.6182807087898254, 0.7634671926498413, 0.9999974966049194, 0.7956506013870239, 1.0, 1.0
10, 2, 3, 1, 16, 7, 6, 17, 19, 5, 4, 15, 14, 9, 8, 13, 11, 20, 18, 12
0.9881244897842407, 0.999754011631012, 0.9188334941864014, 0.8922615051269531, 0.4701869785785675, 0.7631288170814514, 0.9782267212867737, 0.609855592250824, 0.5869157910346985, 0.5405488014221191, 0.7556776404380798, 0.5324077606201172, 0.9899827837944031, 0.6145293712615967, 0.6020388007164001, 0.5561238527297974, 0.802776038646698, 0.5431187152862549, 0.9771999716758728, 0.4805038273334503, 0.8906655311584473, 0.6370258331298828, 0.8675616383552551, 0.6150806546211243, 0.7097951173782349, 0.6370129585266113, 0.9999997615814209, 0.9999847412109375, 0.7248522043228149, 1.0, 0.9999995231628418
8, 3, 4, 5, 1, 2, 7, 6, 20, 12, 17, 11, 10, 13, 16, 19, 15, 18, 9, 14
0.9544904232025146, 0.4556146264076233, 0.5303370952606201, 0.8865814805030823, 0.438626766204834, 0.6370177865028381, 0.5245923399925232, 0.573474645614624, 0.5582334995269775, 1.0, 0.9997784495353699, 0.4800510108470917, 0.9992058873176575, 0.5674928426742554, 0.9991313815116882, 0.6800153851509094, 0.9928556680679321, 0.6809280514717102, 0.9683636426925659, 0.4489774703979492, 0.973635733127594, 0.52288818359375, 0.9871761202812195, 0.693296492099762, 0.9763083457946777, 0.43818360567092896, 0.9805777072906494, 0.8705775737762451, 0.5312068462371826, 1.0, 0.9999994039535522
11, 3, 8, 1, 2, 16, 6, 7, 13, 10, 9, 15, 14, 4, 5, 17, 19, 18, 20, 12
0.9304370284080505, 0.6524913907051086, 0.4926453232765198, 0.8717554211616516, 0.385104238986969, 0.7162735462188721, 0.4620576798915863, 0.6163164973258972, 0.48554518818855286, 0.5408557057380676, 0.9314767718315125, 0.564235508441925, 0.48933157324790955, 0.6352804899215698, 0.9363564848899841, 0.8670812845230103, 0.5864717364311218, 0.8053783774375916, 0.7131097316741943, 0.4673556089401245, 0.9106296896934509, 0.9982932209968567, 0.6279730796813965, 0.971549391746521, 0.9030699729919434, 0.8006502985954285, 0.8375343680381775, 0.727966845035553, 0.9999998807907104, 1.0, 0.9999997615814209
5, 6, 7, 8, 11, 2, 9, 3, 1, 17, 19, 20, 12, 14, 16, 13, 18, 4, 10, 15
0.4974779784679413, 0.9994891881942749, 0.5932378768920898, 0.737166166305542, 0.9871883392333984, 0.9986950755119324, 0.9723177552223206, 0.3627732992172241, 0.3599713146686554, 0.7708165049552917, 0.5781651139259338, 0.4624224603176117, 0.7252550721168518, 0.5687492489814758, 0.44882458448410034, 0.9999994039535522, 0.7904740571975708, 0.41662150621414185, 0.7745649814605713, 0.6406483054161072, 0.8006815910339355, 0.39695248007774353, 0.8175709843635559, 0.766334593296051, 0.5660097599029541, 0.6009535789489746, 0.5850796103477478, 0.9999779462814331, 0.527305543422699, 0.9999997615814209, 0.9999980926513672
7, 1, 3, 5, 2, 9, 4, 10, 14, 15, 16, 18, 20, 8, 13, 19, 6, 11, 12, 17
0.9986031651496887, 0.36770695447921753, 0.562420666217804, 0.4713895916938782, 0.4060210585594177, 0.6255992650985718, 0.7169017791748047, 0.6625028252601624, 0.9768581390380859, 0.9338083863258362, 0.4184018075466156, 0.9926846027374268, 0.9671937823295593, 0.9816283583641052, 0.7993241548538208, 0.816126823425293, 0.8985525369644165, 0.34914132952690125, 0.9999996423721313, 0.8568080067634583, 0.6991428732872009, 0.4628989100456238, 0.6113318800926208, 0.5443265438079834, 0.600142240524292, 0.9999961853027344, 0.9376336336135864, 0.9999990463256836, 0.9964610934257507, 0.9999997615814209, 0.9999996423721313
1, 2, 3, 4, 6, 8, 5, 12, 20, 9, 10, 13, 14, 11, 7, 15, 16, 17, 18, 19
0.6984325051307678, 0.9922877550125122, 0.9999434947967529, 0.9702861309051514, 0.7166239619255066, 0.9848124980926514, 0.9464142322540283, 0.9938408136367798, 0.9757426381111145, 0.7741277813911438, 0.9999996423721313, 0.5432077050209045, 0.9930938482284546, 0.7853634357452393, 0.9706869721412659, 0.7149125337600708, 0.8872003555297852, 0.5021081566810608, 0.5195142030715942, 0.866472601890564, 0.6548843383789062, 0.9999991655349731, 0.8669716715812683, 0.9999980926513672, 0.8276311159133911, 0.9999980926513672, 0.9917343854904175, 0.9999986886978149, 0.9998658895492554, 1.0, 1.0
2, 4, 10, 11, 1, 3, 6, 5, 15, 9, 16, 7, 17, 14, 13, 12, 19, 20, 8, 18
0.9520151019096375, 0.9965910911560059, 0.9912236928939819, 0.8800776600837708, 0.9668572545051575, 0.6614624857902527, 0.43697914481163025, 0.6557540893554688, 0.8667082190513611, 0.5446569323539734, 0.763671338558197, 0.9439444541931152, 0.538632869720459, 0.826970100402832, 0.9619192481040955, 0.7608984708786011, 0.8220025897026062, 0.6642029881477356, 0.9120342135429382, 0.8354496359825134, 0.5875904560089111, 0.36148691177368164, 0.5908989310264587, 0.5765324831008911, 0.5731844902038574, 0.9488994479179382, 0.8704781532287598, 1.0, 0.6442176103591919, 0.9999998807907104, 0.9999992847442627
14, 11, 7, 20, 4, 5, 6, 8, 10, 1, 12, 17, 19, 15, 9, 3, 18, 2, 13, 16
0.9906777143478394, 0.9662217497825623, 0.8698466420173645, 0.9346515536308289, 0.7704210877418518, 0.4310123920440674, 0.98696368932724, 0.49508848786354065, 0.5579806566238403, 0.7918122410774231, 0.5462984442710876, 0.9865259528160095, 0.7680043578147888, 0.8365230560302734, 0.5281088352203369, 0.8627678155899048, 0.9758230447769165, 0.8498257398605347, 0.8543455600738525, 0.9147066473960876, 0.37089207768440247, 0.4543269872665405, 0.47765642404556274, 0.5182930827140808, 0.6757429838180542, 0.5187000632286072, 0.833238959312439, 0.9999579191207886, 0.569840669631958, 0.9999998807907104, 0.9999995231628418
1, 11, 4, 6, 10, 14, 12, 17, 13, 19, 20, 9, 2, 3, 5, 18, 16, 7, 8, 15
0.998201847076416, 0.8101106882095337, 0.9927201271057129, 0.4501437544822693, 0.86003178358078, 0.7779402136802673, 0.7106502652168274, 0.8216399550437927, 0.5441579222679138, 0.8055508732795715, 0.6793822050094604, 0.8106440901756287, 0.455398291349411, 0.6321035027503967, 0.6433376669883728, 0.34025952219963074, 0.9113011360168457, 0.8106988072395325, 0.9449713230133057, 0.47705236077308655, 0.3584751784801483, 0.9591349959373474, 0.6730788946151733, 0.9793304800987244, 0.565830647945404, 0.804629921913147, 0.9518526792526245, 0.6221939921379089, 0.8354792594909668, 1.0, 0.9999997615814209
12, 11, 7, 13, 1, 19, 14, 10, 4, 3, 9, 6, 16, 18, 20, 15, 8, 5, 2, 17
0.8491121530532837, 0.7261690497398376, 0.5183684825897217, 0.8558292388916016, 0.5709177255630493, 0.9864641427993774, 0.4406658113002777, 0.9918558597564697, 0.9747126698493958, 0.4293975234031677, 0.7640368342399597, 0.3516440689563751, 0.3702313005924225, 0.39908596873283386, 0.49107545614242554, 0.6139616966247559, 0.3170507848262787, 0.3821013271808624, 0.4548338055610657, 0.31834787130355835, 0.6254962682723999, 0.480151504278183, 0.8988054394721985, 0.978974461555481, 0.661227822303772, 0.6001545786857605, 0.5905131101608276, 0.6110889911651611, 0.5506054759025574, 1.0, 0.9999949932098389
1, 3, 16, 9, 15, 10, 11, 7, 19, 2, 5, 12, 6, 14, 13, 18, 4, 17, 8, 20
0.8702272772789001, 0.9889587163925171, 0.6082010865211487, 0.9716773629188538, 0.5859407782554626, 0.7853931188583374, 0.43660491704940796, 0.7701185345649719, 0.5415140986442566, 0.5685142278671265, 0.8774932026863098, 0.6328507661819458, 0.5245486497879028, 0.7294495105743408, 0.42196616530418396, 0.9712975025177002, 0.8643216490745544, 0.9609197974205017, 0.5000757575035095, 0.9027564525604248, 0.9254714250564575, 0.7077459692955017, 0.40322238206863403, 0.9030993580818176, 0.990724503993988, 0.7147067189216614, 0.5264212489128113, 0.9999974966049194, 0.9343879818916321, 1.0, 1.0
16, 12, 14, 6, 11, 2, 19, 18, 17, 8, 9, 7, 13, 10, 4, 15, 3, 5, 20, 1
0.9757930636405945, 0.6448062658309937, 0.9529005289077759, 0.5958018898963928, 0.8736352324485779, 0.8385332822799683, 0.638018012046814, 0.5401970148086548, 0.8467801213264465, 0.6717367172241211, 0.9369643330574036, 0.5166864991188049, 0.8400570154190063, 0.8968313336372375, 0.6876771450042725, 0.7096916437149048, 0.5028104782104492, 0.5571420192718506, 0.3260897696018219, 0.9424644112586975, 0.569930911064148, 0.6936587691307068, 0.7630544900894165, 0.5412675738334656, 0.5060519576072693, 0.9802707433700562, 0.5769956111907959, 0.7686737179756165, 0.7401713132858276, 0.9999998807907104, 1.0
2, 4, 3, 18, 15, 5, 13, 12, 16, 17, 19, 1, 6, 14, 9, 10, 11, 7, 8, 20
0.9823970794677734, 0.9498386383056641, 0.7205671668052673, 0.5723716616630554, 0.8268728256225586, 0.6643326878547668, 0.8648410439491272, 0.5303555727005005, 0.8832904100418091, 0.5713143348693848, 0.9509245753288269, 0.6995346546173096, 0.9477598071098328, 0.7151203155517578, 0.9707956314086914, 0.963601291179657, 0.7557645440101624, 0.45172587037086487, 0.6535309553146362, 0.46908435225486755, 0.8494360446929932, 0.9832361340522766, 0.5531606674194336, 0.5861776471138, 0.7025260329246521, 0.503251850605011, 0.9999938011169434, 0.5760377645492554, 0.535094141960144, 1.0, 1.0
1, 2, 3, 5, 7, 8, 9, 10, 12, 19, 20, 11, 13, 14, 15, 4, 16, 17, 18, 6
0.9997077584266663, 0.9987517595291138, 0.696293294429779, 0.9965420365333557, 0.5961092114448547, 0.9942237734794617, 0.9967741370201111, 0.9999822378158569, 0.5401723980903625, 0.9999651908874512, 0.9375150203704834, 0.9937908053398132, 0.9290028810501099, 0.7122470140457153, 0.9999994039535522, 0.9525132775306702, 0.5712524056434631, 0.9879271388053894, 0.9726513028144836, 0.96837317943573, 0.5291539430618286, 0.9532645344734192, 0.9588123559951782, 0.6187403202056885, 0.9399120807647705, 0.7307924032211304, 0.9991825222969055, 0.9986953139305115, 0.9511420726776123, 0.9999998807907104, 0.9999837875366211
11, 8, 15, 1, 5, 2, 12, 4, 6, 20, 19, 7, 13, 3, 17, 16, 10, 9, 14, 18
0.8984465003013611, 0.9544141292572021, 0.9925442934036255, 0.963749885559082, 0.568284273147583, 0.692246675491333, 0.6453409194946289, 0.7401928305625916, 0.5900081396102905, 0.5496307015419006, 0.45558008551597595, 0.3658437728881836, 0.473455548286438, 1.0, 0.5504624843597412, 0.6364121437072754, 0.607860267162323, 0.9147527813911438, 0.9947133660316467, 0.8649276494979858, 0.9472028017044067, 0.8725414276123047, 0.6333961486816406, 0.466738760471344, 0.6859408617019653, 0.5661235451698303, 0.695946216583252, 0.9999909400939941, 0.6113609075546265, 1.0, 0.9999990463256836
2, 1, 6, 16, 14, 12, 3, 10, 20, 5, 7, 11, 9, 19, 4, 18, 17, 8, 13, 15
0.9342681765556335, 0.9304198026657104, 0.796805739402771, 0.8780080080032349, 0.7432306408882141, 0.7139877676963806, 0.6534184217453003, 0.5700770616531372, 0.5310457348823547, 0.5512814521789551, 0.617804229259491, 0.9997456669807434, 0.8995622992515564, 0.9999994039535522, 0.8497301936149597, 0.9404577016830444, 0.49013784527778625, 0.9539094567298889, 0.43805474042892456, 0.869539201259613, 0.92912757396698, 0.8421456813812256, 0.9465796947479248, 0.5852033495903015, 0.8932852745056152, 0.8895223736763, 0.562160849571228, 0.9999988079071045, 0.6076604723930359, 1.0, 0.9999995231628418
16, 13, 19, 1, 10, 4, 2, 11, 5, 3, 15, 18, 14, 7, 6, 20, 9, 8, 17, 12
0.9628807902336121, 0.6444936394691467, 0.9684768915176392, 0.8961725831031799, 0.738108217716217, 0.4055587351322174, 0.7720409035682678, 0.692631185054779, 0.9231734871864319, 0.6614891886711121, 0.9289906620979309, 0.826887309551239, 0.9171945452690125, 0.5693764090538025, 0.6104219555854797, 0.930719256401062, 0.90464848279953, 0.667012631893158, 0.508920431137085, 0.7050555944442749, 0.7785021066665649, 0.5342587828636169, 0.438100129365921, 0.41778653860092163, 0.9999996423721313, 0.48295456171035767, 0.7519768476486206, 0.9999947547912598, 0.8976764678955078, 0.9999998807907104, 0.9999996423721313
1, 3, 4, 6, 7, 10, 2, 5, 12, 13, 18, 8, 11, 14, 15, 16, 17, 19, 20, 9
0.9994853734970093, 0.9894200563430786, 0.9994732737541199, 0.5728024840354919, 0.9293232560157776, 0.8928344249725342, 0.9974880218505859, 0.9137539863586426, 0.9004598259925842, 0.9122617244720459, 0.992529571056366, 0.9943873286247253, 0.9959463477134705, 0.503799319267273, 0.9588788747787476, 0.8442738056182861, 0.6892904043197632, 0.9367968440055847, 0.9946070313453674, 0.9904353618621826, 0.9935510158538818, 0.7921687960624695, 0.999401330947876, 0.9283991456031799, 0.9996840953826904, 0.9999595880508423, 0.6039120554924011, 0.9999979734420776, 0.5698474645614624, 1.0, 1.0
9, 10, 15, 2, 16, 1, 8, 12, 17, 3, 18, 13, 11, 14, 19, 7, 6, 4, 5, 20
0.7547906637191772, 0.6223535537719727, 0.8108060956001282, 0.6275263428688049, 0.6686276793479919, 0.37930554151535034, 0.8692880272865295, 0.8136193156242371, 0.5071550011634827, 0.44993892312049866, 0.7432703971862793, 0.45913079380989075, 0.5011515021324158, 0.8539460301399231, 0.6139379739761353, 0.8191065788269043, 0.9013401865959167, 0.9895652532577515, 0.7879287600517273, 0.9648783802986145, 0.9458092451095581, 0.6177016496658325, 0.7548760175704956, 0.39339765906333923, 0.9999942779541016, 0.38553479313850403, 0.4622717499732971, 0.7495534420013428, 0.5389708876609802, 1.0, 1.0
18, 14, 19, 2, 5, 4, 6, 8, 11, 10, 7, 3, 13, 1, 12, 17, 16, 20, 9, 15
0.6166397929191589, 0.8930484652519226, 0.931143045425415, 0.5492133498191833, 0.9473281502723694, 0.9945755004882812, 0.3442540466785431, 0.839601993560791, 0.7054778337478638, 0.5195755362510681, 0.47056272625923157, 0.6774771809577942, 0.8990172743797302, 0.47869810461997986, 0.9694780707359314, 0.5609603524208069, 0.745659589767456, 0.9368194341659546, 0.7463953495025635, 0.9327181577682495, 0.8801395297050476, 0.4203804135322571, 0.8846821784973145, 0.6329745650291443, 0.7383824586868286, 0.9324113130569458, 0.6180662512779236, 0.9999998807907104, 0.7154138684272766, 0.9999982118606567, 0.9999996423721313
1, 2, 3, 4, 5, 6, 7, 13, 16, 17, 15, 14, 11, 12, 18, 20, 19, 8, 9, 10
0.5924084186553955, 0.9962322115898132, 0.999993085861206, 0.9838444590568542, 0.9854385852813721, 0.9999397993087769, 0.9999955892562866, 0.9895332455635071, 0.9984248876571655, 0.8534891605377197, 0.447179913520813, 0.9999731779098511, 0.9576146006584167, 0.9978255033493042, 0.8582906723022461, 0.9990894794464111, 0.4388999044895172, 0.9732019901275635, 0.7346553802490234, 0.9965441823005676, 0.9804156422615051, 0.899706244468689, 0.9866002202033997, 0.5734270811080933, 0.9999991655349731, 0.5518671274185181, 0.9972296357154846, 0.9626109600067139, 0.999997615814209, 1.0, 1.0
1, 2, 4, 6, 9, 10, 11, 12, 15, 16, 5, 7, 8, 13, 14, 17, 18, 19, 3, 20
0.5460705757141113, 0.7182536721229553, 0.9937343001365662, 0.9910968542098999, 0.5506955981254578, 0.998382568359375, 0.9459380507469177, 0.997010350227356, 0.9372731447219849, 0.9960467219352722, 0.9925699830055237, 0.9938178658485413, 0.6427963376045227, 0.6050989031791687, 0.6315320730209351, 0.6499979496002197, 0.9982490539550781, 0.9511821866035461, 0.9882529377937317, 0.9922269582748413, 0.9999521970748901, 0.9986924529075623, 0.9706705808639526, 0.9952633380889893, 0.9986262321472168, 0.9511414170265198, 0.9668728113174438, 0.9999997615814209, 0.9324527382850647, 0.9999990463256836, 0.9999998807907104
11, 3, 2, 9, 13, 5, 14, 1, 6, 4, 8, 15, 19, 17, 18, 12, 20, 7, 10, 16
0.8478865623474121, 0.9881550073623657, 0.4977976977825165, 0.9496301412582397, 0.6901618242263794, 0.7941227555274963, 0.7920764088630676, 0.3524307608604431, 0.3871683180332184, 0.6930187344551086, 0.3227720856666565, 0.33070260286331177, 0.43967944383621216, 0.581764817237854, 0.920024037361145, 0.6461711525917053, 0.48455312848091125, 0.43103528022766113, 0.4707043170928955, 0.4018937945365906, 0.9291238784790039, 0.8591799139976501, 0.4909961223602295, 0.7440189123153687, 0.4792933166027069, 0.9999994039535522, 0.6224424242973328, 0.9999792575836182, 0.7279586791992188, 0.9999998807907104, 0.9999982118606567
1, 2, 7, 9, 16, 20, 3, 13, 14, 10, 11, 15, 4, 5, 6, 8, 12, 17, 18, 19
0.7339887022972107, 0.6670829653739929, 0.9206613898277283, 0.9937418103218079, 0.7805479168891907, 0.4659422039985657, 0.5867835879325867, 0.999998927116394, 0.516931414604187, 0.9617955684661865, 0.5297754406929016, 0.9977787137031555, 0.981644868850708, 0.8460526466369629, 0.29845187067985535, 0.8606489896774292, 0.7117165923118591, 0.7847926020622253, 0.9347313046455383, 0.5637994408607483, 0.7607467770576477, 0.9957581162452698, 0.968852162361145, 0.9999960660934448, 0.9983041286468506, 0.9999998807907104, 0.9992671608924866, 0.9999997615814209, 0.9999964237213135, 1.0, 1.0
3, 2, 1, 4, 5, 8, 18, 19, 17, 10, 12, 6, 16, 11, 15, 7, 14, 20, 9, 13
0.9762815237045288, 0.9129413366317749, 0.9940868616104126, 0.9831134080886841, 0.9970159530639648, 0.5935654044151306, 0.9373049139976501, 0.742794930934906, 0.9349764585494995, 0.6017590165138245, 0.9019019603729248, 0.5337151288986206, 0.8781575560569763, 0.5926498770713806, 0.9547215104103088, 0.9701224565505981, 0.5904282927513123, 0.5656495094299316, 0.5711511373519897, 0.4356588125228882, 0.48622965812683105, 0.7489125728607178, 0.8974311947822571, 0.6994513869285583, 0.7141392230987549, 0.8596545457839966, 0.4483143985271454, 0.9999994039535522, 0.6406285762786865, 1.0, 0.9999998807907104
18, 1, 2, 20, 13, 12, 11, 3, 6, 7, 16, 10, 4, 14, 15, 5, 9, 17, 8, 19
0.9974282383918762, 0.6705638766288757, 0.9702306985855103, 0.7878261804580688, 0.5337117314338684, 0.9999990463256836, 0.8308275938034058, 0.41974592208862305, 0.9398353099822998, 0.525594174861908, 0.8556354641914368, 0.8260908126831055, 0.7269853353500366, 0.3386737108230591, 0.6728571653366089, 0.6167446374893188, 0.541877031326294, 0.6813931465148926, 0.9091836810112, 0.6219478249549866, 0.5751352310180664, 0.9952133893966675, 0.36187833547592163, 0.9313612580299377, 0.32658329606056213, 0.5118335485458374, 0.5038958191871643, 0.5774781107902527, 0.658410370349884, 1.0, 0.9999990463256836
1, 15, 17, 18, 9, 19, 16, 5, 20, 4, 13, 7, 3, 12, 14, 8, 11, 10, 6, 2
0.597892165184021, 0.7884073257446289, 0.5227233171463013, 0.5547913312911987, 0.7195835709571838, 0.8037150502204895, 0.9535420536994934, 0.5799721479415894, 0.7281723618507385, 0.514793336391449, 0.3510037362575531, 0.9969611763954163, 0.4024372100830078, 0.5712798833847046, 0.9740310907363892, 0.7942397594451904, 0.3300444185733795, 0.35236167907714844, 0.36687812209129333, 0.38017281889915466, 0.4491623342037201, 0.40334054827690125, 0.40662673115730286, 0.6003121733665466, 0.40764251351356506, 0.5423112511634827, 0.5156146883964539, 0.5218818187713623, 0.9999827146530151, 0.6224465370178223, 0.9999979734420776
1, 2, 3, 6, 8, 12, 15, 17, 18, 20, 7, 9, 11, 14, 16, 4, 5, 13, 19, 10
0.9840917587280273, 0.9123588800430298, 0.9145528674125671, 0.9447475075721741, 0.9983575940132141, 0.9159448742866516, 0.9767922759056091, 0.9988995790481567, 0.978200376033783, 0.9966577291488647, 0.6332181692123413, 0.9378777146339417, 0.9975177049636841, 0.8510770797729492, 0.9999995231628418, 0.6611331701278687, 0.47174757719039917, 0.9983978867530823, 0.9108319878578186, 0.9951022863388062, 0.6775525808334351, 0.7831053733825684, 0.5742195844650269, 0.5870682597160339, 0.9967758059501648, 0.9998413324356079, 0.5871562361717224, 0.9999998807907104, 0.9850425720214844, 0.9999994039535522, 1.0
11, 10, 9, 1, 2, 18, 14, 16, 19, 5, 8, 13, 7, 6, 4, 12, 17, 3, 20, 15
0.9723798036575317, 0.47806665301322937, 0.9366713166236877, 0.9852677583694458, 0.9468496441841125, 0.9287447929382324, 0.9604116678237915, 0.7014217972755432, 0.31449323892593384, 0.9715364575386047, 0.7686673998832703, 0.7996079921722412, 0.43351316452026367, 0.6602221727371216, 0.7103288173675537, 0.5824158191680908, 0.737738847732544, 0.8781678676605225, 0.9875912666320801, 0.6914744973182678, 0.4285109341144562, 0.7078586220741272, 0.9672475457191467, 0.8009188175201416, 0.6044338345527649, 0.5621533989906311, 0.4358786642551422, 0.695953369140625, 0.9999998807907104, 1.0, 0.9999996423721313
1, 17, 4, 6, 9, 12, 11, 16, 5, 20, 14, 15, 7, 19, 13, 3, 18, 8, 2, 10
0.982871413230896, 0.4970156252384186, 0.9821500182151794, 0.9646193981170654, 0.6439399719238281, 0.6924945712089539, 0.7639113068580627, 0.592684805393219, 0.7891208529472351, 0.5806689858436584, 0.4737735986709595, 0.5960279107093811, 0.3854672610759735, 0.5041030049324036, 0.9262955188751221, 0.586405873298645, 0.5634636282920837, 0.7544804215431213, 0.574661910533905, 0.3770754933357239, 0.5446256995201111, 0.6401336193084717, 0.5061401128768921, 0.6070752739906311, 0.48089906573295593, 0.4842742383480072, 0.5774582028388977, 0.5758158564567566, 0.8705920577049255, 0.9999996423721313, 0.9999996423721313
1, 3, 10, 12, 17, 14, 13, 11, 8, 18, 4, 5, 6, 20, 15, 16, 2, 9, 7, 19
0.7896727323532104, 0.2886698544025421, 0.7832180857658386, 0.4346258342266083, 0.8121839761734009, 0.7375984191894531, 0.6618454456329346, 0.4391827881336212, 0.6480152010917664, 0.7059467434883118, 0.44957494735717773, 0.5051592588424683, 0.5724663138389587, 0.7544138431549072, 0.22245794534683228, 0.31241899728775024, 0.3500785827636719, 0.24031035602092743, 0.28967323899269104, 0.3848738372325897, 0.474834680557251, 0.7955635190010071, 0.5548638105392456, 0.3975074589252472, 0.47037428617477417, 0.6297538876533508, 0.6469268798828125, 0.6710591912269592, 0.5736683011054993, 1.0, 0.9999996423721313
1, 4, 17, 8, 10, 9, 12, 5, 20, 11, 19, 18, 13, 14, 2, 6, 3, 15, 7, 16
0.8981018662452698, 0.9219033718109131, 0.4333627223968506, 0.5128094553947449, 0.6189349293708801, 0.8588730692863464, 0.9851183891296387, 0.6830798387527466, 0.5117129683494568, 0.9713507890701294, 0.6948720812797546, 0.5268697142601013, 0.8670287728309631, 0.7769216299057007, 0.5999446511268616, 0.6702395677566528, 0.5600219368934631, 0.5656780004501343, 0.37715262174606323, 0.3865927755832672, 0.48892974853515625, 0.37942203879356384, 0.7158182859420776, 0.47884052991867065, 0.38668176531791687, 0.3981863260269165, 0.5621657967567444, 0.6926244497299194, 0.9032686352729797, 1.0, 0.999998927116394
1, 2, 15, 4, 9, 5, 13, 20, 12, 19, 8, 3, 7, 10, 6, 17, 11, 14, 16, 18
0.8137839436531067, 0.9934614896774292, 0.43036317825317383, 0.9986376166343689, 0.3747899532318115, 0.6542203426361084, 0.5968794226646423, 0.6289562582969666, 0.5082654356956482, 0.3363519012928009, 0.9999983310699463, 0.9793241620063782, 0.8604093194007874, 0.5376637578010559, 0.7842853665351868, 0.9345034956932068, 0.444213330745697, 0.9452462792396545, 0.499983549118042, 0.4285201132297516, 0.8221511244773865, 0.9999961853027344, 0.8001947402954102, 0.9999971389770508, 0.5459818840026855, 0.9999967813491821, 0.8116571307182312, 0.9999986886978149, 0.6992325782775879, 1.0, 0.9999988079071045
18, 2, 12, 3, 14, 15, 7, 4, 8, 11, 19, 20, 10, 16, 17, 9, 1, 5, 6, 13
0.6984289884567261, 0.9890991449356079, 0.6027035117149353, 0.4715397357940674, 0.927243709564209, 0.4747840464115143, 0.5352995991706848, 0.7525162696838379, 0.6659767627716064, 0.9380300045013428, 0.7743656039237976, 0.45385199785232544, 0.46750256419181824, 0.675517201423645, 0.49317842721939087, 0.5602152347564697, 0.9873104095458984, 0.9597703814506531, 0.9999996423721313, 0.8105451464653015, 0.47703272104263306, 0.6350777745246887, 0.4384945333003998, 0.5191580653190613, 0.7036809921264648, 0.4169985055923462, 0.5101346969604492, 0.6490352749824524, 0.7153834700584412, 0.9999992847442627, 0.9999985694885254
1, 3, 5, 19, 8, 15, 13, 14, 9, 7, 11, 4, 17, 2, 10, 12, 20, 6, 18, 16
0.9253909587860107, 0.8004516363143921, 0.6220645904541016, 0.956520676612854, 0.998619556427002, 0.9388447403907776, 0.4768209457397461, 0.5258826613426208, 0.8735214471817017, 0.5719557404518127, 0.5984106063842773, 0.9269759654998779, 0.5539937019348145, 0.8632814884185791, 0.43202126026153564, 0.9286760091781616, 0.5678362250328064, 0.5023666024208069, 0.9331191778182983, 0.644778847694397, 0.8376075029373169, 0.8461887836456299, 0.44066911935806274, 0.5133793950080872, 0.40897977352142334, 0.9999998807907104, 0.6477799415588379, 0.9999977350234985, 0.7057555913925171, 0.9999998807907104, 0.9999994039535522
1, 2, 3, 7, 10, 11, 12, 13, 15, 16, 17, 18, 19, 20, 6, 8, 5, 4, 9, 14
0.9981027245521545, 0.9831787347793579, 0.9929938912391663, 0.9856218695640564, 0.502953052520752, 0.9179338216781616, 0.9600948691368103, 0.42117637395858765, 0.9349676966667175, 0.5812434554100037, 0.9999788999557495, 0.9986650943756104, 0.9984728693962097, 0.8721378445625305, 0.9962095022201538, 0.5134899020195007, 0.9989005327224731, 0.9010814428329468, 0.9928324222564697, 0.9053806662559509, 0.7672293782234192, 0.8705454468727112, 0.4277515411376953, 0.9999986886978149, 0.41258618235588074, 0.9651265740394592, 0.6116759181022644, 0.38313552737236023, 0.7956578731536865, 1.0, 1.0
1, 3, 5, 2, 7, 17, 6, 4, 12, 18, 13, 16, 15, 20, 14, 8, 10, 9, 11, 19
0.965273380279541, 0.6432468891143799, 0.920159637928009, 0.9264028072357178, 0.8972744345664978, 0.5764879584312439, 0.9980776309967041, 0.7557826638221741, 0.776678740978241, 0.6943101286888123, 0.7873035669326782, 0.6174408197402954, 0.5940415263175964, 0.9480004906654358, 0.8800179362297058, 0.851285994052887, 0.5875797271728516, 0.4985651671886444, 0.5361132025718689, 0.561400294303894, 0.9999985694885254, 0.7879370450973511, 0.5374602675437927, 0.47321808338165283, 0.6791726350784302, 0.7709212899208069, 0.5736750364303589, 0.9999992847442627, 0.8887473344802856, 1.0, 1.0
5, 14, 8, 11, 4, 6, 2, 1, 7, 19, 20, 12, 17, 15, 16, 18, 3, 13, 9, 10
0.5934696793556213, 0.9169156551361084, 0.9981049299240112, 0.9551423192024231, 0.7899062633514404, 0.9972944855690002, 0.5222511887550354, 0.9489607214927673, 0.7306927442550659, 0.5462976694107056, 0.5187345743179321, 0.5111178755760193, 0.37733739614486694, 0.7521340847015381, 0.9999996423721313, 0.9682189226150513, 0.3113481402397156, 0.9388769268989563, 0.2535272240638733, 0.6131828427314758, 0.49135345220565796, 0.5908604860305786, 0.6961657404899597, 0.6875936985015869, 0.8900235295295715, 0.6223766207695007, 0.5544561147689819, 0.6618848443031311, 0.6076356172561646, 0.9999983310699463, 0.9999995231628418
1, 2, 4, 5, 6, 7, 8, 9, 10, 13, 3, 12, 14, 15, 17, 18, 19, 11, 16, 20
0.9967052340507507, 0.7298247218132019, 0.7881043553352356, 0.9807348847389221, 0.46712514758110046, 0.9951843619346619, 0.9834544658660889, 0.9844655394554138, 0.7401295304298401, 0.918217658996582, 0.5888598561286926, 0.7916348576545715, 0.6859241127967834, 0.9999902248382568, 0.32344019412994385, 0.9999715089797974, 0.7681789398193359, 0.9999768733978271, 0.932529866695404, 0.9986532926559448, 0.806136965751648, 0.9930954575538635, 0.854842483997345, 0.9981610178947449, 0.6680781841278076, 0.9936099648475647, 0.8266949653625488, 0.9959926009178162, 0.9999970197677612, 1.0, 0.9999995231628418
