2, 1, 6, 12, 15, 20, 8, 10, 4, 9, 19, 16, 18, 3, 14, 17, 5, 13, 7, 11
0.7837815880775452, 0.7698426842689514, 0.6692278385162354, 0.44875770807266235, 0.8820772171020508, 0.6480757594108582, 0.9223942160606384, 0.390499472618103, 0.999998927116394, 0.6097357869148254, 0.7727481126785278, 0.5306802988052368, 0.5388275980949402, 0.6259282231330872, 0.7450019121170044, 0.7042072415351868, 0.8976606130599976, 0.5872524976730347, 0.9247697591781616, 0.7721487879753113, 0.6996361017227173, 0.8240657448768616, 0.6846991181373596, 0.885971188545227, 0.9919227957725525, 0.9395932555198669, 0.9999250173568726, 0.9999070167541504, 0.5850960612297058, 0.9999901056289673, 0.9999940395355225
5, 8, 11, 9, 7, 1, 3, 4, 2, 13, 6, 18, 12, 15, 14, 17, 16, 10, 20, 19
0.9547549486160278, 0.42749905586242676, 0.9183475375175476, 0.9934152364730835, 0.7054699659347534, 0.45107463002204895, 0.7930015325546265, 0.409950852394104, 0.6983482837677002, 0.7654046416282654, 0.4999392032623291, 0.9790263175964355, 0.658299446105957, 0.9998519420623779, 0.7474216818809509, 0.9997983574867249, 0.676455020904541, 0.9998072981834412, 0.8656961917877197, 0.9994365572929382, 0.7124884724617004, 0.9970254302024841, 0.6117953062057495, 0.987917959690094, 0.8648937344551086, 0.6039117574691772, 0.9969461560249329, 0.9719484448432922, 0.9999911785125732, 0.9999672174453735, 0.9999030828475952
1, 2, 3, 6, 12, 7, 5, 8, 9, 14, 16, 19, 13, 15, 17, 18, 20, 4, 10, 11
0.9379869699478149, 0.9943374991416931, 0.8110108375549316, 0.9572110176086426, 0.9560708999633789, 0.9988247752189636, 0.5198478102684021, 0.7847644686698914, 0.9803248047828674, 0.9912703037261963, 0.9996238946914673, 0.9998230338096619, 0.7960952520370483, 0.5146978497505188, 0.6355530619621277, 0.48323696851730347, 0.5177680253982544, 0.8094127178192139, 0.995744526386261, 0.9969944953918457, 0.5719499588012695, 0.8215828537940979, 0.9797317385673523, 0.9992794394493103, 0.8325052857398987, 0.9999995231628418, 0.9086111783981323, 0.9999921321868896, 0.9148973822593689, 0.9999910593032837, 0.9999979734420776
1, 10, 11, 14, 13, 5, 8, 17, 9, 12, 15, 2, 18, 16, 20, 19, 4, 6, 3, 7
0.9921526312828064, 0.594261884689331, 0.6334410309791565, 0.7321487069129944, 0.40031516551971436, 0.8003863096237183, 0.6275887489318848, 0.4631448984146118, 0.6006708145141602, 0.39964088797569275, 0.7514370083808899, 0.8928324580192566, 0.978679895401001, 0.554444432258606, 0.6194041967391968, 0.8488691449165344, 0.8239346742630005, 0.9840013980865479, 0.365709125995636, 0.9074551463127136, 0.9794583320617676, 0.401481956243515, 0.8151698708534241, 0.9943392872810364, 0.9999996423721313, 0.5392274260520935, 0.9999960660934448, 0.5967628359794617, 0.5394118428230286, 0.6789171099662781, 0.9669099450111389
1, 2, 3, 4, 6, 8, 17, 19, 18, 11, 7, 9, 16, 12, 14, 13, 5, 15, 10, 20
0.9950125813484192, 0.8330432176589966, 0.9974473714828491, 0.9508644342422485, 0.41700729727745056, 0.8622133135795593, 0.8838467597961426, 0.6738899946212769, 0.9784456491470337, 0.601413905620575, 0.7220777273178101, 0.5722146034240723, 0.5066918730735779, 0.9272887110710144, 0.7424222230911255, 0.6160003542900085, 0.9789587259292603, 0.977148175239563, 0.9299793243408203, 0.9537490010261536, 0.9995079040527344, 0.999305248260498, 0.5954515337944031, 0.9372326731681824, 0.6800364851951599, 0.7310328483581543, 0.7928878664970398, 0.5583133697509766, 0.9999643564224243, 0.9999451637268066, 0.9999982118606567
1, 2, 3, 5, 4, 6, 7, 9, 13, 15, 10, 18, 11, 14, 16, 17, 20, 12, 8, 19
0.9932687878608704, 0.8179938793182373, 0.8524348139762878, 0.7513485550880432, 0.9415850043296814, 0.992870032787323, 0.5028183460235596, 0.5350022912025452, 0.9998296499252319, 0.7356398105621338, 0.9995081424713135, 0.8996568322181702, 0.9988498687744141, 0.5214226245880127, 0.9963866472244263, 0.7715296149253845, 0.6925427913665771, 0.8586972951889038, 0.9994070529937744, 0.7039626240730286, 0.9999814033508301, 0.9838401675224304, 0.9999563694000244, 0.9999908208847046, 0.9672235250473022, 0.999998927116394, 0.9407750368118286, 0.9994915723800659, 0.9111536145210266, 0.9999902248382568, 0.9999938011169434
1, 2, 6, 8, 7, 19, 20, 12, 18, 16, 10, 17, 3, 4, 5, 9, 11, 13, 14, 15
0.937875509262085, 0.9994238615036011, 0.9840872883796692, 0.817858099937439, 0.5918216705322266, 0.8308159112930298, 0.9821563363075256, 0.9979566335678101, 0.9999996423721313, 0.9499573707580566, 0.4175507426261902, 0.9993125200271606, 0.8799816370010376, 0.991146981716156, 0.5977999567985535, 0.9448732137680054, 0.6654003858566284, 0.6746024489402771, 0.8714781403541565, 0.5074222683906555, 0.6179360747337341, 0.7655011415481567, 0.9811424612998962, 0.9999845027923584, 0.690226674079895, 0.9999861717224121, 0.9793141484260559, 0.9999865293502808, 0.9977460503578186, 0.9999959468841553, 0.9999980926513672
2, 1, 4, 16, 18, 14, 3, 20, 10, 11, 12, 15, 17, 5, 9, 6, 8, 13, 19, 7
0.734169602394104, 0.9752284288406372, 0.5957857966423035, 0.7491165399551392, 0.7924792766571045, 0.9568643569946289, 0.8098824620246887, 0.5554935336112976, 0.9986205101013184, 0.8184862732887268, 0.6297633051872253, 0.9999992847442627, 0.6923062801361084, 0.35804811120033264, 0.8769458532333374, 0.9385706186294556, 0.9196765422821045, 0.6512600779533386, 0.997665286064148, 0.8498212695121765, 0.9944983124732971, 0.9998644590377808, 0.38465940952301025, 0.9658569693565369, 0.7119901776313782, 0.9424729943275452, 0.9918036460876465, 0.9961698651313782, 0.6859421730041504, 0.9999791383743286, 0.9992995262145996
3, 6, 4, 5, 10, 14, 17, 16, 8, 1, 7, 11, 20, 12, 13, 15, 9, 18, 2, 19
0.8601741194725037, 0.5554584264755249, 0.7357993125915527, 0.9142767190933228, 0.9831974506378174, 0.9389563798904419, 0.8458987474441528, 0.908933162689209, 0.905196487903595, 0.7651042938232422, 0.8166107535362244, 0.4935673773288727, 0.5188688039779663, 0.9634647369384766, 0.7042779326438904, 0.9947210550308228, 0.9928621649742126, 0.5887283086776733, 0.9930893778800964, 0.9980277419090271, 0.7891843318939209, 0.9969671368598938, 0.9912087917327881, 0.8411386013031006, 0.9548986554145813, 0.5969390273094177, 0.6001830101013184, 0.9937267303466797, 0.9621027112007141, 0.9999929666519165, 0.999995231628418
1, 3, 2, 4, 5, 7, 11, 19, 17, 12, 16, 8, 10, 6, 13, 15, 9, 20, 14, 18
0.9782428741455078, 0.5195468068122864, 0.5722668766975403, 0.8325154781341553, 0.9686954617500305, 0.9998207688331604, 0.9832544922828674, 0.6106857061386108, 0.9975206255912781, 0.9804903864860535, 0.9327049255371094, 0.8384305834770203, 0.9593172669410706, 0.980119526386261, 0.49407336115837097, 0.49520790576934814, 0.9192333221435547, 0.8784844279289246, 0.9761046171188354, 0.65200275182724, 0.6453827619552612, 0.4608447253704071, 0.40538862347602844, 0.9572842121124268, 0.45987367630004883, 0.5272734761238098, 0.9999979734420776, 0.9999300241470337, 0.9218876361846924, 0.9999768733978271, 0.999852180480957
1, 2, 5, 12, 14, 15, 17, 4, 6, 7, 8, 11, 3, 9, 10, 16, 20, 18, 19, 13
0.9457278847694397, 0.9932460784912109, 0.7643024921417236, 0.9583794474601746, 0.9965788722038269, 0.9159814715385437, 0.6668031811714172, 0.9596981406211853, 0.6715167164802551, 0.9018700122833252, 0.9984385371208191, 0.9217473864555359, 0.9986082911491394, 0.7982220649719238, 0.9976891279220581, 0.7754470705986023, 0.9503852725028992, 0.46095705032348633, 0.9926002621650696, 0.9999203681945801, 0.9987272620201111, 0.8006649017333984, 0.6698963046073914, 0.8499451279640198, 0.9999994039535522, 0.9999876022338867, 0.9885508418083191, 0.9999918937683105, 0.6686959266662598, 0.9999927282333374, 0.9999183416366577
5, 12, 20, 14, 13, 15, 18, 9, 7, 10, 8, 2, 3, 4, 6, 11, 17, 1, 16, 19
0.904295027256012, 0.7545855045318604, 0.8474819660186768, 0.9148617386817932, 0.9995392560958862, 0.8893520832061768, 0.8780279755592346, 0.7637220621109009, 0.8157954216003418, 0.6186010837554932, 0.5957059860229492, 0.8184494376182556, 0.9449542164802551, 0.638511598110199, 0.652773916721344, 0.9034620523452759, 0.9924054741859436, 0.8139481544494629, 0.5320948362350464, 0.872682511806488, 0.5588389039039612, 0.6297609806060791, 0.9999940395355225, 0.865406334400177, 0.999996542930603, 0.9828993082046509, 0.9999963045120239, 0.9999961853027344, 0.9833223819732666, 0.9999983310699463, 0.9999946355819702
1, 2, 3, 4, 6, 7, 9, 15, 18, 10, 8, 14, 19, 5, 16, 11, 12, 17, 13, 20
0.9197052717208862, 0.9659245014190674, 0.6744667887687683, 0.9440665245056152, 0.6279457807540894, 0.9870585799217224, 0.4905613660812378, 0.9976927042007446, 0.4514596462249756, 0.9915817379951477, 0.964939296245575, 0.8862374424934387, 0.9175102114677429, 0.5395333170890808, 0.751892626285553, 0.5798888802528381, 0.8854617476463318, 0.9635094404220581, 0.720234751701355, 0.9998683929443359, 0.9855930209159851, 0.9988897442817688, 0.5269179344177246, 0.9999728202819824, 0.9991686344146729, 0.9999724626541138, 0.8244574666023254, 0.9988625049591064, 0.9999984502792358, 0.9284027218818665, 0.9999985694885254
1, 2, 3, 4, 6, 9, 14, 5, 7, 11, 17, 20, 15, 18, 19, 16, 8, 12, 13, 10
0.930548369884491, 0.9648065567016602, 0.9110321998596191, 0.9689651131629944, 0.9956728219985962, 0.9842729568481445, 0.9996541738510132, 0.9998843669891357, 0.7691060900688171, 0.9910598397254944, 0.5193963050842285, 0.8224560618400574, 0.9172338247299194, 0.6088602542877197, 0.8151944875717163, 0.9999992847442627, 0.9999428987503052, 0.9564303755760193, 0.9999828338623047, 0.9891812205314636, 0.9998669624328613, 0.9976490139961243, 0.5736280679702759, 0.9732488393783569, 0.94964998960495, 0.9999712705612183, 0.85374915599823, 0.9999978542327881, 0.9984014630317688, 0.9999960660934448, 0.9999940395355225
2, 3, 6, 18, 8, 10, 11, 1, 4, 7, 9, 14, 15, 16, 17, 12, 19, 5, 20, 13
0.6676315665245056, 0.8972652554512024, 0.614504337310791, 0.6712669730186462, 0.9185227155685425, 0.7381706237792969, 0.9984586238861084, 0.9855344295501709, 0.9707686305046082, 0.7602627277374268, 0.984650731086731, 0.9713436365127563, 0.9109150171279907, 0.9993515610694885, 0.9924726486206055, 0.5977634191513062, 0.9998974800109863, 0.878828227519989, 0.9995889067649841, 0.9756202101707458, 0.9991880059242249, 0.38672399520874023, 0.9912915229797363, 0.5539752840995789, 0.9797400832176208, 0.998171329498291, 0.6081220507621765, 0.9748014211654663, 0.9999990463256836, 0.9999910593032837, 0.9999895095825195
2, 3, 1, 10, 4, 5, 16, 17, 8, 9, 6, 7, 13, 14, 19, 15, 18, 11, 12, 20
0.6754375100135803, 0.7182753682136536, 0.9970515966415405, 0.9937174320220947, 0.9986327290534973, 0.5526127219200134, 0.9931471943855286, 0.8537090420722961, 0.9407299160957336, 0.6668058633804321, 0.8036606311798096, 0.478016197681427, 0.9985172152519226, 0.5009797811508179, 0.8079780340194702, 0.9997585415840149, 0.8989099860191345, 0.9995781779289246, 0.7979756593704224, 0.9997462630271912, 0.6958021521568298, 0.9987459182739258, 0.9981654286384583, 0.7052050232887268, 0.5136293768882751, 0.7634209990501404, 0.9819991588592529, 0.9987882971763611, 0.9999959468841553, 0.9999022483825684, 0.9999984502792358
1, 2, 3, 4, 5, 6, 8, 7, 20, 12, 13, 9, 10, 17, 11, 14, 15, 16, 18, 19
0.983167827129364, 0.8244444727897644, 0.9362550377845764, 0.9863318204879761, 0.8332068920135498, 0.6716384887695312, 0.5409191250801086, 0.6545256972312927, 0.700039803981781, 0.9999991655349731, 0.8055695295333862, 0.917167067527771, 0.6369959712028503, 0.9301638007164001, 0.8807486891746521, 0.9999428987503052, 0.9777490496635437, 0.9999555349349976, 0.5631335377693176, 0.9999804496765137, 0.6837714910507202, 0.9999774694442749, 0.6525546312332153, 0.9999837875366211, 0.9894036054611206, 0.999985933303833, 0.9204570055007935, 0.9999891519546509, 0.769068717956543, 0.9999918937683105, 0.9999985694885254
1, 2, 3, 4, 6, 16, 11, 14, 12, 8, 10, 13, 15, 18, 19, 20, 17, 5, 7, 9
0.9872947335243225, 0.9618964791297913, 0.9470298886299133, 0.7431545853614807, 0.732957661151886, 0.49930864572525024, 0.5018151998519897, 0.5191486477851868, 0.7209144234657288, 0.5728991627693176, 0.5811486840248108, 0.6597060561180115, 0.9122252464294434, 0.5146831274032593, 0.5980422496795654, 0.9335458874702454, 0.43712419271469116, 0.7915554642677307, 0.6712429523468018, 0.5848161578178406, 0.8622667789459229, 0.9981586337089539, 0.9098743796348572, 0.8705747723579407, 0.7630175948143005, 0.9999995231628418, 0.4981391131877899, 0.9999978542327881, 0.8582659959793091, 0.7424207925796509, 0.998933732509613
1, 2, 3, 7, 8, 4, 11, 10, 5, 6, 12, 9, 13, 17, 14, 16, 19, 20, 18, 15
0.9035974144935608, 0.9921140670776367, 0.6888644695281982, 0.5121223330497742, 0.6298283934593201, 0.5304163098335266, 0.8534752130508423, 0.8912928104400635, 0.8770274519920349, 0.9786027073860168, 0.8096678853034973, 0.9995017051696777, 0.5310114622116089, 0.9745022654533386, 0.6789999008178711, 0.9995782971382141, 0.3262079060077667, 0.9986942410469055, 0.6713230609893799, 0.9971169233322144, 0.5084429979324341, 0.9776471853256226, 0.8570541739463806, 0.9789630174636841, 0.5275616645812988, 0.9970079064369202, 0.9999995231628418, 0.9999762773513794, 0.9584662914276123, 0.9999866485595703, 0.9999938011169434
1, 2, 3, 5, 4, 6, 7, 9, 10, 8, 11, 12, 13, 17, 14, 15, 16, 18, 19, 20
0.9472248554229736, 0.9755703806877136, 0.594481348991394, 0.7580589652061462, 0.6260758638381958, 0.5311204195022583, 0.99982750415802, 0.8823857307434082, 0.5812090039253235, 0.9633443355560303, 0.802973747253418, 0.9999127388000488, 0.9181269407272339, 0.9998668432235718, 0.9998955726623535, 0.9999029636383057, 0.7775163650512695, 0.9999648332595825, 0.8319671750068665, 0.9994588494300842, 0.9755251407623291, 0.9999932050704956, 0.9995421171188354, 0.9984219074249268, 0.9786635637283325, 0.9997357726097107, 0.9993495345115662, 0.999795138835907, 0.9999971389770508, 0.997525155544281, 0.9999997615814209
1, 2, 4, 3, 6, 5, 8, 14, 11, 10, 13, 9, 20, 12, 15, 18, 7, 16, 19, 17
0.9954315423965454, 0.9104659557342529, 0.6402311325073242, 0.8010227084159851, 0.6411151885986328, 0.610054075717926, 0.9947808384895325, 0.9962342381477356, 0.9956837892532349, 0.764398455619812, 0.6961317658424377, 0.4296976327896118, 0.780072808265686, 0.5868498682975769, 0.9938312768936157, 0.8443206548690796, 0.6161629557609558, 0.9999967813491821, 0.997014045715332, 0.9952988028526306, 0.8705086708068848, 0.9409147500991821, 0.9323964715003967, 0.9865185618400574, 0.847907543182373, 0.9999645948410034, 0.836808443069458, 0.9999984502792358, 0.9939942955970764, 0.9999943971633911, 0.9999982118606567
1, 2, 3, 4, 5, 6, 10, 11, 12, 15, 9, 16, 17, 14, 19, 13, 20, 7, 18, 8
0.5712569355964661, 0.8250042200088501, 0.8996767997741699, 0.9950234889984131, 0.7780973315238953, 0.9958587288856506, 0.5371909737586975, 0.9888455271720886, 0.9862094521522522, 0.9950866103172302, 0.7206009030342102, 0.6614482402801514, 0.8891926407814026, 0.5586352944374084, 0.6308756470680237, 0.9813613295555115, 0.9599847793579102, 0.7895970344543457, 0.7205904126167297, 0.8586788773536682, 0.8690014481544495, 0.9167860746383667, 0.7270594835281372, 0.5065579414367676, 0.8128107786178589, 0.689370334148407, 0.9999953508377075, 0.7272582650184631, 0.8499528765678406, 0.9999667406082153, 0.9863540530204773
3, 9, 14, 4, 5, 6, 20, 7, 11, 16, 12, 15, 17, 19, 1, 2, 8, 10, 18, 13
0.49868452548980713, 0.47045189142227173, 0.5221682786941528, 0.9413384795188904, 0.7038139700889587, 0.8187992572784424, 0.9998462200164795, 0.5483184456825256, 0.9957964420318604, 0.5736938714981079, 0.9994282126426697, 0.9959450364112854, 0.9708654880523682, 0.7059254050254822, 0.9578760266304016, 0.7730365991592407, 0.8255006670951843, 0.7012406587600708, 0.9579592943191528, 0.9445734024047852, 0.9878608584403992, 0.9925925135612488, 0.6685766577720642, 0.9964640736579895, 0.6512988805770874, 0.9999821186065674, 0.9998774528503418, 0.9999829530715942, 0.7548267841339111, 0.9999891519546509, 0.9999958276748657
1, 11, 4, 6, 8, 12, 10, 13, 14, 15, 17, 19, 20, 9, 7, 2, 3, 5, 16, 18
0.9764743447303772, 0.768403947353363, 0.9905393123626709, 0.7431614398956299, 0.984968364238739, 0.6585128307342529, 0.9540277123451233, 0.5234792828559875, 0.9854220151901245, 0.6591819524765015, 0.9438353776931763, 0.6441168785095215, 0.9832936525344849, 0.7495884895324707, 0.9853266477584839, 0.4831688702106476, 0.9974032044410706, 0.985201895236969, 0.7322512269020081, 0.9999595880508423, 0.999417781829834, 0.9997995495796204, 0.572987973690033, 0.7703685760498047, 0.8636682629585266, 0.99931800365448, 0.9921584129333496, 0.9999779462814331, 0.8917356133460999, 0.9999872446060181, 0.9999954700469971
11, 7, 12, 14, 16, 1, 13, 18, 20, 10, 2, 4, 6, 9, 3, 15, 8, 5, 19, 17
0.5942310094833374, 0.9493777751922607, 0.8821489810943604, 0.9848019480705261, 0.9980571866035461, 0.4899275004863739, 0.46182093024253845, 0.4225078523159027, 0.36915042996406555, 0.4626966416835785, 0.4484264552593231, 0.6387936472892761, 0.44877320528030396, 0.6324847340583801, 0.9331697225570679, 0.9559378623962402, 0.36871862411499023, 0.5318429470062256, 0.27946168184280396, 0.5573974847793579, 0.4895288348197937, 0.9113123416900635, 0.8898712396621704, 0.46110984683036804, 0.5808928608894348, 0.40017056465148926, 0.8198486566543579, 0.9999784231185913, 0.9620779752731323, 0.999992847442627, 0.999991774559021
1, 10, 11, 15, 9, 16, 7, 4, 19, 2, 5, 12, 8, 18, 6, 13, 14, 17, 20, 3
0.998711347579956, 0.6823989748954773, 0.7154223322868347, 0.9910145401954651, 0.7810943722724915, 0.9879062175750732, 0.9974005222320557, 0.5102502703666687, 0.4379585385322571, 0.7819905877113342, 0.3367125689983368, 0.7078942060470581, 0.35851651430130005, 0.935103714466095, 0.4692738652229309, 0.9737032055854797, 0.5452467203140259, 0.7789053916931152, 0.49377918243408203, 0.5278052687644958, 0.5508090853691101, 0.6152411699295044, 0.9074206948280334, 0.8740870952606201, 0.5771567225456238, 0.6000915765762329, 0.9504804611206055, 0.9999871253967285, 0.9541146159172058, 0.9999983310699463, 0.9971910119056702
12, 11, 18, 16, 17, 20, 2, 14, 6, 1, 9, 8, 19, 13, 7, 10, 15, 3, 4, 5
0.520569384098053, 0.5342380404472351, 0.8278310894966125, 0.8560691475868225, 0.41994568705558777, 0.31135138869285583, 0.6067889332771301, 0.47273778915405273, 0.7292137145996094, 0.993476927280426, 0.9726497530937195, 0.9809775948524475, 0.42753395438194275, 0.5109163522720337, 0.7681650519371033, 0.7999695539474487, 0.7855797410011292, 0.4756183326244354, 0.9668328166007996, 0.9920156002044678, 0.9927697777748108, 0.5066339373588562, 0.4853467047214508, 0.7335204482078552, 0.9965118765830994, 0.9982187151908875, 0.6179490685462952, 0.9999861717224121, 0.6895819902420044, 0.8917983174324036, 0.999940037727356
2, 4, 3, 8, 12, 16, 17, 20, 19, 10, 14, 18, 15, 13, 11, 1, 7, 5, 6, 9
0.9172530174255371, 0.9196656346321106, 0.8843249082565308, 0.9948477745056152, 0.9047778248786926, 0.7310513854026794, 0.9183343648910522, 0.9071701765060425, 0.9148555397987366, 0.8960891962051392, 0.6619046330451965, 0.9999998807907104, 0.9997648596763611, 0.9768314957618713, 0.9980681538581848, 0.8800973296165466, 0.9984007477760315, 0.6013954281806946, 0.9984151124954224, 0.6009243130683899, 0.989669144153595, 0.987619161605835, 0.834579348564148, 0.7379093170166016, 0.8794283866882324, 0.610998809337616, 0.39607518911361694, 0.9940185546875, 0.7984387278556824, 0.7606146335601807, 0.999957799911499
1, 2, 3, 8, 5, 7, 9, 10, 12, 19, 4, 11, 13, 14, 15, 20, 6, 16, 17, 18
0.989027738571167, 0.9963626265525818, 0.8808559775352478, 0.6727316379547119, 0.8568955659866333, 0.9724470973014832, 0.9398921728134155, 0.9999572038650513, 0.9982818365097046, 0.9996558427810669, 0.8265473246574402, 0.9996428489685059, 0.9998453855514526, 0.6355573534965515, 0.6996387839317322, 0.8185190558433533, 0.9583181142807007, 0.9734862446784973, 0.9819924831390381, 0.9937969446182251, 0.9912766218185425, 0.9999872446060181, 0.9171870350837708, 0.9999997615814209, 0.6513324975967407, 0.9999815225601196, 0.964240312576294, 0.9999923706054688, 0.9996590614318848, 0.9999983310699463, 0.9999929666519165
1, 2, 3, 5, 4, 6, 7, 8, 11, 12, 13, 15, 20, 19, 9, 10, 14, 16, 17, 18
0.4551124572753906, 0.9498619437217712, 0.9462425708770752, 0.6167069673538208, 0.9277226328849792, 0.7836257815361023, 0.6644726395606995, 0.8103442788124084, 0.9997950196266174, 0.9296972155570984, 0.9997674822807312, 0.9033714532852173, 0.9998306035995483, 0.97234046459198, 0.9939702749252319, 0.9647671580314636, 0.8080442547798157, 0.9999997615814209, 0.9626453518867493, 0.9981354475021362, 0.8538535237312317, 0.9999516010284424, 0.9922915101051331, 0.9999771118164062, 0.9288306832313538, 0.9999843835830688, 0.9850121736526489, 0.9999822378158569, 0.9995947480201721, 0.9999947547912598, 0.9999884366989136
1, 2, 14, 20, 16, 6, 12, 3, 7, 10, 5, 9, 19, 4, 11, 18, 17, 8, 13, 15
0.9641926288604736, 0.9872950911521912, 0.8712811470031738, 0.9951450228691101, 0.9080942869186401, 0.9999984502792358, 0.7982609272003174, 0.6184505820274353, 0.5142245292663574, 0.6575629115104675, 0.9779836535453796, 0.6299529671669006, 0.7528679370880127, 0.9738613367080688, 0.999858021736145, 0.9923728108406067, 0.7138972878456116, 0.998762845993042, 0.9962005019187927, 0.831743597984314, 0.998753547668457, 0.9732138514518738, 0.9991243481636047, 0.9973837733268738, 0.7956092357635498, 0.662394642829895, 0.7826483845710754, 0.9999949932098389, 0.9854897260665894, 0.9999983310699463, 0.9999988079071045
1, 2, 4, 8, 6, 13, 16, 19, 17, 20, 11, 18, 10, 14, 3, 9, 12, 15, 5, 7
0.9585416316986084, 0.8003645539283752, 0.975339949131012, 0.5989486575126648, 0.8041602969169617, 0.9946756362915039, 0.5407484769821167, 0.9999445676803589, 0.9981600642204285, 0.9969379901885986, 0.903722882270813, 0.9321548938751221, 0.5708223581314087, 0.966842532157898, 0.9999996423721313, 0.9996246099472046, 0.9917353987693787, 0.9757173657417297, 0.5674248933792114, 0.9339127540588379, 0.850960373878479, 0.5272365808486938, 0.8768970966339111, 0.4598243236541748, 0.6229044198989868, 0.9936518669128418, 0.9111585021018982, 0.9982656836509705, 0.9999877214431763, 0.9638984799385071, 0.9999769926071167
1, 3, 4, 2, 7, 10, 6, 12, 5, 13, 8, 18, 16, 15, 17, 11, 14, 9, 19, 20
0.993696391582489, 0.9840457439422607, 0.998420000076294, 0.8981307744979858, 0.6053673028945923, 0.7340068817138672, 0.9633179306983948, 0.7501819133758545, 0.6911314129829407, 0.9748503565788269, 0.6926757097244263, 0.6224095225334167, 0.8592098355293274, 0.558256983757019, 0.9997397065162659, 0.9884893298149109, 0.993739128112793, 0.41469326615333557, 0.9909267425537109, 0.905490517616272, 0.9858422875404358, 0.9942625164985657, 0.42473530769348145, 0.4608217179775238, 0.8942722082138062, 0.9997320771217346, 0.7074732780456543, 0.9111695885658264, 0.9999501705169678, 0.9999388456344604, 0.9999984502792358
1, 2, 3, 7, 16, 12, 9, 8, 10, 15, 17, 19, 4, 6, 11, 13, 18, 14, 5, 20
0.3545210659503937, 0.9484899044036865, 0.9888151288032532, 0.6813900470733643, 0.9207837581634521, 0.8470574617385864, 0.3722498118877411, 0.9648816585540771, 0.5327111482620239, 0.6670272350311279, 0.9963885545730591, 0.9468367099761963, 0.9974817633628845, 0.9911141991615295, 0.9542225003242493, 0.9666181206703186, 0.9442088007926941, 0.9937186241149902, 0.7461626529693604, 0.9979640245437622, 0.9858554005622864, 0.5603876709938049, 0.9999722242355347, 0.9997627139091492, 0.9625194072723389, 0.9241021871566772, 0.7558632493019104, 0.9999796152114868, 0.8683381676673889, 0.9073083400726318, 0.9999983310699463
2, 4, 5, 6, 3, 1, 11, 8, 10, 7, 13, 12, 14, 16, 17, 18, 19, 15, 20, 9
0.5273924469947815, 0.6861124038696289, 0.9316585659980774, 0.8027440309524536, 0.7614259719848633, 0.9595412611961365, 0.6972448229789734, 0.8224442601203918, 0.7101580500602722, 0.721316933631897, 0.5232929587364197, 0.9692028760910034, 0.9985093474388123, 0.9988901019096375, 0.9003651738166809, 0.702887773513794, 0.97651606798172, 0.6975094079971313, 0.9982081651687622, 0.8467275500297546, 0.9998156428337097, 0.9906418919563293, 0.9997889399528503, 0.9965633749961853, 0.9990262985229492, 0.9911501407623291, 0.5302061438560486, 0.9999979734420776, 0.8558348417282104, 0.9999988079071045, 0.9999080896377563
1, 2, 3, 4, 5, 6, 7, 20, 13, 15, 16, 17, 14, 18, 11, 12, 8, 9, 10, 19
0.7789801359176636, 0.922980785369873, 0.9989668130874634, 0.6075308918952942, 0.9995918869972229, 0.9695146083831787, 0.9982531666755676, 0.9856142401695251, 0.9999997615814209, 0.9977808594703674, 0.99857497215271, 0.5342580676078796, 0.2634691596031189, 0.9953860640525818, 0.7354403138160706, 0.9958855509757996, 0.9962486624717712, 0.7302172780036926, 0.6762160062789917, 0.9353936910629272, 0.8120943903923035, 0.9943444728851318, 0.8852139711380005, 0.9999538660049438, 0.9999372959136963, 0.4599350392818451, 0.9688466787338257, 0.9999829530715942, 0.9999951124191284, 0.9999819993972778, 0.9850292801856995
4, 1, 2, 11, 10, 13, 14, 3, 9, 6, 15, 16, 5, 7, 12, 20, 8, 18, 19, 17
0.9517260789871216, 0.9645101428031921, 0.9980757236480713, 0.8956408500671387, 0.9852696061134338, 0.30188217759132385, 0.9278244972229004, 0.7822858095169067, 0.8716943264007568, 0.9958209991455078, 0.9998687505722046, 0.6227878928184509, 0.520629346370697, 0.9093299508094788, 0.5411222577095032, 0.6879802346229553, 0.4921319782733917, 0.6381161212921143, 0.7223156094551086, 0.9138867855072021, 0.8130730390548706, 0.9982956051826477, 0.6259579658508301, 0.9999978542327881, 0.863310694694519, 0.9999613761901855, 0.47778406739234924, 0.9999167919158936, 0.7246977090835571, 0.9999856948852539, 0.999996542930603
1, 2, 3, 4, 5, 6, 8, 9, 10, 11, 13, 14, 15, 16, 17, 18, 12, 20, 19, 7
0.5473389625549316, 0.6296750903129578, 0.5820791721343994, 0.7908169031143188, 0.8832449913024902, 0.9964377880096436, 0.43116796016693115, 0.7972987294197083, 0.9990772008895874, 0.9946826100349426, 0.9997795224189758, 0.4879036843776703, 0.9980720281600952, 0.5424948930740356, 0.9991258978843689, 0.9962549209594727, 0.9976966977119446, 0.7507778406143188, 0.7553297281265259, 0.9266322255134583, 0.9485009908676147, 0.9285728335380554, 0.9989829659461975, 0.9929799437522888, 0.7315022349357605, 0.6992104649543762, 0.5978036522865295, 0.9999992847442627, 0.626108705997467, 0.9999768733978271, 0.9970625042915344
1, 2, 7, 16, 20, 12, 10, 19, 11, 5, 8, 15, 4, 6, 18, 17, 3, 13, 14, 9
0.614069938659668, 0.6197550892829895, 0.3753139078617096, 0.5708746314048767, 0.8871160745620728, 0.9762024283409119, 0.9999997615814209, 0.8928588628768921, 0.5870376229286194, 0.9813215136528015, 0.9580830335617065, 0.9448655247688293, 0.948387622833252, 0.7032007575035095, 0.8185592293739319, 0.7018402814865112, 0.8238763213157654, 0.9889224767684937, 0.9992433786392212, 0.677044153213501, 0.9989509582519531, 0.8219115734100342, 0.7592411041259766, 0.6134818196296692, 0.7211320400238037, 0.7887752056121826, 0.7548919320106506, 0.7956529259681702, 0.9702334403991699, 0.9999991655349731, 0.9975247979164124
1, 2, 3, 4, 5, 8, 11, 15, 14, 7, 18, 10, 12, 9, 6, 13, 19, 16, 17, 20
0.9725613594055176, 0.6976736783981323, 0.9942554831504822, 0.7771239876747131, 0.9996044039726257, 0.3907797634601593, 0.7398561239242554, 0.45330512523651123, 0.88120037317276, 0.7030578851699829, 0.7276800870895386, 0.9702765941619873, 0.7065489292144775, 0.7180254459381104, 0.7258052229881287, 0.48807355761528015, 0.9256714582443237, 0.9614416360855103, 0.9992431402206421, 0.8478260636329651, 0.8497757315635681, 0.9997085928916931, 0.9851699471473694, 0.9995629191398621, 0.4205067753791809, 0.9975177049636841, 0.6038934588432312, 0.9693176746368408, 0.9999980926513672, 0.9978494644165039, 0.9999994039535522
1, 2, 3, 18, 20, 12, 4, 11, 13, 5, 6, 7, 8, 10, 16, 9, 14, 15, 17, 19
0.999293327331543, 0.9922722578048706, 0.5935825109481812, 0.7451480031013489, 0.9942666888237, 0.9941040873527527, 0.9999997615814209, 0.5609738826751709, 0.7945243716239929, 0.9496614933013916, 0.9643025994300842, 0.5183368921279907, 0.9668083190917969, 0.9972954392433167, 0.35126304626464844, 0.9601643085479736, 0.9958666563034058, 0.9991856217384338, 0.9195435047149658, 0.9124142527580261, 0.9495601654052734, 0.9984707236289978, 0.9816830158233643, 0.9999443292617798, 0.9993559718132019, 0.9999485015869141, 0.8613901734352112, 0.9999932050704956, 0.999809205532074, 0.9999969005584717, 0.9999836683273315
1, 2, 3, 4, 5, 6, 7, 8, 9, 10, 11, 12, 13, 14, 15, 16, 17, 18, 19, 20
0.874531626701355, 0.7969871163368225, 0.7284114360809326, 0.6917992830276489, 0.9955605268478394, 0.8545705676078796, 0.8733412027359009, 0.9916597008705139, 0.9861191511154175, 0.99988853931427, 0.9705002307891846, 0.9997836947441101, 0.9967749714851379, 0.9998853206634521, 0.9747094511985779, 0.9998395442962646, 0.9999083280563354, 0.9999377727508545, 0.9980549812316895, 0.9999434947967529, 0.9994540810585022, 0.9999688863754272, 0.9996777772903442, 0.9999730587005615, 0.9997939467430115, 0.9999887943267822, 0.999588668346405, 0.9999476671218872, 0.9999983310699463, 0.9998311996459961, 0.9999996423721313
1, 2, 3, 6, 8, 9, 10, 12, 15, 17, 18, 14, 11, 16, 20, 13, 5, 4, 7, 19
0.9951062202453613, 0.9810900092124939, 0.7480214238166809, 0.44010651111602783, 0.7763155698776245, 0.897596538066864, 0.998358428478241, 0.8972601294517517, 0.9992786049842834, 0.5539308190345764, 0.9986929297447205, 0.4890570640563965, 0.9995341300964355, 0.7516018152236938, 0.9969712495803833, 0.9507314562797546, 0.6393927335739136, 0.712414026260376, 0.7582749724388123, 0.6234596371650696, 0.5026648044586182, 0.5805298686027527, 0.7214757204055786, 0.9999933242797852, 0.41344529390335083, 0.7799511551856995, 0.4683867394924164, 0.6913956999778748, 0.5660082697868347, 0.999992847442627, 0.9999768733978271
1, 2, 3, 14, 15, 18, 9, 10, 11, 16, 17, 19, 4, 5, 6, 7, 8, 12, 13, 20
0.8952175974845886, 0.9980942606925964, 0.520243763923645, 0.8082486391067505, 0.9679343700408936, 0.9994964599609375, 0.8234649896621704, 0.9992557168006897, 0.9978398084640503, 0.5094248652458191, 0.9999876022338867, 0.798179030418396, 0.9998979568481445, 0.9999619722366333, 0.4543910622596741, 0.5779769420623779, 0.9132559895515442, 0.7992093563079834, 0.7018449902534485, 0.9890079498291016, 0.5640532970428467, 0.9349777102470398, 0.9826949238777161, 0.9476022124290466, 0.9933998584747314, 0.9999762773513794, 0.93895024061203, 0.9990932941436768, 0.9999995231628418, 0.6075454354286194, 0.21341, 0.92
1, 2, 3, 4, 5, 6, 7, 11, 12, 10, 16, 17, 19, 20, 15, 14, 18, 13, 9, 8
0.9939642548561096, 0.9961722493171692, 0.42752695083618164, 0.6019042134284973, 0.8040007948875427, 0.9909244179725647, 0.9625459313392639, 0.7560009956359863, 0.8930796384811401, 0.9828541278839111, 0.9425105452537537, 0.9400249719619751, 0.5996705889701843, 0.8658283948898315, 0.7529209852218628, 0.641529381275177, 0.8742620944976807, 0.5929126143455505, 0.947932779788971, 0.47066718339920044, 0.9999991655349731, 0.6573363542556763, 0.6499924659729004, 0.8636217713356018, 0.5174486041069031, 0.9642533659934998, 0.8006627559661865, 0.9202148914337158, 0.9999945163726807, 0.4983433187007904, 0.9941762685775757
1, 2, 3, 4, 5, 6, 7, 8, 9, 10, 11, 12, 13, 14, 15, 16, 17, 18, 19, 20
0.9750757813453674, 0.8837775588035583, 0.9971925616264343, 0.7318537831306458, 0.989837646484375, 0.9830896854400635, 0.994198203086853, 0.9964492321014404, 0.7904919385910034, 0.9999619722366333, 0.7739906311035156, 0.9999536275863647, 0.9990259408950806, 0.9999759197235107, 0.9759311079978943, 0.9999873638153076, 0.999919056892395, 0.9999300241470337, 0.9972219467163086, 0.9999715089797974, 0.8619597554206848, 0.9999730587005615, 0.9993076324462891, 0.999958872795105, 0.9998471736907959, 0.9993133544921875, 0.9943388104438782, 0.9992650151252747, 0.999996542930603, 0.9997631907463074, 0.9999992847442627
1, 2, 3, 8, 10, 17, 7, 6, 9, 12, 19, 5, 11, 18, 15, 20, 13, 14, 16, 4
0.9760019779205322, 0.3649190366268158, 0.9286365509033203, 0.7747595310211182, 0.7920060157775879, 0.9696332812309265, 0.3515744209289551, 0.9918410778045654, 0.6602368354797363, 0.35127776861190796, 0.4708501696586609, 0.9756179451942444, 0.987981379032135, 0.5214773416519165, 0.5148728489875793, 0.5746059417724609, 0.9640945792198181, 0.8120583295822144, 0.8995258808135986, 0.9430840611457825, 0.4369315505027771, 0.6356156468391418, 0.40075260400772095, 0.9999920129776001, 0.5195013880729675, 0.5370151400566101, 0.9959756731987, 0.8056145310401917, 0.9877293705940247, 0.9999860525131226, 0.9991934895515442
1, 2, 4, 5, 9, 15, 19, 3, 7, 8, 13, 20, 12, 16, 18, 17, 6, 10, 11, 14
0.728328287601471, 0.9774029850959778, 0.8222949504852295, 0.9824619889259338, 0.9972121119499207, 0.8379279375076294, 0.9807455539703369, 0.9139613509178162, 0.9982025623321533, 0.9786229133605957, 0.3618020713329315, 0.6520846486091614, 0.9943580031394958, 0.988379716873169, 0.673596978187561, 0.9999973773956299, 0.979908287525177, 0.8329592943191528, 0.9968470931053162, 0.9705961346626282, 0.9987307190895081, 0.9970456957817078, 0.6723025441169739, 0.5113670825958252, 0.5273049473762512, 0.9999879598617554, 0.9917693138122559, 0.9999881982803345, 0.9773188233375549, 0.999996542930603, 0.9999997615814209
2, 4, 3, 7, 12, 14, 15, 18, 8, 19, 20, 10, 1, 17, 11, 9, 5, 13, 16, 6
0.6115924715995789, 0.6826439499855042, 0.6690740585327148, 0.5534181594848633, 0.9798286557197571, 0.7399548292160034, 0.9940959215164185, 0.728365421295166, 0.9971761703491211, 0.9973245859146118, 0.8307567834854126, 0.9592545628547668, 0.5113829374313354, 0.8277837038040161, 0.4192889332771301, 0.988778293132782, 0.9999992847442627, 0.9632483124732971, 0.5336534976959229, 0.9139723181724548, 0.516901433467865, 0.7865241169929504, 0.6300482153892517, 0.9890852570533752, 0.5773031115531921, 0.8239394426345825, 0.9945143461227417, 0.8459052443504333, 0.7718328237533569, 0.9999626874923706, 0.9999408721923828
1, 2, 5, 8, 3, 7, 9, 11, 4, 6, 19, 13, 14, 12, 20, 16, 15, 18, 17, 10
0.9565243124961853, 0.8892831802368164, 0.7516697645187378, 0.6402440667152405, 0.5309420228004456, 0.4532519280910492, 0.7503585815429688, 0.9810141921043396, 0.9893839955329895, 0.8409116268157959, 0.7928205728530884, 0.9597341418266296, 0.825520932674408, 0.9172017574310303, 0.3542996644973755, 0.9997242093086243, 0.9987001419067383, 0.8990767598152161, 0.947547972202301, 0.6513392925262451, 0.9999996423721313, 0.9999654293060303, 0.5730608105659485, 0.9999710321426392, 0.9509391784667969, 0.9999475479125977, 0.448604941368103, 0.9999358654022217, 0.8354464769363403, 0.9999481439590454, 0.9999936819076538
1, 2, 3, 7, 4, 8, 6, 5, 10, 12, 13, 15, 16, 14, 17, 19, 20, 9, 11, 18
0.981319785118103, 0.9992358684539795, 0.9956106543540955, 0.803997278213501, 0.5624935626983643, 0.7369157075881958, 0.998854398727417, 0.7434800267219543, 0.515900194644928, 0.4846546947956085, 0.6494084000587463, 0.8025920391082764, 0.9876855611801147, 0.9941176176071167, 0.8049443960189819, 0.84326171875, 0.8202279210090637, 0.46919888257980347, 0.6659647226333618, 0.5694540739059448, 0.7434526085853577, 0.7702429890632629, 0.9527616500854492, 0.9883068203926086, 0.9604895114898682, 0.9999990463256836, 0.5156034231185913, 0.9999784231185913, 0.9971274733543396, 0.9999881982803345, 0.9998869895935059
1, 3, 4, 2, 5, 7, 6, 17, 12, 8, 10, 11, 9, 14, 13, 15, 16, 18, 20, 19
0.9588814973831177, 0.9931467175483704, 0.7363352179527283, 0.6274738311767578, 0.9852177500724792, 0.5095185041427612, 0.7661404609680176, 0.9967051148414612, 0.9972676038742065, 0.4645129144191742, 0.8784257769584656, 0.6397647857666016, 0.9897382855415344, 0.9968245029449463, 0.5033319592475891, 0.5574268102645874, 0.8097245693206787, 0.9989147186279297, 0.6172993183135986, 0.9924105405807495, 0.754925012588501, 0.9997604489326477, 0.992823600769043, 0.9999773502349854, 0.9999518394470215, 0.9980687499046326, 0.9999878406524658, 0.8791366219520569, 0.9999996423721313, 0.9999964237213135, 0.9999829530715942
1, 2, 4, 5, 6, 8, 11, 7, 10, 14, 12, 13, 19, 20, 16, 18, 3, 9, 15, 17
0.7328764796257019, 0.920553982257843, 0.7315390706062317, 0.5274567008018494, 0.9754253029823303, 0.7180309891700745, 0.640418291091919, 0.9644356369972229, 0.6986123919487, 0.9991480112075806, 0.7603475451469421, 0.9997490048408508, 0.9989227652549744, 0.9278034567832947, 0.7045735120773315, 0.9057157635688782, 0.6957287788391113, 0.9379588961601257, 0.9988235831260681, 0.998623251914978, 0.9999997615814209, 0.9062934517860413, 0.7622739672660828, 0.9999737739562988, 0.9997379183769226, 0.745160698890686, 0.9997367262840271, 0.9999773502349854, 0.6757497191429138, 0.9999991655349731, 1.0
1, 2, 4, 5, 7, 8, 9, 10, 3, 13, 19, 12, 11, 6, 15, 17, 20, 14, 18, 16
0.998736560344696, 0.9401962757110596, 0.837569534778595, 0.8964641094207764, 0.6491096019744873, 0.6559038162231445, 0.796853244304657, 0.9618072509765625, 0.9997084736824036, 0.4456983506679535, 0.5263306498527527, 0.6519617438316345, 0.5346348285675049, 0.4620037078857422, 0.830032229423523, 0.808052122592926, 0.7020025253295898, 0.9806135892868042, 0.8981558084487915, 0.9991033673286438, 0.5567943453788757, 0.7825570106506348, 0.7994140386581421, 0.9668422937393188, 0.9999947547912598, 0.999915361404419, 0.7893568873405457, 0.9999622106552124, 0.8633536100387573, 0.9999861717224121, 0.9999750852584839
