1, 16, 2, 10, 12, 15, 19, 3, 17, 9, 20, 6, 11, 4, 13, 14, 5, 8, 7, 18
0.9777015447616577, 0.6483362317085266, 0.9898924827575684, 0.7182873487472534, 0.7969264388084412, 0.48027125000953674, 0.951399564743042, 0.8479501605033875, 0.8061315417289734, 0.5014655590057373, 0.6410717964172363, 0.809255063533783, 0.5287477374076843, 0.40678441524505615, 0.865473210811615, 0.6741909980773926, 0.5466054677963257, 0.999996542930603, 0.5573419332504272, 0.6626812219619751, 0.5585272312164307, 0.4843849241733551, 0.7402378916740417, 0.63099205493927, 0.7719495296478271, 0.9272076487541199, 0.44758641719818115, 0.5781944990158081, 0.6370196342468262, 0.9999973773956299, 0.9999583959579468
12, 7, 2, 19, 18, 9, 13, 4, 10, 11, 6, 3, 15, 1, 16, 17, 5, 8, 20, 14
0.6809136867523193, 0.9527104496955872, 0.9064169526100159, 0.36150068044662476, 0.4537740647792816, 0.36992329359054565, 0.6153581738471985, 0.9440211653709412, 0.41568857431411743, 0.7080636620521545, 0.7365044355392456, 0.45557770133018494, 0.8549551367759705, 0.5222451686859131, 0.7121304869651794, 0.6755458116531372, 0.3480077385902405, 0.5417640209197998, 0.7589319944381714, 0.5819420218467712, 0.7252309322357178, 0.560763418674469, 0.6767625212669373, 0.9027547240257263, 0.9998470544815063, 0.9304353594779968, 0.8538963794708252, 0.6001814007759094, 0.9999995231628418, 0.9999988079071045, 0.9999995231628418
1, 9, 2, 5, 7, 4, 10, 15, 16, 19, 20, 18, 17, 14, 6, 3, 12, 11, 13, 8
0.915777325630188, 0.7264983057975769, 0.3196481466293335, 0.595568060874939, 0.9273719787597656, 0.5257984399795532, 0.9866580367088318, 0.4829332232475281, 0.979310929775238, 0.9178417325019836, 0.9822008609771729, 0.8320375084877014, 0.9864258766174316, 0.9698041677474976, 0.792819082736969, 0.999975323677063, 0.9792385697364807, 0.7453392148017883, 0.9937595725059509, 0.836879551410675, 0.6996974945068359, 0.9891818165779114, 0.4338035583496094, 0.8884637951850891, 0.9993553757667542, 0.3899354934692383, 0.9983443021774292, 0.6757321357727051, 0.8596376180648804, 0.9999531507492065, 0.999995231628418
1, 5, 4, 6, 15, 12, 10, 13, 16, 2, 18, 17, 8, 14, 20, 9, 19, 3, 11, 7
0.5837553143501282, 0.5852602124214172, 0.4604368507862091, 0.7291619181632996, 0.9957029223442078, 0.9964911341667175, 0.9361428022384644, 0.9634983539581299, 0.8210573196411133, 0.46895965933799744, 0.83543461561203, 0.6512451171875, 0.715457022190094, 0.9612489342689514, 0.5459977984428406, 0.4807148575782776, 0.6995702385902405, 0.47114691138267517, 0.5380205512046814, 0.4121192693710327, 0.49889862537384033, 0.9559869766235352, 0.5199352502822876, 0.9999972581863403, 0.6394149661064148, 0.5084336996078491, 0.6791448593139648, 0.5121108889579773, 0.6959494948387146, 0.9998342990875244, 0.9999902248382568
1, 13, 17, 16, 4, 3, 10, 15, 8, 5, 12, 14, 6, 2, 7, 19, 18, 20, 11, 9
0.949830949306488, 0.7749931216239929, 0.740198016166687, 0.8167858719825745, 0.7418831586837769, 0.40187084674835205, 0.7866894602775574, 0.7366470694541931, 0.7776134610176086, 0.5741819143295288, 0.49953973293304443, 0.6600344777107239, 0.9935721158981323, 0.907853901386261, 0.9524761438369751, 0.46737414598464966, 0.4761476218700409, 0.4102034866809845, 0.8476593494415283, 0.4611128270626068, 0.7185735106468201, 0.5764595866203308, 0.772397518157959, 0.5409270524978638, 0.5905676484107971, 0.8221435546875, 0.810539722442627, 0.9999942779541016, 0.6369420886039734, 0.9999325275421143, 0.9999628067016602
1, 2, 4, 5, 10, 11, 15, 12, 3, 19, 8, 9, 14, 6, 16, 13, 7, 18, 17, 20
0.9981021285057068, 0.6801039576530457, 0.7500960230827332, 0.9977365732192993, 0.9477381110191345, 0.9861219525337219, 0.9868224859237671, 0.7925107479095459, 0.9862504005432129, 0.9320346117019653, 0.5452037453651428, 0.8113707304000854, 0.7299894690513611, 0.5610288381576538, 0.9413639307022095, 0.5439959764480591, 0.6682235598564148, 0.8311001658439636, 0.9697126746177673, 0.7371411323547363, 0.8743285536766052, 0.7659614086151123, 0.8014115691184998, 0.9191128611564636, 0.8253521919250488, 0.9949967861175537, 0.9996223449707031, 0.9723753333091736, 0.9998206496238708, 0.9996179342269897, 0.9999983310699463
1, 2, 5, 6, 15, 18, 20, 3, 7, 14, 19, 17, 13, 4, 8, 9, 10, 11, 12, 16
0.9992153644561768, 0.6316915154457092, 0.3756210207939148, 0.9588106870651245, 0.7965173721313477, 0.9432461857795715, 0.8487048149108887, 0.9483897686004639, 0.39409080147743225, 0.9991162419319153, 0.6303291916847229, 0.4974578619003296, 0.8801383376121521, 0.991992175579071, 0.47024819254875183, 0.8604919910430908, 0.9241781830787659, 0.9255241751670837, 0.9879273772239685, 0.6710690855979919, 0.7779691815376282, 0.5389636158943176, 0.9999786615371704, 0.9913246631622314, 0.9999942779541016, 0.9952175617218018, 0.9999960660934448, 0.9998462200164795, 0.9999991655349731, 0.7090150117874146
1, 4, 3, 6, 13, 12, 8, 9, 15, 14, 2, 10, 7, 11, 16, 20, 17, 5, 18, 19
0.6476700305938721, 0.3748973608016968, 0.5264639258384705, 0.5168180465698242, 0.6434919238090515, 0.8379086852073669, 0.38544008135795593, 0.5333304405212402, 0.5885172486305237, 0.7864469885826111, 0.8554458618164062, 0.5498150587081909, 0.5872981548309326, 0.7653770446777344, 0.4722225069999695, 0.8504955172538757, 0.6917102932929993, 0.4774380624294281, 0.8344636559486389, 0.41323044896125793, 0.733433723449707, 0.6882143020629883, 0.5754233598709106, 0.9999914169311523, 0.5387771129608154, 0.998382568359375, 0.9687979221343994, 0.999903678894043, 0.9920449256896973, 0.9999971389770508, 0.9999933242797852
7, 6, 5, 8, 10, 16, 17, 3, 9, 11, 13, 1, 4, 15, 18, 2, 14, 19, 20, 12
0.35770681500434875, 0.38412392139434814, 0.8953717350959778, 0.7927706241607666, 0.996950089931488, 0.9447851777076721, 0.9906255006790161, 0.7608882188796997, 0.9973927736282349, 0.9997733235359192, 0.6942155361175537, 0.7931846380233765, 0.9599974155426025, 0.7320229411125183, 0.9512702226638794, 0.692233681678772, 0.8623259663581848, 0.5134746432304382, 0.6150521039962769, 0.9457980990409851, 0.8417654633522034, 0.9993315935134888, 0.9303718209266663, 0.9155632853507996, 0.803077220916748, 0.6295490860939026, 0.9673453569412231, 0.982266366481781, 0.9999967813491821, 0.9999967813491821, 0.9999974966049194
17, 11, 16, 18, 13, 15, 7, 12, 1, 4, 6, 9, 5, 3, 2, 10, 19, 14, 20, 8
0.6549917459487915, 0.42758068442344666, 0.8764761686325073, 0.47353434562683105, 0.8032304048538208, 0.5218051075935364, 0.6900930404663086, 0.7713425159454346, 0.6912351250648499, 0.7480776309967041, 0.4443885385990143, 0.39200857281684875, 0.39971843361854553, 0.47130072116851807, 0.5884848833084106, 0.3774847686290741, 0.25280386209487915, 0.41288501024246216, 0.6597819328308105, 0.8102067708969116, 0.6806144714355469, 0.5493289828300476, 0.6578466296195984, 0.4406152367591858, 0.769231915473938, 0.5155723094940186, 0.8327532410621643, 0.9999278783798218, 0.795536458492279, 0.9999932050704956, 0.999874472618103
9, 10, 4, 16, 20, 12, 7, 5, 18, 8, 1, 3, 17, 6, 19, 13, 14, 11, 15, 2
0.4489530026912689, 0.9943222999572754, 0.998543381690979, 0.7194119691848755, 0.8419686555862427, 0.956449568271637, 0.23865069448947906, 0.9896343946456909, 0.3273734748363495, 0.4992842674255371, 0.46189993619918823, 0.8885214328765869, 0.5454899072647095, 0.9807327389717102, 0.8922790288925171, 0.9699216485023499, 0.4531109631061554, 0.8488963842391968, 0.9995150566101074, 0.8103366494178772, 0.8175087571144104, 0.420235276222229, 0.8932610154151917, 0.5896430611610413, 0.9871562719345093, 0.46680453419685364, 0.9843281507492065, 0.6076450347900391, 0.8902879357337952, 0.9999638795852661, 0.9998737573623657
1, 7, 4, 6, 2, 16, 13, 8, 14, 5, 12, 3, 11, 15, 20, 19, 18, 17, 9, 10
0.8621912002563477, 0.743468701839447, 0.9398674964904785, 0.65723717212677, 0.7805629968643188, 0.7398331761360168, 0.6114543080329895, 0.8561030626296997, 0.9446347951889038, 0.4780276417732239, 0.8961949348449707, 0.7457000017166138, 0.5149128437042236, 0.7108706831932068, 0.8891622424125671, 0.7951639294624329, 0.9276105165481567, 0.567204475402832, 0.648682713508606, 0.9623968601226807, 0.6574357748031616, 0.9999986886978149, 0.9506726264953613, 0.6397187113761902, 0.9624220132827759, 0.6670806407928467, 0.777251124382019, 0.9823927879333496, 0.925162136554718, 0.9999984502792358, 0.999988317489624
6, 1, 2, 5, 9, 14, 13, 15, 4, 10, 7, 11, 12, 17, 18, 19, 20, 8, 16, 3
0.6887359619140625, 0.905735194683075, 0.7497478723526001, 0.592132568359375, 0.4793013036251068, 0.774365246295929, 0.8168168067932129, 0.44936490058898926, 0.6398770213127136, 0.9421328902244568, 0.9398654103279114, 0.6039414405822754, 0.6583712100982666, 0.9481884241104126, 0.607774555683136, 0.9975677132606506, 0.9752453565597534, 0.9993982315063477, 0.9997370839118958, 0.8550620675086975, 0.9654853343963623, 0.9996138215065002, 0.9979097247123718, 0.9969214200973511, 0.9999880790710449, 0.9999892711639404, 0.9999945163726807, 0.7731989026069641, 0.9969231486320496, 0.9999979734420776, 0.9999978542327881
12, 14, 13, 11, 10, 9, 8, 7, 6, 5, 4, 3, 2, 19, 20, 16, 15, 17, 1, 18
0.9648410677909851, 0.47871777415275574, 0.9762555956840515, 0.5542803406715393, 0.9761624336242676, 0.9883295297622681, 0.7069960832595825, 0.36692699790000916, 0.5933274626731873, 0.9807151556015015, 0.6903335452079773, 0.7219398021697998, 0.7300257682800293, 0.823432981967926, 0.9449424147605896, 0.9980893731117249, 0.9767979383468628, 0.685918927192688, 0.7461174130439758, 0.36083292961120605, 0.9992436170578003, 0.9999964237213135, 0.9977043271064758, 0.5669887661933899, 0.9999719858169556, 0.9966394901275635, 0.9999473094940186, 0.9970388412475586, 0.9992977380752563, 0.9999563694000244, 0.9999922513961792
1, 11, 3, 2, 5, 4, 6, 18, 9, 13, 14, 7, 15, 17, 16, 8, 20, 12, 10, 19
0.9608212113380432, 0.857492983341217, 0.9971113204956055, 0.3383246064186096, 0.3974042236804962, 0.47591546177864075, 0.3780001401901245, 0.4483858644962311, 0.4802166521549225, 0.8991271257400513, 0.633019745349884, 0.7241864800453186, 0.6910463571548462, 0.9982559084892273, 0.9993515610694885, 0.6239467859268188, 0.8723008632659912, 0.6132424473762512, 0.8065643310546875, 0.7302901744842529, 0.44209936261177063, 0.384573757648468, 0.5817771553993225, 0.562103271484375, 0.9999983310699463, 0.999795138835907, 0.6322205066680908, 0.9999784231185913, 0.9073051810264587, 0.9999974966049194, 0.9999936819076538
1, 2, 4, 5, 3, 6, 7, 8, 9, 10, 11, 12, 15, 16, 17, 19, 14, 13, 18, 20
0.9988105297088623, 0.6996483206748962, 0.8261170983314514, 0.9762170910835266, 0.9031890630722046, 0.9939536452293396, 0.9362158179283142, 0.5515418648719788, 0.9663959741592407, 0.9999557733535767, 0.9983331561088562, 0.9999898672103882, 0.9974741339683533, 0.9999887943267822, 0.6684108376502991, 0.9999943971633911, 0.9883095026016235, 0.9999945163726807, 0.9999285936355591, 0.9999463558197021, 0.9916412830352783, 0.9999853372573853, 0.9933769106864929, 0.9993676543235779, 0.9968730807304382, 0.998997151851654, 0.9982330799102783, 0.9898271560668945, 0.9999873638153076, 0.999977707862854, 0.9999970197677612
5, 10, 11, 12, 13, 14, 15, 9, 8, 19, 16, 17, 18, 4, 7, 2, 1, 3, 20, 6
0.5351130962371826, 0.4711977243423462, 0.21540707349777222, 0.6721695065498352, 0.370239794254303, 0.7446181774139404, 0.6825065612792969, 0.8658319115638733, 0.9063825011253357, 0.9625077247619629, 0.956788957118988, 0.9865917563438416, 0.9997425675392151, 0.5115246772766113, 0.7735781073570251, 0.9415711760520935, 0.5111338496208191, 0.7871328592300415, 0.5397921800613403, 0.9877458214759827, 0.9339341521263123, 0.9972821474075317, 0.99989914894104, 0.8145647644996643, 0.845350444316864, 0.5767000317573547, 0.9958699345588684, 0.6667901873588562, 0.6895938515663147, 0.9999984502792358, 0.999925971031189
5, 10, 8, 9, 6, 4, 12, 18, 7, 11, 1, 2, 3, 17, 15, 14, 16, 13, 19, 20
0.4584912955760956, 0.5911241769790649, 0.9956127405166626, 0.9865831732749939, 0.43885886669158936, 0.6053404211997986, 0.5970139503479004, 0.6536732912063599, 0.4411264657974243, 0.5725825428962708, 0.9223701357841492, 0.8791012167930603, 0.8962334394454956, 0.630370020866394, 0.8702534437179565, 0.5622963309288025, 0.9959010481834412, 0.9244859218597412, 0.8079092502593994, 0.8538305759429932, 0.7573551535606384, 0.7826253175735474, 0.4184906780719757, 0.7904748320579529, 0.5331712961196899, 0.7431554198265076, 0.6258681416511536, 0.8244385719299316, 0.9990537762641907, 0.9999439716339111, 0.9999953508377075
12, 4, 6, 7, 3, 2, 9, 13, 11, 16, 1, 14, 17, 15, 5, 8, 10, 19, 20, 18
0.6563102602958679, 0.9492554068565369, 0.5493583679199219, 0.501084566116333, 0.8566489219665527, 0.37118250131607056, 0.4049549996852875, 0.514711856842041, 0.998582124710083, 0.934341311454773, 0.9979206919670105, 0.6557343006134033, 0.9974985718727112, 0.3820402920246124, 0.9958431124687195, 0.9898793697357178, 0.7161008715629578, 0.9971016049385071, 0.992965579032898, 0.8023310899734497, 0.9977220892906189, 0.6736621856689453, 0.5793699026107788, 0.9148688316345215, 0.6497694849967957, 0.9207808375358582, 0.7309611439704895, 0.9908726811408997, 0.9999980926513672, 0.9999908208847046, 0.9999909400939941
8, 7, 5, 16, 9, 10, 11, 17, 18, 19, 20, 1, 2, 3, 4, 6, 12, 13, 14, 15
0.2906768321990967, 0.7600751519203186, 0.3763261139392853, 0.5490844249725342, 0.6404227018356323, 0.6127377152442932, 0.9991045594215393, 0.9993913173675537, 0.7342391014099121, 0.9358019232749939, 0.9120035767555237, 0.6925417184829712, 0.9994491934776306, 0.9998916387557983, 0.7179244756698608, 0.6642906069755554, 0.9996602535247803, 0.9998873472213745, 0.7581145763397217, 0.6186566352844238, 0.7084124088287354, 0.9912776947021484, 0.8870910406112671, 0.9999749660491943, 0.8350000381469727, 0.9999831914901733, 0.9750736355781555, 0.9999645948410034, 0.9988651275634766, 0.9999984502792358, 0.9999988079071045
6, 13, 15, 14, 10, 8, 9, 2, 17, 7, 12, 16, 19, 18, 1, 4, 3, 5, 11, 20
0.7659190893173218, 0.6320754885673523, 0.8546322584152222, 0.7604616284370422, 0.8006044626235962, 0.7116613388061523, 0.7123197317123413, 0.7909284234046936, 0.7486929893493652, 0.25295281410217285, 0.6019220352172852, 0.6169875264167786, 0.5473938584327698, 0.9255427718162537, 0.7268661856651306, 0.9804425835609436, 0.95708829164505, 0.9541463851928711, 0.4919453561306, 0.9635822772979736, 0.7262049317359924, 0.9245696067810059, 0.4978909492492676, 0.7861389517784119, 0.8206622004508972, 0.7046902179718018, 0.7825536131858826, 0.9995313882827759, 0.9999417066574097, 0.9989975094795227, 0.9999996423721313
1, 4, 10, 7, 8, 13, 14, 15, 12, 18, 20, 9, 6, 19, 11, 16, 17, 2, 3, 5
0.9549774527549744, 0.5835152864456177, 0.4143737554550171, 0.934831976890564, 0.6380811333656311, 0.8162546157836914, 0.7803910970687866, 0.9536616206169128, 0.8637106418609619, 0.8716002106666565, 0.9989792704582214, 0.9995785355567932, 0.652439534664154, 0.7028543949127197, 0.31474319100379944, 0.7339185476303101, 0.8558177947998047, 0.9871245622634888, 0.3749690353870392, 0.3051730692386627, 0.7426382899284363, 0.7542989253997803, 0.8559170961380005, 0.9362718462944031, 0.6675150990486145, 0.9842737913131714, 0.9957463145256042, 0.9999942779541016, 0.7737329006195068, 0.9718170166015625, 0.9996194839477539
8, 15, 10, 12, 20, 6, 19, 16, 17, 18, 13, 9, 7, 4, 5, 14, 1, 2, 3, 11
0.8455414175987244, 0.38749903440475464, 0.6462210416793823, 0.39874789118766785, 0.5598239302635193, 0.447540283203125, 0.4582994282245636, 0.6268537044525146, 0.9864988327026367, 0.817929744720459, 0.5151391625404358, 0.2629249393939972, 0.6503757834434509, 0.37449759244918823, 0.874703049659729, 0.5378453135490417, 0.6408910155296326, 0.6757648587226868, 0.483826607465744, 0.7665015459060669, 0.39676812291145325, 0.26530829071998596, 0.25989681482315063, 0.5965286493301392, 0.42569246888160706, 0.5185854434967041, 0.6464405059814453, 0.4752103388309479, 0.7090109586715698, 0.9999988079071045, 0.9999868869781494
1, 11, 18, 15, 4, 3, 19, 20, 2, 5, 7, 6, 12, 9, 14, 8, 16, 17, 10, 13
0.9901530146598816, 0.8413950204849243, 0.8162115216255188, 0.9133177399635315, 0.9123075604438782, 0.45866361260414124, 0.9831046462059021, 0.6333062052726746, 0.6151655912399292, 0.4977899491786957, 0.9984531402587891, 0.8329591155052185, 0.7577451467514038, 0.6264851093292236, 0.9481571316719055, 0.9038563966751099, 0.830971896648407, 0.7601563334465027, 0.9901930093765259, 0.8038092255592346, 0.9753164649009705, 0.8544062376022339, 0.5154129862785339, 0.9989193677902222, 0.7582279443740845, 0.9987075328826904, 0.4342997968196869, 0.9999908208847046, 0.8289345502853394, 0.9999992847442627, 0.9999980926513672
1, 2, 3, 4, 5, 6, 7, 8, 9, 10, 11, 12, 13, 15, 16, 17, 18, 19, 20, 14
0.9809644818305969, 0.9367342591285706, 0.516355574131012, 0.4727964997291565, 0.8019819855690002, 0.9849528670310974, 0.8850752711296082, 0.9560729265213013, 0.9697608947753906, 0.9996553659439087, 0.9989953637123108, 0.9999743700027466, 0.99965500831604, 0.9999892711639404, 0.9996077418327332, 0.9999961853027344, 0.9994980096817017, 0.9999967813491821, 0.5077420473098755, 0.9999959468841553, 0.9563835263252258, 0.9999961853027344, 0.9898938536643982, 0.9999961853027344, 0.9972255229949951, 0.999996542930603, 0.9983172416687012, 0.7718350887298584, 0.9999314546585083, 0.9999710321426392, 0.9999994039535522
18, 17, 19, 16, 3, 15, 7, 5, 8, 4, 11, 6, 14, 10, 20, 2, 13, 12, 1, 9
0.8309552669525146, 0.9501309990882874, 0.7156400084495544, 0.5176511406898499, 0.6402301788330078, 0.6172813773155212, 0.41916558146476746, 0.6226422786712646, 0.5369585156440735, 0.5853641033172607, 0.8064828515052795, 0.46546730399131775, 0.33314186334609985, 0.3538995087146759, 0.4394209682941437, 0.6838260293006897, 0.9166086316108704, 0.7106730937957764, 0.8877393007278442, 0.8727186322212219, 0.5068194270133972, 0.974035382270813, 0.8156070113182068, 0.8354239463806152, 0.688036322593689, 0.7369566559791565, 0.8377763628959656, 0.9111332297325134, 0.6259765625, 0.6654007434844971, 0.9999659061431885
5, 1, 6, 16, 17, 19, 12, 18, 3, 10, 14, 4, 7, 13, 15, 2, 9, 8, 11, 20
0.5136645436286926, 0.4587794542312622, 0.9133813977241516, 0.6981977820396423, 0.3953436613082886, 0.7286081314086914, 0.5666406154632568, 0.7154666185379028, 0.46310919523239136, 0.7451930046081543, 0.6426260471343994, 0.6384204626083374, 0.9034788608551025, 0.6510270833969116, 0.4293941855430603, 0.6395317912101746, 0.2998183071613312, 0.7669277191162109, 0.8602645993232727, 0.42774757742881775, 0.5122255086898804, 0.8170605897903442, 0.39274826645851135, 0.5543416738510132, 0.5452343225479126, 0.7673845887184143, 0.4182799756526947, 0.695946991443634, 0.9997830986976624, 0.9999784231185913, 0.9999983310699463
4, 2, 1, 3, 5, 8, 10, 11, 9, 16, 17, 18, 13, 19, 12, 15, 6, 14, 7, 20
0.4424894154071808, 0.784454882144928, 0.5044766664505005, 0.9852426052093506, 0.9849132895469666, 0.5158244967460632, 0.6368270516395569, 0.9192607998847961, 0.761680006980896, 0.5608124136924744, 0.5648882389068604, 0.966659665107727, 0.4287082850933075, 0.9880516529083252, 0.8108481168746948, 0.9996917247772217, 0.9986234903335571, 0.997627317905426, 0.5586287379264832, 0.9931041598320007, 0.5715458989143372, 0.8540107011795044, 0.9060962200164795, 0.4750553369522095, 0.6980354189872742, 0.6226776242256165, 0.6893384456634521, 0.9984149932861328, 0.734058141708374, 0.9997417330741882, 0.9999996423721313
1, 3, 2, 4, 9, 6, 15, 16, 12, 17, 19, 20, 14, 8, 11, 5, 7, 13, 10, 18
0.8450373411178589, 0.871976375579834, 0.6163974404335022, 0.944164514541626, 0.9135039448738098, 0.5073578953742981, 0.9983358979225159, 0.9703167676925659, 0.9996024966239929, 0.9997417330741882, 0.9464436173439026, 0.5083832740783691, 0.8977680206298828, 0.3849357068538666, 0.8410050272941589, 0.808013379573822, 0.7409623861312866, 0.9999803304672241, 0.8029398918151855, 0.9870275259017944, 0.663507878780365, 0.9377539753913879, 0.46097707748413086, 0.470350980758667, 0.7057003378868103, 0.9999692440032959, 0.9303457140922546, 0.9999657869338989, 0.9912148714065552, 0.9999986886978149, 0.999994158744812
1, 2, 3, 4, 5, 6, 7, 8, 9, 10, 11, 12, 13, 14, 15, 16, 17, 18, 19, 20
0.9783464074134827, 0.9996757507324219, 0.997531533241272, 0.8980810642242432, 0.9958557486534119, 0.9940253496170044, 0.9998880624771118, 0.5809443593025208, 0.9999607801437378, 0.9998526573181152, 0.9992067217826843, 0.9999910593032837, 0.997750461101532, 0.9999845027923584, 0.9979845285415649, 0.9999969005584717, 0.9998416900634766, 0.9999969005584717, 0.9963783621788025, 0.999997615814209, 0.9999055862426758, 0.9999986886978149, 0.9999607801437378, 0.999997615814209, 0.9999598264694214, 0.9999957084655762, 0.9999898672103882, 0.9999982118606567, 0.9999982118606567, 0.9999663829803467, 0.9999904632568359
1, 2, 3, 14, 13, 11, 15, 4, 9, 20, 16, 17, 7, 12, 10, 8, 19, 18, 6, 5
0.9958176016807556, 0.5219749808311462, 0.9426670074462891, 0.8874288201332092, 0.8744738101959229, 0.9963078498840332, 0.7535017132759094, 0.9897223114967346, 0.995640754699707, 0.4365314245223999, 0.9183134436607361, 0.3162519633769989, 0.34618303179740906, 0.31980493664741516, 0.9999920129776001, 0.3308676779270172, 0.3460213243961334, 0.30887940526008606, 0.7779693603515625, 0.34884345531463623, 0.4308253824710846, 0.4219980537891388, 0.38823652267456055, 0.5138549208641052, 0.4877571165561676, 0.5016658306121826, 0.8774615526199341, 0.4334680140018463, 0.9999910593032837, 0.8265735507011414, 0.9999984502792358
3, 14, 9, 19, 5, 17, 18, 11, 6, 13, 16, 4, 12, 2, 7, 1, 15, 8, 10, 20
0.4663921296596527, 0.8195109367370605, 0.850367546081543, 0.47545868158340454, 0.7286285161972046, 0.7814189791679382, 0.3369932770729065, 0.45217716693878174, 0.779667317867279, 0.44826188683509827, 0.8407453298568726, 0.6660556197166443, 0.868584394454956, 0.6304342746734619, 0.6395937204360962, 0.8883082270622253, 0.5295127630233765, 0.6116703748703003, 0.6922722458839417, 0.4746779203414917, 0.6018379330635071, 0.42520472407341003, 0.9112691283226013, 0.9890483021736145, 0.5299859642982483, 0.9808017611503601, 0.6644984483718872, 0.5467287302017212, 0.9999573230743408, 0.9999741315841675, 0.9999992847442627
12, 13, 19, 11, 10, 14, 3, 17, 16, 18, 9, 6, 5, 1, 2, 8, 7, 15, 20, 4
0.6809889674186707, 0.7556208968162537, 0.644295334815979, 0.26891881227493286, 0.625292956829071, 0.4519689977169037, 0.5445689558982849, 0.4717065095901489, 0.4997650980949402, 0.40794119238853455, 0.5364819765090942, 0.6388055086135864, 0.46354663372039795, 0.338874489068985, 0.7241437435150146, 0.24879124760627747, 0.4102392792701721, 0.5492348670959473, 0.8811206817626953, 0.25562775135040283, 0.23340314626693726, 0.36474040150642395, 0.5579435229301453, 0.5087894797325134, 0.44141995906829834, 0.7774178385734558, 0.4666018486022949, 0.9997729659080505, 0.8394651412963867, 0.999997615814209, 0.99998939037323
1, 5, 10, 2, 3, 4, 7, 6, 8, 9, 11, 12, 13, 15, 16, 17, 18, 19, 20, 14
0.9448032975196838, 0.4326949119567871, 0.9045363664627075, 0.9957928657531738, 0.703062117099762, 0.6482155323028564, 0.9805650115013123, 0.42178457975387573, 0.5473107099533081, 0.9968632459640503, 0.9759042859077454, 0.9999035596847534, 0.9972589015960693, 0.9999345541000366, 0.7901883125305176, 0.9999779462814331, 0.9995920062065125, 0.9999897480010986, 0.9978734254837036, 0.9999927282333374, 0.9998084902763367, 0.9999942779541016, 0.999775230884552, 0.9999939203262329, 0.9998190999031067, 0.9999707937240601, 0.9973226189613342, 0.8774253726005554, 0.9999833106994629, 0.9999455213546753, 0.9999997615814209
1, 20, 2, 10, 14, 3, 5, 17, 16, 18, 15, 8, 9, 13, 19, 6, 4, 7, 12, 11
0.9767066240310669, 0.9800905585289001, 0.7716350555419922, 0.5053607821464539, 0.970605194568634, 0.5723292231559753, 0.9651609063148499, 0.9966263771057129, 0.8454205989837646, 0.5213167071342468, 0.6964403986930847, 0.9721831679344177, 0.8951992988586426, 0.924895703792572, 0.8483249545097351, 0.7704950571060181, 0.6003092527389526, 0.9816360473632812, 0.8053596019744873, 0.4946666657924652, 0.8894134759902954, 0.988582968711853, 0.9441310167312622, 0.9966508746147156, 0.9397549629211426, 0.6156952977180481, 0.6187751889228821, 0.9999755620956421, 0.5888859629631042, 0.9999997615814209, 0.9999827146530151
1, 2, 6, 11, 17, 7, 9, 13, 10, 18, 12, 19, 14, 15, 4, 5, 8, 3, 16, 20
0.98127281665802, 0.6225907802581787, 0.9704387187957764, 0.9954494833946228, 0.7650024890899658, 0.8791791796684265, 0.9986685514450073, 0.8883345723152161, 0.6278339624404907, 0.996699869632721, 0.9855635166168213, 0.986504077911377, 0.7911382913589478, 0.9996451139450073, 0.9995560050010681, 0.8853236436843872, 0.5394943356513977, 0.903178870677948, 0.6542860865592957, 0.547612726688385, 0.7073636054992676, 0.9871090650558472, 0.9982782602310181, 0.6191427111625671, 0.9216002225875854, 0.6175962686538696, 0.5795076489448547, 0.8961719870567322, 0.9999827146530151, 0.9999616146087646, 0.9999982118606567
5, 4, 3, 8, 9, 11, 15, 2, 13, 1, 7, 12, 6, 10, 14, 16, 17, 18, 19, 20
0.6224731802940369, 0.60455322265625, 0.4923974573612213, 0.5536019206047058, 0.8887407779693604, 0.9711126685142517, 0.6279057264328003, 0.9963369369506836, 0.999923586845398, 0.6144676208496094, 0.98019939661026, 0.9752758741378784, 0.6019742488861084, 0.8283732533454895, 0.9481402039527893, 0.9987296462059021, 0.989337682723999, 0.9986830353736877, 0.8519154787063599, 0.9979081153869629, 0.9699968099594116, 0.9973189234733582, 0.9985998272895813, 0.9999240636825562, 0.9996696710586548, 0.999976396560669, 0.9999817609786987, 0.9999376535415649, 0.9999997615814209, 0.9999896287918091, 0.9999996423721313
1, 2, 3, 4, 5, 6, 7, 8, 15, 17, 13, 9, 16, 10, 18, 20, 19, 11, 12, 14
0.9488527774810791, 0.8579729795455933, 0.999250590801239, 0.9991430044174194, 0.9991718530654907, 0.6147220134735107, 0.993778645992279, 0.9292145371437073, 0.58885258436203, 0.8337024450302124, 0.9069778323173523, 0.9317943453788757, 0.7226625680923462, 0.9403087496757507, 0.9083853363990784, 0.9974721074104309, 0.6677660346031189, 0.7430990934371948, 0.9575617909431458, 0.724547803401947, 0.7005208730697632, 0.6583576798439026, 0.9999855756759644, 0.9989333748817444, 0.9098563194274902, 0.9999614953994751, 0.8300109505653381, 0.9999973773956299, 0.9995703101158142, 0.9999943971633911, 0.9999997615814209
1, 2, 3, 4, 5, 6, 9, 13, 12, 7, 8, 11, 10, 14, 15, 16, 17, 18, 19, 20
0.7840570211410522, 0.8997941613197327, 0.9988917708396912, 0.9886716604232788, 0.7131657600402832, 0.9492179155349731, 0.49845489859580994, 0.930742084980011, 0.6191047430038452, 0.994767427444458, 0.997832715511322, 0.7721326947212219, 0.9996974468231201, 0.9887121915817261, 0.6739475727081299, 0.9858394861221313, 0.38056817650794983, 0.9915298223495483, 0.8630207180976868, 0.9932636022567749, 0.9159947037696838, 0.9988918900489807, 0.5915835499763489, 0.9998668432235718, 0.9968383312225342, 0.9996724128723145, 0.9985876083374023, 0.9994020462036133, 0.9999994039535522, 0.9999923706054688, 0.9999973773956299
15, 8, 14, 17, 12, 20, 9, 4, 11, 7, 18, 1, 3, 16, 19, 10, 13, 5, 6, 2
0.7057660222053528, 0.7109032869338989, 0.44679421186447144, 0.7547405362129211, 0.8159286379814148, 0.708722710609436, 0.577079176902771, 0.8436194658279419, 0.8704900741577148, 0.5416303873062134, 0.9958068132400513, 0.7098844647407532, 0.7626075744628906, 0.5450888872146606, 0.620777428150177, 0.503216564655304, 0.9963220357894897, 0.9852229356765747, 0.9290817975997925, 0.8190652132034302, 0.5510926842689514, 0.5323899984359741, 0.6520113945007324, 0.9099750518798828, 0.6656462550163269, 0.5658522248268127, 0.6890324354171753, 0.9997261166572571, 0.5596963167190552, 0.9822559356689453, 0.9999698400497437
2, 15, 18, 17, 3, 8, 5, 6, 7, 14, 10, 19, 11, 1, 4, 9, 20, 13, 16, 12
0.5811597108840942, 0.984454870223999, 0.9911890029907227, 0.7837904095649719, 0.5553222894668579, 0.9904098510742188, 0.9996176958084106, 0.7142991423606873, 0.470956951379776, 0.47245386242866516, 0.9823746085166931, 0.814172625541687, 0.8673821687698364, 0.5046454071998596, 0.7496185898780823, 0.6292435526847839, 0.5792601704597473, 0.5982154607772827, 0.6098940968513489, 0.47896113991737366, 0.5223786234855652, 0.5625080466270447, 0.5126603245735168, 0.5505574345588684, 0.9999964237213135, 0.9996511936187744, 0.5455528497695923, 0.9998856782913208, 0.5389746427536011, 0.9999732971191406, 0.9999982118606567
7, 10, 18, 2, 12, 16, 14, 11, 13, 15, 17, 19, 4, 9, 3, 8, 6, 1, 5, 20
0.8529897332191467, 0.7968248128890991, 0.6332909464836121, 0.7843319177627563, 0.847141683101654, 0.6554841995239258, 0.9866329431533813, 0.9296547174453735, 0.9651846289634705, 0.5377145409584045, 0.9090383648872375, 0.9217029809951782, 0.9435871839523315, 0.4268207550048828, 0.8320536613464355, 0.5814409852027893, 0.9512068033218384, 0.8533790707588196, 0.9421627521514893, 0.5926762223243713, 0.9211995601654053, 0.9493392109870911, 0.512033224105835, 0.9053734540939331, 0.4320012927055359, 0.6656023859977722, 0.6433573365211487, 0.4937542974948883, 0.8866366147994995, 0.9999904632568359, 0.9999992847442627
1, 3, 4, 15, 19, 20, 18, 5, 7, 12, 13, 11, 16, 2, 14, 10, 9, 17, 6, 8
0.9975646734237671, 0.6678773760795593, 0.6035661101341248, 0.4183160066604614, 0.8966741561889648, 0.8485435247421265, 0.9424031972885132, 0.9995163679122925, 0.9998241066932678, 0.8468865752220154, 0.9874195456504822, 0.40637609362602234, 0.4479902386665344, 0.8044865131378174, 0.6378450989723206, 0.9999340772628784, 0.9999433755874634, 0.48221930861473083, 0.7013298273086548, 0.6418582201004028, 0.9390435218811035, 0.6469919681549072, 0.6892147064208984, 0.9833522439002991, 0.5869331359863281, 0.9890450239181519, 0.9994396567344666, 0.5930179953575134, 0.999718964099884, 0.8236306309700012, 0.9996618032455444
5, 16, 13, 12, 11, 18, 6, 1, 19, 17, 10, 8, 15, 4, 9, 20, 7, 2, 14, 3
0.9038524031639099, 0.9253644347190857, 0.4866863787174225, 0.9386217594146729, 0.88524329662323, 0.8906113505363464, 0.6077207922935486, 0.6805515289306641, 0.731256902217865, 0.609761118888855, 0.9866430759429932, 0.9463239312171936, 0.9725552201271057, 0.8972418904304504, 0.6008374094963074, 0.9064391255378723, 0.46058353781700134, 0.7324731945991516, 0.7425244450569153, 0.6462252736091614, 0.31069689989089966, 0.9855085015296936, 0.45370662212371826, 0.4521799385547638, 0.7670789957046509, 0.936272382736206, 0.67798912525177, 0.9782982468605042, 0.7904497981071472, 0.999998927116394, 0.9999855756759644
1, 6, 3, 16, 2, 13, 10, 8, 7, 9, 14, 20, 4, 18, 11, 12, 17, 15, 5, 19
0.9516390562057495, 0.8170639276504517, 0.7623959183692932, 0.7331685423851013, 0.9446167945861816, 0.6822298765182495, 0.9915504455566406, 0.8413059115409851, 0.9488986134529114, 0.9979714751243591, 0.4921698570251465, 0.47438591718673706, 0.9892746806144714, 0.736957848072052, 0.9955190420150757, 0.37860867381095886, 0.9999988079071045, 0.5134491324424744, 0.9901677370071411, 0.9221020936965942, 0.981391966342926, 0.7079274654388428, 0.9828537702560425, 0.5490285158157349, 0.9796280860900879, 0.5309632420539856, 0.9314488768577576, 0.9986679553985596, 0.8871970772743225, 0.999998927116394, 0.999998927116394
1, 2, 3, 11, 16, 19, 13, 18, 10, 17, 9, 7, 14, 12, 15, 4, 5, 6, 8, 20
0.6866124868392944, 0.5629947185516357, 0.9921974539756775, 0.8853002190589905, 0.9356554746627808, 0.8712709546089172, 0.7792869806289673, 0.9326969981193542, 0.7733293175697327, 0.8869438767433167, 0.5640961527824402, 0.8856682777404785, 0.4336390495300293, 0.7433065176010132, 0.37373045086860657, 0.8870086669921875, 0.9954414367675781, 0.859767496585846, 0.8474518656730652, 0.6688047647476196, 0.5320138335227966, 0.6501039266586304, 0.8476107716560364, 0.38396191596984863, 0.9996404647827148, 0.4834407567977905, 0.9917699098587036, 0.9999853372573853, 0.9598783254623413, 0.9999963045120239, 0.999998927116394
1, 2, 3, 8, 16, 6, 5, 11, 14, 7, 17, 18, 12, 13, 10, 19, 15, 4, 9, 20
0.855229377746582, 0.5879715085029602, 0.9997612833976746, 0.9566041231155396, 0.995208203792572, 0.9998064637184143, 0.38776737451553345, 0.5827762484550476, 0.6242382526397705, 0.9498733282089233, 0.5039798617362976, 0.8698729276657104, 0.7478281259536743, 0.9736614227294922, 0.8767033219337463, 0.9665578007698059, 0.9653081297874451, 0.6861638426780701, 0.5630165934562683, 0.9998935461044312, 0.999923586845398, 0.6584632396697998, 0.9156308770179749, 0.7258671522140503, 0.6369710564613342, 0.6030614972114563, 0.9999310970306396, 0.5235850811004639, 0.8922196626663208, 0.9999784231185913, 0.9999988079071045
1, 20, 13, 12, 14, 17, 15, 8, 7, 18, 10, 4, 19, 11, 6, 3, 2, 5, 9, 16
0.8597385287284851, 0.5077978372573853, 0.6919718980789185, 0.9163614511489868, 0.5727202892303467, 0.9984114170074463, 0.9658912420272827, 0.9900980591773987, 0.9980787038803101, 0.6876580715179443, 0.6636520624160767, 0.34544637799263, 0.40357300639152527, 0.39595773816108704, 0.5466741919517517, 0.5972635746002197, 0.3949688673019409, 0.5070761442184448, 0.9307414293289185, 0.7602258324623108, 0.45416709780693054, 0.5656859874725342, 0.6002710461616516, 0.9235635995864868, 0.8608051538467407, 0.6094361543655396, 0.3341764211654663, 0.631454586982727, 0.5580664873123169, 0.9999699592590332, 0.9999969005584717
1, 2, 8, 14, 15, 16, 9, 4, 12, 13, 7, 10, 20, 19, 11, 17, 18, 5, 3, 6
0.9980840682983398, 0.359035462141037, 0.5519471168518066, 0.9943496584892273, 0.9158040881156921, 0.9997443556785583, 0.9997636675834656, 0.6361441016197205, 0.9977889060974121, 0.9824727773666382, 0.5305957794189453, 0.7505145072937012, 0.7420040965080261, 0.9996916055679321, 0.9998828172683716, 0.5776952505111694, 0.6441919803619385, 0.6471602320671082, 0.4442593455314636, 0.9999958276748657, 0.3458946943283081, 0.8904460072517395, 0.5076596140861511, 0.6222665905952454, 0.9222379326820374, 0.5117075443267822, 0.9034783840179443, 0.9999781847000122, 0.42301762104034424, 0.5337706208229065, 0.9998350143432617
3, 10, 8, 13, 1, 2, 6, 14, 16, 15, 17, 4, 11, 12, 7, 19, 20, 9, 18, 5
0.9573901891708374, 0.711919903755188, 0.6458631753921509, 0.46230804920196533, 0.8686686158180237, 0.6410604119300842, 0.8498637080192566, 0.7349495887756348, 0.6199607849121094, 0.5093320608139038, 0.539443850517273, 0.647916853427887, 0.5605471730232239, 0.7211535573005676, 0.8613729476928711, 0.75972980260849, 0.9388663172721863, 0.6395136713981628, 0.9831137657165527, 0.9580464959144592, 0.7670876979827881, 0.5912958383560181, 0.7151916027069092, 0.5252792239189148, 0.995284378528595, 0.9999107122421265, 0.9999955892562866, 0.9934117197990417, 0.9977850914001465, 0.9999973773956299, 0.9999891519546509
4, 2, 1, 3, 7, 8, 11, 16, 10, 6, 12, 9, 5, 15, 14, 19, 17, 13, 18, 20
0.3918877840042114, 0.684432864189148, 0.4404950439929962, 0.5763074159622192, 0.734190046787262, 0.6263336539268494, 0.9911694526672363, 0.9541767835617065, 0.9514661431312561, 0.7333011627197266, 0.7916938662528992, 0.8924948573112488, 0.7954419851303101, 0.8279150128364563, 0.9901573657989502, 0.9144241213798523, 0.8027718663215637, 0.9999567270278931, 0.9338306188583374, 0.999518871307373, 0.9986193180084229, 0.9949797987937927, 0.9788690209388733, 0.9934586882591248, 0.9599047899246216, 0.9976935982704163, 0.9207344651222229, 0.9970154762268066, 0.9999761581420898, 0.9999805688858032, 0.9999997615814209
20, 2, 3, 1, 7, 8, 6, 5, 4, 10, 11, 9, 13, 14, 17, 18, 19, 12, 16, 15
0.9061177372932434, 0.9479511976242065, 0.29356855154037476, 0.9976080656051636, 0.3188881576061249, 0.2978614866733551, 0.6401733160018921, 0.8981120586395264, 0.8426428437232971, 0.997617781162262, 0.9499614238739014, 0.8632621765136719, 0.9001739621162415, 0.9851235747337341, 0.7472016215324402, 0.9995644688606262, 0.9474999308586121, 0.9991390705108643, 0.6500400900840759, 0.9990519881248474, 0.8968688249588013, 0.9995657801628113, 0.698358952999115, 0.9995390176773071, 0.9952203631401062, 0.9975920915603638, 0.6803098917007446, 0.9993106126785278, 0.7154136300086975, 0.9999302625656128, 0.9999996423721313
1, 2, 7, 18, 19, 15, 8, 6, 16, 4, 12, 13, 5, 11, 9, 10, 3, 17, 14, 20
0.8055656552314758, 0.9995594620704651, 0.3731544613838196, 0.7128112316131592, 0.5124608278274536, 0.9988322854042053, 0.995699405670166, 0.5020448565483093, 0.985373854637146, 0.7625526785850525, 0.7668015956878662, 0.598175585269928, 0.6016610860824585, 0.4333771765232086, 0.9029561281204224, 0.9289429187774658, 0.6645424962043762, 0.9970462918281555, 0.9180858135223389, 0.8950167298316956, 0.9888295531272888, 0.6680390238761902, 0.999675989151001, 0.9999586343765259, 0.95211261510849, 0.9951412677764893, 0.5583088397979736, 0.9881274104118347, 0.9999958276748657, 0.9998799562454224, 0.9999997615814209
1, 7, 17, 10, 8, 9, 15, 18, 5, 2, 16, 13, 14, 12, 19, 11, 20, 3, 4, 6
0.9997474551200867, 0.7472727298736572, 0.8613898754119873, 0.9904226064682007, 0.6645499467849731, 0.995414137840271, 0.6179609298706055, 0.7793741822242737, 0.5464359521865845, 0.5978795886039734, 0.8621451258659363, 0.9097065925598145, 0.5497105121612549, 0.9438934922218323, 0.7586864829063416, 0.6635112762451172, 0.7358120679855347, 0.4656212329864502, 0.9977455735206604, 0.99906986951828, 0.7781582474708557, 0.9098517894744873, 0.5817700624465942, 0.5774131417274475, 0.61063551902771, 0.9999070167541504, 0.9040525555610657, 0.9999992847442627, 0.5053125619888306, 0.9099560976028442, 0.9992197751998901
1, 3, 7, 13, 16, 18, 4, 5, 9, 14, 15, 17, 19, 20, 6, 8, 10, 11, 2, 12
0.3267194330692291, 0.6204749345779419, 0.6410804986953735, 0.8597944974899292, 0.5640148520469666, 0.9841083884239197, 0.9807767271995544, 0.9393985271453857, 0.9907057881355286, 0.4255138337612152, 0.6795443296432495, 0.8033729195594788, 0.9107342958450317, 0.8531044721603394, 0.574777364730835, 0.30671972036361694, 0.8909391164779663, 0.783887505531311, 0.9309931993484497, 0.9829902648925781, 0.9915424585342407, 0.993769109249115, 0.4278733730316162, 0.9432089328765869, 0.8006678819656372, 0.8728902339935303, 0.9987896084785461, 0.9997474551200867, 0.6757584810256958, 0.9999767541885376, 0.9999610185623169
6, 8, 10, 15, 5, 4, 1, 3, 2, 11, 20, 9, 13, 7, 16, 18, 17, 19, 12, 14
0.3388558626174927, 0.6497980952262878, 0.7553778290748596, 0.6351848840713501, 0.487348735332489, 0.6192067265510559, 0.2984751760959625, 0.5738226771354675, 0.6327993869781494, 0.7800600528717041, 0.9579974412918091, 0.9773581027984619, 0.9988486766815186, 0.7877241969108582, 0.9999926090240479, 0.9622939825057983, 0.9949014186859131, 0.9991307854652405, 0.651186466217041, 0.9998031258583069, 0.9581311941146851, 0.9998924732208252, 0.8652232885360718, 0.9999330043792725, 0.44164150953292847, 0.9999144077301025, 0.7743366360664368, 0.9999794960021973, 0.9362784028053284, 0.9999995231628418, 0.9999996423721313
16, 14, 15, 19, 9, 7, 13, 6, 5, 1, 12, 3, 4, 17, 10, 2, 11, 20, 18, 8
0.6813176870346069, 0.8615623712539673, 0.5452389717102051, 0.30262064933776855, 0.37180259823799133, 0.391478568315506, 0.3244940936565399, 0.34302061796188354, 0.39528682827949524, 0.5248667001724243, 0.6083565354347229, 0.6081665754318237, 0.5819211602210999, 0.6824649572372437, 0.6796009540557861, 0.6524367332458496, 0.8262835144996643, 0.5414739847183228, 0.4370238482952118, 0.6541014313697815, 0.7376409769058228, 0.7738567590713501, 0.9610825181007385, 0.5253021121025085, 0.7998457551002502, 0.8683937191963196, 0.9499109983444214, 0.9999971389770508, 0.8171199560165405, 0.9999520778656006, 0.9999901056289673
