1, 16, 3, 15, 14, 11, 10, 2, 8, 12, 7, 18, 13, 19, 6, 4, 5, 9, 17, 20
0.9998196959495544, 0.9632026553153992, 0.999657392501831, 0.5335133671760559, 0.581000566482544, 0.35097265243530273, 0.6535059809684753, 0.36660757660865784, 0.5217674970626831, 0.5573919415473938, 0.5434184670448303, 0.599970817565918, 0.3090243339538574, 0.5855764746665955, 0.43304699659347534, 0.7547484040260315, 0.5255576372146606, 0.5858416557312012, 0.8878743052482605, 0.2975081503391266, 0.7850093841552734, 0.26337164640426636, 0.9591124057769775, 0.9291988015174866, 0.41807815432548523, 0.45132938027381897, 0.9092704057693481, 0.7401682734489441, 0.9999855756759644, 0.991931140422821, 0.9999997615814209
1, 2, 3, 4, 5, 6, 7, 8, 9, 10, 11, 12, 13, 14, 15, 16, 17, 18, 19, 20
0.9165494441986084, 0.989050030708313, 0.9581076502799988, 0.9610094428062439, 0.8514097929000854, 0.9995535016059875, 0.999945878982544, 0.9868950843811035, 0.9978839755058289, 1.0, 0.9975913763046265, 1.0, 0.9999704360961914, 1.0, 0.9999322891235352, 1.0, 0.9999977350234985, 0.9999992847442627, 0.8829687237739563, 1.0, 0.9999980926513672, 1.0, 0.9999991655349731, 1.0, 0.9999997615814209, 1.0, 0.9999995231628418, 0.9999997615814209, 0.9999994039535522, 0.9999182224273682, 0.9999988079071045
1, 2, 4, 5, 7, 9, 10, 11, 14, 15, 16, 19, 3, 6, 8, 12, 13, 17, 18, 20
0.9768164753913879, 0.5108027458190918, 0.6577884554862976, 0.5639635920524597, 0.868877112865448, 0.9885773658752441, 0.9999159574508667, 0.5142127871513367, 0.9998362064361572, 0.9613469839096069, 0.9997420907020569, 0.6755015850067139, 0.9591701030731201, 0.8359711766242981, 0.9520403146743774, 0.9585481882095337, 0.6323913931846619, 0.3380122184753418, 0.4937640130519867, 0.9769114851951599, 0.9977009892463684, 0.9999992847442627, 0.952239990234375, 1.0, 0.9994623064994812, 0.9999995231628418, 0.9999582767486572, 0.9999996423721313, 0.9999997615814209, 0.9879289269447327, 0.9999969005584717
1, 5, 6, 15, 12, 8, 10, 18, 2, 3, 11, 13, 14, 7, 16, 17, 4, 9, 19, 20
0.993556797504425, 0.7660391926765442, 0.47834718227386475, 0.6509259939193726, 0.8053491115570068, 0.895430326461792, 0.9781492352485657, 0.5279199481010437, 0.8174372315406799, 0.8014881014823914, 0.4370048940181732, 0.4195382595062256, 0.46801137924194336, 0.43284156918525696, 0.3395705819129944, 0.6549659967422485, 0.5540716648101807, 0.732040524482727, 0.8358869552612305, 0.504253089427948, 0.5324658155441284, 0.45301252603530884, 0.7416065335273743, 0.470249205827713, 0.5389108061790466, 0.49572044610977173, 0.7869352102279663, 0.9986540079116821, 0.9999926090240479, 0.9314532279968262, 0.9999994039535522
1, 3, 13, 10, 8, 5, 12, 16, 17, 2, 4, 14, 15, 7, 6, 11, 18, 19, 9, 20
0.9978780746459961, 0.783814549446106, 0.91953045129776, 0.8811543583869934, 0.6907898187637329, 0.8248635530471802, 0.43462881445884705, 0.6458263397216797, 0.5267134308815002, 0.3672599494457245, 0.49969518184661865, 0.8266276121139526, 0.5983946323394775, 0.8534117341041565, 0.4990488588809967, 0.5825915336608887, 0.589723527431488, 0.7926153540611267, 0.5148486495018005, 0.9012927412986755, 0.5995088219642639, 0.486606627702713, 0.6325174570083618, 0.48245614767074585, 0.7333305478096008, 0.7606378197669983, 0.9076847434043884, 0.9999967813491821, 0.812444269657135, 0.9615256190299988, 0.9999991655349731
1, 4, 5, 3, 2, 8, 9, 13, 14, 15, 12, 6, 11, 7, 16, 19, 18, 10, 20, 17
0.9998109936714172, 0.8350250124931335, 0.3863144814968109, 0.323607474565506, 0.663731038570404, 0.5364235639572144, 0.7914242744445801, 0.9011871814727783, 0.4992204010486603, 0.7876864671707153, 0.43373364210128784, 0.6914029717445374, 0.773998498916626, 0.5563992857933044, 0.6766051054000854, 0.6118664741516113, 0.8266459703445435, 0.7432037591934204, 0.6755540370941162, 0.9979990124702454, 0.47300097346305847, 0.9988375306129456, 0.5119740962982178, 0.9986346364021301, 0.6949944496154785, 0.9683657884597778, 0.8596392273902893, 0.5544589757919312, 0.9999834299087524, 0.9999969005584717, 0.999984860420227
1, 2, 3, 5, 6, 11, 12, 13, 14, 15, 18, 19, 7, 8, 9, 10, 16, 17, 4, 20
0.9997484087944031, 0.37026557326316833, 0.9713838696479797, 0.5769396424293518, 0.9999217987060547, 0.7223802208900452, 0.7225104570388794, 0.9852064251899719, 0.9792055487632751, 0.9591904878616333, 0.3095032274723053, 0.9999743700027466, 0.5835943222045898, 0.9999792575836182, 0.994666576385498, 0.9767637252807617, 0.8027852177619934, 0.48296108841896057, 0.696621835231781, 0.4517059028148651, 0.4901562035083771, 0.7528239488601685, 0.9916786551475525, 0.9200000166893005, 0.9407860040664673, 0.9631743431091309, 0.9956592917442322, 0.9999996423721313, 0.9348708987236023, 0.49999845027923584, 0.6269968748092651
1, 2, 3, 4, 6, 8, 9, 12, 13, 14, 15, 17, 7, 11, 16, 18, 19, 5, 10, 20
0.9706000685691833, 0.9040359854698181, 0.9976063966751099, 0.997930645942688, 0.5943894386291504, 0.7052595615386963, 0.5812855362892151, 0.9999982118606567, 0.5197159051895142, 0.9998683929443359, 0.997918426990509, 0.988331139087677, 0.7938152551651001, 0.9829913973808289, 0.9701206684112549, 0.6419915556907654, 0.834759533405304, 0.6855276226997375, 0.9850237369537354, 0.5091056227684021, 0.894273579120636, 0.8637078404426575, 0.6354982256889343, 0.9660193920135498, 0.7946912050247192, 0.9972859621047974, 0.9535672068595886, 0.9937076568603516, 0.999997615814209, 0.989180326461792, 1.0
1, 2, 3, 5, 6, 7, 8, 9, 11, 12, 13, 15, 16, 17, 18, 19, 20, 4, 10, 14
0.9654190540313721, 0.5707607269287109, 0.997036337852478, 0.7173665761947632, 0.9942664504051208, 0.9774978756904602, 0.9765022993087769, 0.8006594181060791, 0.9999842643737793, 0.7984523177146912, 0.9999911785125732, 0.5300983190536499, 0.9999992847442627, 0.8937154412269592, 0.9999940395355225, 0.9475613236427307, 0.9999895095825195, 0.9600426554679871, 0.9998643398284912, 0.9930169582366943, 0.961524486541748, 0.9741106033325195, 0.8198646306991577, 0.992363452911377, 0.5629814863204956, 0.999998927116394, 0.9850422739982605, 0.9999405145645142, 0.914898157119751, 1.0, 0.9999974966049194
1, 11, 16, 13, 6, 3, 9, 7, 12, 2, 5, 8, 14, 15, 17, 18, 19, 4, 10, 20
0.997831404209137, 0.7909743189811707, 0.9471945762634277, 0.7513921856880188, 0.3490234911441803, 0.5601533055305481, 0.4825235903263092, 0.30010437965393066, 0.5698933601379395, 0.381007581949234, 0.3912670612335205, 0.7643136978149414, 0.5729371905326843, 0.41937193274497986, 0.3286563456058502, 0.48649364709854126, 0.9644044637680054, 0.6704723834991455, 0.9612131118774414, 0.5383079648017883, 0.8804359436035156, 0.3550569713115692, 0.9890025854110718, 0.957085907459259, 0.6911540627479553, 0.7310400009155273, 0.806759774684906, 0.9916766881942749, 0.9999958276748657, 0.6442235112190247, 0.6867387294769287
1, 6, 11, 13, 16, 18, 3, 4, 7, 9, 10, 12, 14, 15, 2, 5, 8, 17, 19, 20
0.8870307207107544, 0.8596659898757935, 0.7964603304862976, 0.7743829488754272, 0.8694638609886169, 0.5076423287391663, 0.8943465948104858, 0.641928493976593, 0.7444590926170349, 0.8417296409606934, 0.4948377311229706, 0.7038925886154175, 0.6490539908409119, 0.4180562496185303, 0.9999346733093262, 0.9977561831474304, 0.9951819777488708, 0.7898801565170288, 0.9900741577148438, 0.9860652685165405, 0.9789628386497498, 0.9932637214660645, 0.9940950870513916, 0.9987049102783203, 0.9898260831832886, 0.9999954700469971, 0.9865673780441284, 0.9998857975006104, 0.9999996423721313, 0.9940811991691589, 0.9999998807907104
1, 7, 13, 12, 4, 2, 3, 6, 5, 11, 15, 16, 19, 18, 9, 10, 14, 8, 17, 20
0.9994723200798035, 0.549504280090332, 0.4947197139263153, 0.9165410399436951, 0.4263129234313965, 0.9968488812446594, 0.31672075390815735, 0.7344235181808472, 0.5006743669509888, 0.5274105072021484, 0.6120200157165527, 0.9665968418121338, 0.4249124526977539, 0.974240243434906, 0.6528530716896057, 0.9229292273521423, 0.8893234133720398, 0.78404301404953, 0.622005820274353, 0.4506329596042633, 0.7486627101898193, 0.5842555165290833, 0.880786120891571, 0.6841903924942017, 0.5952243208885193, 0.7826229929924011, 0.5513536334037781, 0.8499683737754822, 0.9999873638153076, 0.8633810877799988, 0.9999991655349731
1, 2, 3, 4, 5, 6, 7, 8, 9, 10, 11, 12, 13, 14, 15, 16, 17, 18, 19, 20
0.7662894129753113, 0.9968795776367188, 0.6835016012191772, 0.5831312537193298, 0.9979662895202637, 0.909347414970398, 0.9998880624771118, 0.9878581762313843, 0.9999148845672607, 0.9999996423721313, 0.9998695850372314, 1.0, 0.9999964237213135, 1.0, 0.9999344348907471, 1.0, 0.9999862909317017, 1.0, 0.9999856948852539, 1.0, 0.9999991655349731, 1.0, 0.9999982118606567, 1.0, 1.0, 1.0, 0.9999990463256836, 0.9999994039535522, 0.9999997615814209, 0.999879002571106, 0.9999986886978149
1, 2, 3, 4, 5, 6, 7, 8, 9, 10, 12, 13, 14, 15, 16, 17, 18, 19, 20, 11
0.9912277460098267, 0.9792189002037048, 0.9999107122421265, 0.9999850988388062, 0.999990701675415, 0.9999557733535767, 0.9997110962867737, 0.9862375259399414, 0.9959293007850647, 0.9999923706054688, 0.6126111745834351, 0.9999996423721313, 0.5796200037002563, 0.999997615814209, 0.7928370833396912, 0.9999878406524658, 0.9110525846481323, 0.9999876022338867, 0.9142267107963562, 0.999998927116394, 0.6923866868019104, 0.9999872446060181, 0.9442459344863892, 0.9999927282333374, 0.9401407241821289, 0.9999973773956299, 0.9999632835388184, 0.9932149648666382, 0.9999961853027344, 0.9999971389770508, 0.9999961853027344
1, 2, 3, 4, 5, 6, 7, 8, 9, 11, 12, 13, 15, 16, 18, 20, 10, 14, 17, 19
0.9946644306182861, 0.8725486993789673, 0.9956514239311218, 0.9091843962669373, 0.9568907022476196, 0.7173274755477905, 0.9972732663154602, 0.8677472472190857, 0.8670328855514526, 0.9999997615814209, 0.6442176103591919, 0.9999290704727173, 0.859375536441803, 0.9999996423721313, 0.9726205468177795, 0.9999982118606567, 0.6656864881515503, 0.9997267127037048, 0.9543376564979553, 0.9992756247520447, 0.6102665066719055, 0.7955869436264038, 0.9999972581863403, 0.9999808073043823, 0.9673343896865845, 0.9999994039535522, 0.8638595342636108, 0.9999998807907104, 0.9974074959754944, 0.9999998807907104, 0.9999986886978149
1, 4, 5, 9, 11, 15, 16, 7, 8, 2, 6, 12, 13, 14, 17, 19, 3, 18, 10, 20
0.999624490737915, 0.7523256540298462, 0.7195453643798828, 0.4499249756336212, 0.7626106142997742, 0.5033372044563293, 0.9015154242515564, 0.9068509340286255, 0.5233748555183411, 0.909906804561615, 0.41101184487342834, 0.7704195976257324, 0.4649204909801483, 0.4378242790699005, 0.9769748449325562, 0.6233318448066711, 0.9572553038597107, 0.8775412440299988, 0.9123442769050598, 0.7451227903366089, 0.7955487370491028, 0.8307170867919922, 0.9362557530403137, 0.5196269750595093, 0.5449318289756775, 0.9996592998504639, 0.535081684589386, 0.9982415437698364, 0.9999662637710571, 0.5467357635498047, 0.9999994039535522
19, 3, 5, 6, 1, 2, 4, 7, 8, 9, 10, 11, 12, 13, 14, 15, 16, 17, 18, 20
0.750575602054596, 0.8528736233711243, 0.45811960101127625, 0.7219669818878174, 0.9556139707565308, 0.6778970956802368, 0.9988346695899963, 0.6532399654388428, 0.825402557849884, 0.9977248311042786, 0.9999997615814209, 0.9999998807907104, 0.9999476671218872, 1.0, 0.9999985694885254, 1.0, 0.9999819993972778, 1.0, 0.9999997615814209, 1.0, 0.9999750852584839, 1.0, 0.9999758005142212, 1.0, 0.9999948740005493, 1.0, 0.9999992847442627, 0.9999992847442627, 0.9999994039535522, 0.7371545433998108, 0.9999994039535522
1, 2, 3, 4, 5, 6, 8, 9, 10, 11, 12, 14, 15, 16, 17, 18, 19, 20, 7, 13
0.5745720863342285, 0.9962357878684998, 0.9789000749588013, 0.5124381184577942, 0.9962952733039856, 0.8353568315505981, 0.5002421140670776, 0.9916447997093201, 0.9923893809318542, 0.6928002834320068, 0.9940172433853149, 0.8341705799102783, 0.9999070167541504, 0.9464494585990906, 0.9996265172958374, 0.41533362865448, 0.9996275901794434, 0.9922971129417419, 0.990517795085907, 0.7428135275840759, 0.9962077140808105, 0.6981695890426636, 0.9916408061981201, 0.9977999329566956, 0.9498985409736633, 0.8459053039550781, 0.5944308638572693, 0.999991774559021, 0.9273626208305359, 0.9999990463256836, 0.9999959468841553
12, 6, 3, 1, 2, 9, 15, 16, 13, 7, 11, 14, 18, 5, 10, 8, 19, 20, 4, 17
0.9467811584472656, 0.8852157592773438, 0.6281941533088684, 0.5892336368560791, 0.40609532594680786, 0.5843459963798523, 0.7755576372146606, 0.7027416825294495, 0.4209461510181427, 0.9608331918716431, 0.5304117202758789, 0.5915402173995972, 0.7801443338394165, 0.5370853543281555, 0.7109739780426025, 0.43808484077453613, 0.6082080602645874, 0.6059436202049255, 0.46094733476638794, 0.6685780882835388, 0.5992605090141296, 0.6368818879127502, 0.6161693334579468, 0.4424358308315277, 0.8837136030197144, 0.5194322466850281, 0.8852044343948364, 0.9999939203262329, 0.7090180516242981, 0.9999996423721313, 0.9999837875366211
1, 2, 3, 4, 5, 6, 7, 8, 9, 10, 11, 12, 13, 14, 15, 16, 17, 18, 19, 20
0.49485722184181213, 0.9466339349746704, 0.7559405565261841, 0.9701818823814392, 0.8781531453132629, 0.8860472440719604, 0.9994105100631714, 0.9935801029205322, 0.9998836517333984, 0.999998927116394, 0.9998347759246826, 0.9999992847442627, 0.9882418513298035, 1.0, 0.9991286396980286, 1.0, 0.9999991655349731, 1.0, 0.9999854564666748, 1.0, 0.9999995231628418, 1.0, 0.9999995231628418, 1.0, 0.9999991655349731, 1.0, 0.9999994039535522, 1.0, 0.9999997615814209, 0.999963641166687, 0.9999995231628418
1, 2, 4, 5, 9, 13, 14, 17, 6, 8, 15, 11, 12, 18, 3, 7, 10, 16, 19, 20
0.47714662551879883, 0.5181792378425598, 0.7773658633232117, 0.6896347999572754, 0.6440899968147278, 0.9220951199531555, 0.6216097474098206, 0.9362651705741882, 0.6554356813430786, 0.971372663974762, 0.5012866854667664, 0.42089715600013733, 0.5651424527168274, 0.9969838261604309, 0.7427409291267395, 0.8034248352050781, 0.6217939853668213, 0.9829974174499512, 0.97308748960495, 0.8102222681045532, 0.9944742321968079, 0.9295444488525391, 0.6925703883171082, 0.9999814033508301, 0.8367031216621399, 0.9999978542327881, 0.9838347434997559, 0.9999978542327881, 0.9999988079071045, 0.9637671709060669, 0.999997615814209
1, 2, 3, 4, 5, 6, 7, 8, 9, 10, 11, 12, 13, 14, 15, 16, 17, 18, 19, 20
0.984512209892273, 0.9836493730545044, 0.9378966689109802, 0.9937855005264282, 0.9975608587265015, 0.9850075244903564, 0.9970979690551758, 0.9995890259742737, 0.9990984201431274, 0.9999994039535522, 0.9999371767044067, 0.9999988079071045, 0.9989283680915833, 0.9999998807907104, 0.9997689127922058, 1.0, 0.9999986886978149, 0.9999994039535522, 0.9995852112770081, 1.0, 0.9999997615814209, 1.0, 0.9999994039535522, 1.0, 0.9999992847442627, 1.0, 0.9999995231628418, 0.9999992847442627, 0.9999990463256836, 0.9998553991317749, 0.999998927116394
1, 6, 2, 7, 8, 12, 18, 5, 13, 10, 15, 16, 3, 11, 14, 4, 9, 17, 19, 20
0.9226447939872742, 0.8019368052482605, 0.7461051940917969, 0.8709471225738525, 0.45877477526664734, 0.7583839297294617, 0.9022065997123718, 0.6102921366691589, 0.5326901078224182, 0.2861155867576599, 0.6031102538108826, 0.4768488109111786, 0.6868188381195068, 0.43194279074668884, 0.6308774948120117, 0.527478039264679, 0.43548110127449036, 0.371356725692749, 0.4912463426589966, 0.5501682758331299, 0.49643048644065857, 0.5685014128684998, 0.9491686224937439, 0.6134442090988159, 0.9178217649459839, 0.9904392957687378, 0.6548592448234558, 0.9994113445281982, 0.9999959468841553, 0.9511314034461975, 0.999998927116394
1, 2, 3, 4, 5, 11, 15, 18, 20, 7, 13, 9, 14, 12, 16, 6, 8, 10, 17, 19
0.9997748732566833, 0.9263097047805786, 0.9131278395652771, 0.9471587538719177, 0.9595582485198975, 0.883478581905365, 0.9970621466636658, 0.9208567142486572, 0.8393691778182983, 0.8225250244140625, 0.6200053095817566, 0.661357045173645, 0.999997615814209, 0.328966349363327, 0.5255398750305176, 0.8220152258872986, 0.70516437292099, 0.9606648683547974, 0.955375075340271, 0.9229019284248352, 0.7671239972114563, 0.5104178786277771, 0.7486785650253296, 0.6508263945579529, 0.6756954193115234, 0.9999984502792358, 0.8363383412361145, 0.9999996423721313, 0.9399093389511108, 0.9999996423721313, 0.9999972581863403
1, 2, 3, 4, 5, 6, 7, 8, 9, 10, 11, 12, 13, 14, 15, 16, 17, 18, 19, 20
0.9935812950134277, 0.9476420283317566, 0.8306450843811035, 0.7173222303390503, 0.9670431613922119, 0.9943812489509583, 0.9874112010002136, 0.9608148336410522, 0.9999650716781616, 0.9999997615814209, 0.9904332160949707, 1.0, 0.9999963045120239, 1.0, 0.9994854927062988, 1.0, 0.9999948740005493, 1.0, 0.9995386600494385, 1.0, 0.9999998807907104, 1.0, 0.999997615814209, 1.0, 0.9999997615814209, 1.0, 0.9999997615814209, 1.0, 0.9999996423721313, 0.9997079968452454, 0.9999985694885254
1, 2, 3, 4, 5, 7, 8, 11, 14, 15, 17, 18, 6, 9, 10, 12, 13, 16, 19, 20
0.42158907651901245, 0.6232237815856934, 0.7932851910591125, 0.4596621096134186, 0.9316019415855408, 0.6753769516944885, 0.9173117876052856, 0.9147791266441345, 0.904160737991333, 0.9994662404060364, 0.891575276851654, 0.9999951124191284, 0.9944459199905396, 0.9999364614486694, 0.779572069644928, 0.9936762452125549, 0.9888545274734497, 0.5649550557136536, 0.8418052792549133, 0.9999994039535522, 0.883424699306488, 0.9999985694885254, 0.9973214268684387, 0.9999997615814209, 0.9999850988388062, 0.9999991655349731, 0.9993707537651062, 0.9999994039535522, 0.9999997615814209, 0.9854872226715088, 0.999998927116394
14, 1, 5, 6, 7, 11, 2, 9, 10, 8, 13, 16, 12, 18, 3, 15, 17, 19, 4, 20
0.450213760137558, 0.5401260852813721, 0.5265872478485107, 0.9768903255462646, 0.49499446153640747, 0.9181473255157471, 0.756869375705719, 0.8847266435623169, 0.34894323348999023, 0.6502882838249207, 0.7129119634628296, 0.9610018134117126, 0.5016647577285767, 0.8928667306900024, 0.370663046836853, 0.7987444996833801, 0.5015246868133545, 0.5243473052978516, 0.3586418628692627, 0.8401491045951843, 0.5467439889907837, 0.5593608021736145, 0.8261985778808594, 0.6412957310676575, 0.8446195125579834, 0.7023769617080688, 0.43741804361343384, 0.9999628067016602, 0.9118084907531738, 0.9019171595573425, 0.9999995231628418
1, 2, 4, 3, 5, 13, 19, 12, 17, 14, 11, 8, 10, 16, 6, 7, 9, 15, 18, 20
0.8127781748771667, 0.9918420314788818, 0.6919275522232056, 0.5051772594451904, 0.7367164492607117, 0.3694571852684021, 0.9245990514755249, 0.9914599657058716, 0.5093770027160645, 0.9867095351219177, 0.827903151512146, 0.6918990015983582, 0.4721892774105072, 0.5633581280708313, 0.7190211415290833, 0.7300924062728882, 0.6583620309829712, 0.679155170917511, 0.9259708523750305, 0.8215558528900146, 0.8101463913917542, 0.9392348527908325, 0.796484649181366, 0.5618473291397095, 0.5273218154907227, 0.9019186496734619, 0.7217329144477844, 0.9940887689590454, 0.9999955892562866, 0.9553165435791016, 0.9999994039535522
3, 1, 2, 6, 15, 13, 11, 16, 14, 12, 9, 10, 17, 18, 19, 5, 4, 7, 8, 20
0.8870483040809631, 0.69781094789505, 0.9998278617858887, 0.36662137508392334, 0.8639959096908569, 0.9162161946296692, 0.9072825312614441, 0.6796072721481323, 0.741268515586853, 0.5946157574653625, 0.48534253239631653, 0.5360493063926697, 0.35534578561782837, 0.6746791005134583, 0.4178870618343353, 0.4947761595249176, 0.4459344148635864, 0.36892780661582947, 0.4326397180557251, 0.38795793056488037, 0.5120580792427063, 0.7953589558601379, 0.9046328663825989, 0.32338637113571167, 0.9999934434890747, 0.5403969287872314, 0.596886396408081, 0.767579197883606, 0.8726728558540344, 0.7549120187759399, 0.9999994039535522
1, 2, 3, 4, 5, 6, 7, 8, 9, 10, 11, 12, 13, 14, 15, 16, 17, 18, 19, 20
0.9997957348823547, 0.9997512698173523, 0.9397849440574646, 0.35020849108695984, 0.8127394318580627, 0.998704195022583, 0.996494472026825, 0.5770928263664246, 0.9999736547470093, 0.9999992847442627, 0.9966228008270264, 1.0, 0.9999361038208008, 0.9999998807907104, 0.9998401403427124, 1.0, 0.9999616146087646, 0.9999996423721313, 0.9988787770271301, 0.9999997615814209, 0.9999963045120239, 1.0, 0.9999991655349731, 1.0, 0.9999992847442627, 0.9999997615814209, 0.999998927116394, 0.999998927116394, 0.9999994039535522, 0.9999386072158813, 0.999997615814209
1, 14, 11, 13, 3, 9, 15, 17, 2, 10, 18, 7, 5, 6, 20, 4, 12, 8, 16, 19
0.9989977478981018, 0.659760594367981, 0.7863137125968933, 0.9852955341339111, 0.560925304889679, 0.7788689136505127, 0.9975885152816772, 0.5923558473587036, 0.3424769639968872, 0.627259373664856, 0.5144209265708923, 0.626066267490387, 0.5058910846710205, 0.4683997631072998, 0.5017880797386169, 0.8014166951179504, 0.6105783581733704, 0.8564414978027344, 0.7603436708450317, 0.4665175676345825, 0.5683023929595947, 0.34879276156425476, 0.9999977350234985, 0.44379740953445435, 0.5812903642654419, 0.7037805914878845, 0.6261158585548401, 0.9999988079071045, 0.5505887269973755, 0.9999997615814209, 0.9999954700469971
3, 1, 14, 18, 6, 7, 16, 12, 5, 2, 13, 11, 19, 4, 17, 15, 9, 10, 8, 20
0.7722243070602417, 0.915932297706604, 0.32893556356430054, 0.8208068013191223, 0.7165260910987854, 0.7606474757194519, 0.40904709696769714, 0.4274176359176636, 0.7860137224197388, 0.33774039149284363, 0.5692186951637268, 0.7032224535942078, 0.6069237589836121, 0.4686945974826813, 0.7013466954231262, 0.3997015953063965, 0.7275106906890869, 0.5622885227203369, 0.4634484648704529, 0.5154794454574585, 0.5946689248085022, 0.7839831709861755, 0.661762535572052, 0.5527652502059937, 0.5116884112358093, 0.5643754601478577, 0.6795510649681091, 0.9999672174453735, 0.9080915451049805, 0.868816077709198, 1.0
1, 3, 5, 6, 8, 11, 12, 13, 15, 17, 18, 2, 4, 7, 9, 10, 14, 16, 19, 20
0.7746177911758423, 0.4312146306037903, 0.5373883843421936, 0.5001128315925598, 0.6942338943481445, 0.55413419008255, 0.7971096038818359, 0.991321861743927, 0.8009300827980042, 0.9889891743659973, 0.991135835647583, 0.9832656383514404, 0.9464452266693115, 0.8531346917152405, 0.743647575378418, 0.9169355630874634, 0.9634072184562683, 0.8571411371231079, 0.5970218181610107, 0.9938949942588806, 0.9999197721481323, 0.9999998807907104, 0.9969923496246338, 1.0, 0.9974420070648193, 1.0, 0.9997382760047913, 0.9999996423721313, 0.9999996423721313, 0.9489091038703918, 0.9999990463256836
1, 5, 10, 16, 17, 18, 2, 4, 6, 7, 9, 11, 12, 13, 14, 15, 19, 3, 8, 20
0.9642395377159119, 0.67729651927948, 0.9827244877815247, 0.933172345161438, 0.9682490825653076, 0.7705925703048706, 0.9344568848609924, 0.9808095097541809, 0.6810941696166992, 0.7221956253051758, 0.6729461550712585, 0.5235950350761414, 0.5140950083732605, 0.9970742464065552, 0.382266640663147, 0.9999325275421143, 0.841659665107727, 0.9999874830245972, 0.7339938879013062, 0.9999983310699463, 0.99996018409729, 0.9791440367698669, 0.8270560503005981, 0.9947970509529114, 0.9637714624404907, 0.8746407628059387, 0.9999932050704956, 0.9464290738105774, 0.9904090166091919, 0.9399099349975586, 0.9730020761489868
1, 2, 3, 4, 5, 6, 7, 8, 9, 10, 11, 12, 13, 14, 15, 16, 17, 18, 19, 20
0.9993523955345154, 0.7715543508529663, 0.2948441803455353, 0.37531521916389465, 0.9858646392822266, 0.9997949004173279, 0.9923568964004517, 0.9831610321998596, 0.9999563694000244, 0.9999985694885254, 0.9999446868896484, 0.9999966621398926, 0.9993341565132141, 0.9999996423721313, 0.9999815225601196, 0.9999998807907104, 0.9999992847442627, 0.9999998807907104, 0.9999982118606567, 0.9999998807907104, 0.9999996423721313, 1.0, 0.9999998807907104, 1.0, 0.9999998807907104, 1.0, 0.9999995231628418, 0.9999992847442627, 0.9999996423721313, 0.999944806098938, 0.9999994039535522
1, 2, 6, 9, 11, 13, 17, 4, 5, 8, 14, 15, 16, 18, 3, 7, 10, 12, 19, 20
0.9966233968734741, 0.9753065705299377, 0.9359287023544312, 0.469503253698349, 0.9809997081756592, 0.9408438801765442, 0.9650729298591614, 0.9574595093727112, 0.8191491365432739, 0.8661667704582214, 0.4506939947605133, 0.7743594646453857, 0.5211355686187744, 0.9987552165985107, 0.48986387252807617, 0.9999722242355347, 0.9998289346694946, 0.8789539337158203, 0.8016610145568848, 0.816932201385498, 0.9161677956581116, 0.9178301692008972, 0.9987320303916931, 0.9999943971633911, 0.9829041361808777, 0.9999998807907104, 0.9939945340156555, 1.0, 0.9999991655349731, 0.9449846744537354, 0.9999996423721313
5, 3, 8, 1, 2, 9, 7, 11, 15, 4, 10, 14, 6, 13, 16, 17, 18, 19, 20, 12
0.30700328946113586, 0.6116935610771179, 0.44067123532295227, 0.5844584107398987, 0.8861550688743591, 0.5906874537467957, 0.5372553467750549, 0.9843273758888245, 0.9244491457939148, 0.9020651578903198, 0.4765174686908722, 0.5739750862121582, 0.9069321155548096, 0.5212846398353577, 0.9945381283760071, 0.8871847987174988, 0.603430986404419, 0.9989769458770752, 0.7781705856323242, 0.9951658248901367, 0.7815775275230408, 0.9999940395355225, 0.9987772107124329, 0.9999935626983643, 0.9997963309288025, 0.9999463558197021, 0.9997113347053528, 0.8933022022247314, 0.9999949932098389, 0.9999997615814209, 0.999996542930603
1, 2, 3, 4, 5, 6, 7, 8, 9, 10, 11, 12, 13, 14, 15, 16, 17, 18, 19, 20
0.9987689852714539, 0.9991330504417419, 0.9985190033912659, 0.7052439451217651, 0.9007028937339783, 0.5493487119674683, 0.9963923096656799, 0.9641615748405457, 0.9798995852470398, 0.9999995231628418, 0.9978861212730408, 1.0, 0.9987260699272156, 0.9999998807907104, 0.9998502731323242, 0.9999998807907104, 0.9999135732650757, 0.9999997615814209, 0.9891270995140076, 1.0, 0.9999990463256836, 1.0, 0.9999212026596069, 1.0, 1.0, 0.9999997615814209, 0.999998927116394, 0.9999996423721313, 0.9999996423721313, 0.999942421913147, 0.999998927116394
1, 2, 3, 4, 5, 6, 7, 8, 9, 10, 11, 12, 13, 14, 15, 16, 17, 18, 19, 20
0.7146075963973999, 0.8915334939956665, 0.9939361214637756, 0.3817044198513031, 0.8653445243835449, 0.9930858612060547, 0.995762288570404, 0.987812340259552, 0.9046453237533569, 0.9999997615814209, 0.9514183402061462, 1.0, 0.9997208714485168, 1.0, 0.9998966455459595, 1.0, 0.9999970197677612, 0.9999997615814209, 0.998430073261261, 0.9999997615814209, 0.9999991655349731, 0.9999998807907104, 0.9999991655349731, 1.0, 0.9999969005584717, 0.9999996423721313, 0.9999994039535522, 0.9999992847442627, 0.9999992847442627, 0.9999709129333496, 0.9999992847442627
18, 7, 1, 8, 12, 14, 9, 2, 6, 5, 11, 10, 20, 3, 13, 15, 4, 16, 19, 17
0.7576078772544861, 0.9355973601341248, 0.8915863633155823, 0.5658763647079468, 0.48718416690826416, 0.6016576886177063, 0.5868305563926697, 0.5297754406929016, 0.8145621418952942, 0.5970849990844727, 0.4368729591369629, 0.9500065445899963, 0.7122178077697754, 0.9801716804504395, 0.4475407600402832, 0.7686948776245117, 0.6143379211425781, 0.4178023934364319, 0.9999957084655762, 0.6825405359268188, 0.7090102434158325, 0.5361335873603821, 0.8244550824165344, 0.5154653787612915, 0.5544657111167908, 0.9999911785125732, 0.5527992248535156, 0.9999991655349731, 0.5620447397232056, 0.9999969005584717, 0.9999072551727295
15, 5, 6, 9, 2, 3, 10, 11, 14, 1, 7, 8, 12, 13, 16, 17, 18, 19, 4, 20
0.9670317769050598, 0.9833545088768005, 0.3096740245819092, 0.8990458846092224, 0.7236601114273071, 0.6390339732170105, 0.9118824005126953, 0.529348611831665, 0.7953413724899292, 0.6005904078483582, 0.2572203576564789, 0.5605214834213257, 0.43622589111328125, 0.6146903038024902, 0.43982523679733276, 0.5719605684280396, 0.9991635084152222, 0.9141150712966919, 0.9960958361625671, 0.9425001740455627, 0.9991374015808105, 0.6878275275230408, 0.9999340772628784, 0.9819386005401611, 0.9999711513519287, 0.9978825449943542, 0.9984958171844482, 0.9999964237213135, 0.7848733067512512, 0.9457914233207703, 0.9999982118606567
1, 7, 10, 5, 14, 11, 2, 12, 13, 15, 17, 18, 3, 6, 9, 16, 4, 8, 19, 20
0.996383786201477, 0.7513336539268494, 0.5635823607444763, 0.9903433322906494, 0.8066665530204773, 0.6762238144874573, 0.43475791811943054, 0.5295840501785278, 0.3540079891681671, 0.5681477189064026, 0.9229263067245483, 0.8118722438812256, 0.8393577933311462, 0.7871872186660767, 0.7026793360710144, 0.7092482447624207, 0.6326650381088257, 0.40992701053619385, 0.6989484429359436, 0.8998910784721375, 0.864151656627655, 0.3426611125469208, 0.6744868755340576, 0.8308491110801697, 0.8538604974746704, 0.7304211258888245, 0.8833609819412231, 0.9996008276939392, 0.9999955892562866, 0.8080561757087708, 0.9999992847442627
1, 2, 3, 4, 5, 6, 7, 8, 9, 10, 11, 12, 13, 14, 15, 16, 17, 18, 19, 20
0.9813423752784729, 0.9579228758811951, 0.756176769733429, 0.9758415222167969, 0.9882069230079651, 0.9293344020843506, 0.9995808005332947, 0.9981738328933716, 0.9997832179069519, 0.9999997615814209, 0.9994787573814392, 1.0, 0.9999721050262451, 1.0, 0.9999885559082031, 1.0, 0.9999991655349731, 0.9999998807907104, 0.9998759031295776, 1.0, 0.9999995231628418, 1.0, 0.9999997615814209, 1.0, 0.9999992847442627, 1.0, 0.9999997615814209, 0.9999997615814209, 0.9999996423721313, 0.9999260902404785, 0.9999990463256836
5, 13, 11, 12, 15, 1, 2, 9, 8, 10, 14, 16, 18, 19, 6, 7, 17, 3, 4, 20
0.9908854365348816, 0.9776198863983154, 0.3356027901172638, 0.8473052978515625, 0.35778680443763733, 0.8626022934913635, 0.5423323512077332, 0.9338325262069702, 0.8531029224395752, 0.9497414231300354, 0.4953995645046234, 0.4987275302410126, 0.8202955722808838, 0.9300131797790527, 0.8906277418136597, 0.8038114905357361, 0.6571239829063416, 0.852167546749115, 0.704595685005188, 0.8732675313949585, 0.5455944538116455, 0.5816141366958618, 0.9044414758682251, 0.8730871081352234, 0.6981964707374573, 0.8762946128845215, 0.9999043941497803, 0.9607633948326111, 0.9948689937591553, 0.573667585849762, 0.999998927116394
1, 6, 8, 13, 14, 16, 2, 3, 7, 9, 10, 12, 18, 11, 15, 17, 4, 5, 19, 20
0.9979070425033569, 0.49412068724632263, 0.48326969146728516, 0.5735975503921509, 0.6683646440505981, 0.720320463180542, 0.5816497206687927, 0.492348849773407, 0.9534368515014648, 0.6844245791435242, 0.9092626571655273, 0.42008620500564575, 0.7278409004211426, 0.9994993209838867, 0.9026174545288086, 0.9994352459907532, 0.5594050884246826, 0.9783998131752014, 0.6311626434326172, 0.745923638343811, 0.7101786732673645, 0.8048736453056335, 0.7623589634895325, 0.5423524379730225, 0.9796162843704224, 0.7882398962974548, 0.992570698261261, 0.9998294115066528, 0.9999914169311523, 0.9503957033157349, 0.9999983310699463
1, 2, 3, 4, 5, 6, 7, 8, 9, 10, 11, 12, 13, 14, 15, 16, 17, 18, 19, 20
0.9615410566329956, 0.9904744029045105, 0.9999773502349854, 0.9703006148338318, 0.9999805688858032, 0.9955873489379883, 0.8469383716583252, 0.9969598054885864, 0.6039259433746338, 1.0, 0.9751676917076111, 1.0, 0.9999256134033203, 1.0, 0.9995855689048767, 1.0, 0.999932050704956, 1.0, 0.9995620846748352, 1.0, 0.9999983310699463, 1.0, 0.999997615814209, 1.0, 0.9999969005584717, 1.0, 0.9999994039535522, 0.9999992847442627, 0.9999994039535522, 0.9997346997261047, 0.9999990463256836
1, 2, 3, 16, 10, 12, 15, 7, 14, 18, 8, 9, 11, 13, 5, 6, 17, 4, 19, 20
0.9971160888671875, 0.9687609076499939, 0.9994623064994812, 0.35126960277557373, 0.9875098466873169, 0.5754071474075317, 0.6617233753204346, 0.740832507610321, 0.6466158628463745, 0.7762656807899475, 0.5113849639892578, 0.4139699637889862, 0.8655582666397095, 0.5958065390586853, 0.4298953413963318, 0.4695367217063904, 0.4464598000049591, 0.3951500356197357, 0.4450782239437103, 0.8288102149963379, 0.4643121063709259, 0.6191228628158569, 0.39620569348335266, 0.5461394786834717, 0.8038210272789001, 0.8458694219589233, 0.9093607068061829, 0.983595609664917, 0.9999911785125732, 0.9787070751190186, 0.9999994039535522
1, 2, 4, 6, 10, 18, 3, 7, 8, 11, 12, 13, 14, 15, 16, 17, 19, 5, 9, 20
0.9122284054756165, 0.861271321773529, 0.7812524437904358, 0.4902626574039459, 0.8838241100311279, 0.9054653644561768, 0.8787426352500916, 0.41678184270858765, 0.3721255958080292, 0.30196502804756165, 0.8666616678237915, 0.9996353387832642, 0.6941194534301758, 0.9999123811721802, 0.9502525329589844, 0.9999544620513916, 0.9995392560958862, 0.9348776936531067, 0.7681064009666443, 0.9864934682846069, 0.9836521148681641, 0.9928784966468811, 0.7686982750892639, 0.9987830519676208, 0.9673935174942017, 0.7245901823043823, 0.9999983310699463, 0.9709895849227905, 0.9994018077850342, 0.5312081575393677, 0.999998927116394
1, 2, 3, 4, 5, 6, 7, 8, 9, 10, 11, 12, 13, 14, 15, 16, 17, 18, 19, 20
0.9991967082023621, 0.7027459740638733, 0.5925014019012451, 0.9821723103523254, 0.5955066084861755, 0.9822507500648499, 0.9999971389770508, 0.9824299812316895, 0.9999608993530273, 0.9999996423721313, 0.9999786615371704, 0.9999998807907104, 0.9995203018188477, 0.9999998807907104, 0.9999943971633911, 1.0, 0.9999991655349731, 0.9999998807907104, 0.9999914169311523, 0.9999998807907104, 0.9999994039535522, 0.9999942779541016, 0.9999980926513672, 0.9999982118606567, 0.9999991655349731, 0.9999969005584717, 0.9999949932098389, 0.9999990463256836, 0.9999990463256836, 0.9999362230300903, 0.9999997615814209
1, 2, 3, 6, 8, 11, 12, 15, 17, 4, 7, 9, 10, 13, 14, 16, 18, 19, 5, 20
0.46434906125068665, 0.9868819117546082, 0.6694878339767456, 0.7840949296951294, 0.48870986700057983, 0.9979552030563354, 0.941276490688324, 0.9997827410697937, 0.9343745112419128, 0.9992362260818481, 0.8441073298454285, 0.8268277049064636, 0.5542463660240173, 0.6659876108169556, 0.5870509147644043, 0.6774272322654724, 0.9997072815895081, 0.708362340927124, 0.9961737990379333, 0.9973282814025879, 0.9986535310745239, 0.7847328186035156, 0.5234166383743286, 0.9831938743591309, 0.6442205905914307, 0.9890081882476807, 0.9532712697982788, 0.9999990463256836, 0.6441552042961121, 0.7248279452323914, 0.8659013509750366
1, 2, 4, 7, 8, 9, 11, 12, 3, 5, 6, 10, 13, 14, 15, 16, 17, 18, 19, 20
0.4965559244155884, 0.9997194409370422, 0.7530515789985657, 0.9226263165473938, 0.7428242564201355, 0.5095203518867493, 0.99031001329422, 0.9728078842163086, 0.9542370438575745, 0.8864924907684326, 0.659013569355011, 0.8818668127059937, 0.9643173217773438, 0.9999918937683105, 0.529708743095398, 0.9999995231628418, 0.8223804831504822, 0.9999998807907104, 0.9855191707611084, 1.0, 0.9999382495880127, 0.9999998807907104, 0.998967170715332, 0.9999995231628418, 0.9965571165084839, 0.9999996423721313, 0.9998786449432373, 0.9999985694885254, 0.9999995231628418, 0.9706816077232361, 0.9999995231628418
20, 1, 2, 3, 4, 5, 6, 7, 8, 9, 10, 11, 12, 13, 14, 15, 16, 17, 18, 19
0.9374634027481079, 0.9955165982246399, 0.9873549342155457, 0.8687161207199097, 0.9989508390426636, 0.4150777757167816, 0.9999833106994629, 0.9994947910308838, 0.9992285966873169, 0.9540364742279053, 0.9875631332397461, 0.9999995231628418, 0.9193531274795532, 0.9999997615814209, 0.999000608921051, 0.9999994039535522, 0.8446235656738281, 1.0, 0.9999815225601196, 1.0, 0.9919811487197876, 1.0, 0.9999269247055054, 1.0, 0.9999994039535522, 1.0, 0.999994158744812, 1.0, 0.9999996423721313, 0.9999998807907104, 0.9999996423721313
1, 2, 3, 4, 5, 6, 7, 8, 9, 10, 11, 12, 13, 14, 15, 16, 17, 18, 19, 20
0.9998838901519775, 0.9997747540473938, 0.8400328755378723, 0.9929695725440979, 0.9989288449287415, 0.9830170273780823, 0.9981380701065063, 0.9970617890357971, 0.9999730587005615, 0.9999998807907104, 0.9996277093887329, 1.0, 0.9991728663444519, 1.0, 0.9999175071716309, 1.0, 0.9999897480010986, 0.9999997615814209, 0.9693484902381897, 1.0, 0.9999992847442627, 1.0, 0.9999910593032837, 0.9999986886978149, 0.9999821186065674, 0.9999997615814209, 0.9999988079071045, 0.9999992847442627, 0.9999994039535522, 0.9976678490638733, 0.999998927116394
1, 7, 8, 13, 14, 10, 15, 17, 2, 5, 11, 16, 3, 4, 6, 9, 12, 18, 19, 20
0.9999164342880249, 0.34680822491645813, 0.6490762233734131, 0.9852061867713928, 0.668662428855896, 0.9982699155807495, 0.9936175346374512, 0.7861697673797607, 0.8490100502967834, 0.44799184799194336, 0.5286444425582886, 0.6397825479507446, 0.5446186661720276, 0.506537675857544, 0.7477952241897583, 0.6401491165161133, 0.6989089250564575, 0.8060099482536316, 0.48964813351631165, 0.5538915991783142, 0.5322125554084778, 0.6047199964523315, 0.9925347566604614, 0.9999988079071045, 0.979576587677002, 0.9999998807907104, 0.999904990196228, 0.9999994039535522, 0.9999996423721313, 0.8577582240104675, 0.9999988079071045
1, 2, 3, 4, 5, 6, 7, 8, 9, 10, 11, 12, 13, 14, 15, 16, 17, 18, 19, 20
0.7915359735488892, 0.5695303678512573, 0.9934169054031372, 0.6452547311782837, 0.9919642210006714, 0.9892109632492065, 0.9989909529685974, 0.9943869113922119, 0.999891996383667, 0.9999996423721313, 0.9990692734718323, 1.0, 0.9999779462814331, 1.0, 0.9999423027038574, 1.0, 0.9999996423721313, 1.0, 0.9999922513961792, 1.0, 0.9999997615814209, 1.0, 0.9999996423721313, 1.0, 0.9999998807907104, 1.0, 0.9999997615814209, 0.9999980926513672, 0.9999988079071045, 0.9999250173568726, 0.999998927116394
1, 2, 3, 4, 5, 6, 8, 11, 13, 15, 16, 17, 18, 19, 9, 10, 7, 12, 14, 20
0.9966281056404114, 0.42471879720687866, 0.9334756731987, 0.9991815686225891, 0.9868860244750977, 0.987694263458252, 0.9830030798912048, 0.9696836471557617, 0.9487406015396118, 0.985225260257721, 0.9066852331161499, 0.7547296285629272, 0.680749773979187, 0.5361191034317017, 0.902389645576477, 0.89108806848526, 0.721839964389801, 0.990811824798584, 0.9896093606948853, 0.5960256457328796, 0.9142480492591858, 0.5518405437469482, 0.5794712901115417, 0.8893043398857117, 0.8911786675453186, 0.9793398380279541, 0.7089977264404297, 0.9869756698608398, 0.9999994039535522, 0.9591295123100281, 0.9999994039535522
1, 2, 3, 4, 5, 6, 7, 9, 12, 13, 14, 15, 16, 17, 19, 11, 8, 10, 18, 20
0.6544507741928101, 0.9397310614585876, 0.9990756511688232, 0.8819225430488586, 0.9985148310661316, 0.9979471564292908, 0.9963274598121643, 0.9581575393676758, 0.9999958276748657, 0.7832929491996765, 0.9999998807907104, 0.9732504487037659, 0.999996542930603, 0.7661787867546082, 0.9998953342437744, 0.9988682270050049, 0.9992603659629822, 0.9833891987800598, 0.9957926273345947, 0.5591478943824768, 0.6822165846824646, 0.7562692165374756, 0.6438442468643188, 0.879442572593689, 0.6222164034843445, 0.997006356716156, 0.6892724633216858, 0.9943563342094421, 0.9999831914901733, 0.5926615595817566, 0.9999991655349731
