1, 16, 2, 15, 14, 13, 10, 20, 12, 8, 11, 17, 4, 3, 18, 9, 6, 5, 19, 7
0.999906063079834, 0.9945836663246155, 0.999853253364563, 0.9246361255645752, 0.5991973280906677, 0.5764645934104919, 0.794122576713562, 0.30637863278388977, 0.48742735385894775, 0.4164552092552185, 0.43484607338905334, 0.29951345920562744, 0.34116828441619873, 0.9999983310699463, 0.6343976259231567, 0.341116338968277, 0.6104617714881897, 0.657516360282898, 0.8041515350341797, 0.6080271601676941, 0.4298461377620697, 0.3130800127983093, 0.40350696444511414, 0.46671798825263977, 0.6825488209724426, 0.3278841972351074, 0.4030952751636505, 0.3652441203594208, 0.5156058669090271, 0.9999951124191284, 0.9999997615814209
8, 4, 13, 2, 7, 10, 1, 12, 9, 11, 15, 6, 17, 18, 19, 20, 5, 3, 14, 16
0.6067236661911011, 0.3204692006111145, 0.8695105314254761, 0.5984785556793213, 0.5874890685081482, 0.6971315741539001, 0.7235351204872131, 0.50656658411026, 0.5600007772445679, 0.5382518768310547, 0.752949595451355, 0.3701874911785126, 0.6102982759475708, 0.6301271915435791, 0.36714106798171997, 0.5464242100715637, 0.36134693026542664, 0.6192780137062073, 0.677179217338562, 0.7706289887428284, 0.8881760835647583, 0.8100780248641968, 0.9948209524154663, 0.8362398743629456, 0.9999980926513672, 0.5155683755874634, 0.5350937247276306, 0.9999969005584717, 0.8479540944099426, 1.0, 0.9999997615814209
10, 11, 4, 7, 9, 15, 19, 1, 14, 2, 16, 13, 8, 6, 20, 17, 3, 12, 5, 18
0.9946128129959106, 0.9897271990776062, 0.725980281829834, 0.8669378757476807, 0.37714627385139465, 0.41110938787460327, 0.657667338848114, 0.836290717124939, 0.7439684867858887, 0.5488384962081909, 0.6010044813156128, 0.7482425570487976, 0.7537469863891602, 0.8666422367095947, 0.5723046660423279, 0.396281361579895, 0.5724050402641296, 0.30902591347694397, 0.7598730325698853, 0.30369943380355835, 0.3275834321975708, 0.37064504623413086, 0.9999990463256836, 0.5663496851921082, 0.49141940474510193, 0.41828879714012146, 0.5156150460243225, 0.6076231002807617, 0.808040976524353, 1.0, 0.9999969005584717
1, 5, 6, 15, 12, 18, 7, 17, 2, 13, 11, 3, 10, 8, 14, 9, 16, 19, 4, 20
0.6222831606864929, 0.9994506239891052, 0.5483018159866333, 0.6182422041893005, 0.7113366723060608, 0.7137815952301025, 0.5876877307891846, 0.5530604124069214, 0.9767258763313293, 0.33230170607566833, 0.38516804575920105, 0.605434775352478, 0.49547910690307617, 0.5425524711608887, 0.8786648511886597, 0.26069900393486023, 0.7707027792930603, 0.35664355754852295, 0.4482775926589966, 0.4323185980319977, 0.5614190101623535, 0.771176815032959, 0.915210485458374, 0.3519083261489868, 0.5708008408546448, 0.5850772857666016, 0.6005192399024963, 0.9999943971633911, 0.97594153881073, 1.0, 0.9999996423721313
13, 3, 1, 17, 5, 8, 12, 16, 10, 19, 14, 7, 2, 15, 4, 6, 20, 18, 9, 11
0.9119908809661865, 0.8211141228675842, 0.8020998239517212, 0.7814245820045471, 0.619982898235321, 0.8364760279655457, 0.4498252868652344, 0.699146032333374, 0.8929109573364258, 0.6962019801139832, 0.638725757598877, 0.7465986609458923, 0.4282319247722626, 0.3992626368999481, 0.3809245526790619, 0.4037805497646332, 0.4682793915271759, 0.7802256941795349, 0.4819023311138153, 0.6826299428939819, 0.4587344527244568, 0.9209625720977783, 0.6072121262550354, 0.33740895986557007, 0.43105554580688477, 0.9999977350234985, 0.5736661553382874, 0.5155913829803467, 0.6076509356498718, 1.0, 0.9999985694885254
1, 2, 4, 5, 8, 9, 10, 13, 15, 16, 6, 12, 14, 3, 7, 11, 17, 18, 19, 20
0.9999812841415405, 0.3969514071941376, 0.6568453907966614, 0.8192071318626404, 0.47893026471138, 0.5672954320907593, 0.9554980397224426, 0.837483823299408, 0.9656631946563721, 0.8010045886039734, 0.8515487909317017, 0.6360129117965698, 0.7066088318824768, 0.7027848362922668, 0.5638502240180969, 0.9686312079429626, 0.47576290369033813, 0.9028822779655457, 0.833195149898529, 0.5870859622955322, 0.6619129776954651, 0.9999983310699463, 0.9784881472587585, 0.9999980926513672, 0.9624621272087097, 0.9999982118606567, 0.9982708692550659, 0.9999991655349731, 0.9999997615814209, 0.9999997615814209, 0.9999997615814209
1, 11, 12, 9, 19, 5, 6, 15, 18, 2, 3, 14, 13, 16, 10, 7, 4, 17, 8, 20
0.9999878406524658, 0.3766647279262543, 0.36604636907577515, 0.8418980240821838, 0.9633080363273621, 0.7283238768577576, 0.9639998078346252, 0.9555531144142151, 0.31469541788101196, 0.9329979419708252, 0.9827473163604736, 0.5052493810653687, 0.6759474873542786, 0.7329123616218567, 0.7305965423583984, 0.7481633424758911, 0.6404463052749634, 0.3886842429637909, 0.6525620222091675, 0.6203910112380981, 0.8166171908378601, 0.7892535328865051, 0.47261568903923035, 0.9838445782661438, 0.7636145353317261, 0.4477243423461914, 0.4378378987312317, 0.9999932050704956, 0.708996593952179, 0.9999998807907104, 1.0
20, 7, 1, 4, 13, 3, 12, 9, 11, 6, 14, 10, 15, 17, 18, 19, 2, 8, 5, 16
0.38273146748542786, 0.9966481328010559, 0.4402256906032562, 0.6387417912483215, 0.5768043994903564, 0.5507424473762512, 0.7194435596466064, 0.4177949130535126, 0.5556046366691589, 0.7409099340438843, 0.3434578478336334, 0.38944992423057556, 0.4342539608478546, 0.4268920123577118, 0.6114453077316284, 0.6259146928787231, 0.406852126121521, 0.5176542401313782, 0.40264976024627686, 0.4299056828022003, 0.6299033761024475, 0.35259896516799927, 0.5409316420555115, 0.7121983170509338, 0.7430635690689087, 0.8670186400413513, 0.46917274594306946, 0.500450611114502, 0.7185847163200378, 1.0, 0.9999985694885254
1, 11, 9, 5, 6, 7, 8, 10, 2, 13, 18, 15, 20, 12, 16, 17, 4, 14, 3, 19
0.956627368927002, 0.2559767961502075, 0.9859716296195984, 0.3518788516521454, 0.6485776305198669, 0.8281916975975037, 0.9583767056465149, 0.6300626993179321, 0.4515008330345154, 0.8640444874763489, 0.6394384503364563, 0.7881207466125488, 0.6407548785209656, 0.7521374821662903, 0.49601683020591736, 0.7485896348953247, 0.8797013759613037, 0.43056222796440125, 0.999998927116394, 0.4040510356426239, 0.6826964020729065, 0.5803276896476746, 0.7793596982955933, 0.9176280498504639, 0.7784602046012878, 0.3865449130535126, 0.626118540763855, 0.8614956736564636, 0.9219205975532532, 1.0, 0.9999997615814209
18, 11, 15, 9, 6, 5, 16, 7, 8, 2, 1, 12, 20, 4, 14, 17, 10, 3, 19, 13
0.9541581273078918, 0.9498336911201477, 0.4682733118534088, 0.44374608993530273, 0.5012205243110657, 0.3212422728538513, 0.31912434101104736, 0.44330817461013794, 0.6172083616256714, 0.7757428884506226, 0.8666016459465027, 0.7587510943412781, 0.4324144124984741, 0.7187325358390808, 0.40900713205337524, 0.5036975741386414, 0.45373794436454773, 0.35827964544296265, 0.9999990463256836, 0.3927440941333771, 0.679162323474884, 0.3948628902435303, 0.8104575872421265, 0.3995439112186432, 0.7852872014045715, 0.5563466548919678, 0.6187742948532104, 0.9999772310256958, 0.6261000037193298, 1.0, 0.9999980926513672
11, 13, 10, 9, 16, 1, 18, 7, 20, 12, 14, 3, 5, 15, 2, 17, 4, 8, 6, 19
0.9686068296432495, 0.7377994656562805, 0.698214054107666, 0.37143421173095703, 0.5573499798774719, 0.37987494468688965, 0.5459015965461731, 0.9613754153251648, 0.4686214029788971, 0.972810685634613, 0.6316075325012207, 0.893287181854248, 0.27404966950416565, 0.3217654824256897, 0.9802539944648743, 0.5297006368637085, 0.5120176076889038, 0.3025945723056793, 0.3824046850204468, 0.3909863829612732, 0.31023094058036804, 0.30657920241355896, 0.591463029384613, 0.3038654625415802, 0.3473520576953888, 0.6297373175621033, 0.4519332945346832, 0.3886319100856781, 0.5926488637924194, 1.0, 0.999998927116394
1, 4, 2, 3, 6, 7, 13, 12, 5, 16, 11, 15, 19, 18, 9, 10, 17, 8, 14, 20
0.8944473266601562, 0.8898676633834839, 0.700806736946106, 0.9401082992553711, 0.8368115425109863, 0.8800472021102905, 0.9255463480949402, 0.6331888437271118, 0.6902105808258057, 0.9607734084129333, 0.7674388289451599, 0.9880715608596802, 0.7589849829673767, 0.9781467318534851, 0.6289950609207153, 0.9481925368309021, 0.9003353118896484, 0.7060999274253845, 0.5268430113792419, 0.5950207710266113, 0.8089495897293091, 0.7485979199409485, 0.8852735757827759, 0.515720784664154, 0.8886809945106506, 0.7154161930084229, 0.7572383880615234, 0.6187789440155029, 0.9999967813491821, 1.0, 1.0
1, 2, 3, 4, 5, 6, 7, 8, 9, 10, 11, 12, 13, 14, 15, 16, 17, 18, 19, 20
0.7833120822906494, 0.9961490631103516, 0.7654287219047546, 0.7691622376441956, 0.9998288154602051, 0.8352441787719727, 0.9995929598808289, 0.9273955225944519, 0.9991028308868408, 0.9999997615814209, 0.999954342842102, 1.0, 0.9999898672103882, 0.9999997615814209, 0.9997935891151428, 1.0, 0.999984860420227, 0.9999997615814209, 0.9997307658195496, 0.9999998807907104, 0.9999688863754272, 0.9999998807907104, 0.9997856020927429, 0.9999995231628418, 0.9999995231628418, 0.9999992847442627, 0.9999988079071045, 0.9999990463256836, 0.9999986886978149, 0.9999973773956299, 0.9999973773956299
15, 16, 19, 20, 1, 2, 3, 4, 5, 6, 7, 8, 9, 10, 11, 12, 13, 14, 17, 18
0.7903805375099182, 0.3941207826137543, 0.8696699738502502, 0.9127872586250305, 0.9068632125854492, 0.4427710175514221, 0.8000714182853699, 0.9810963273048401, 0.9380708932876587, 0.9313963055610657, 0.9994764924049377, 0.99891197681427, 0.9999585151672363, 0.9996587038040161, 0.9994075298309326, 0.9996167421340942, 0.9964061379432678, 0.9999995231628418, 0.9295883178710938, 0.9999978542327881, 0.9108496904373169, 0.9999996423721313, 0.9463183879852295, 0.9999997615814209, 0.9786911010742188, 0.9999994039535522, 0.9945295453071594, 0.9999998807907104, 0.9980429410934448, 1.0, 1.0
1, 4, 20, 11, 3, 5, 18, 6, 7, 9, 13, 14, 10, 15, 16, 17, 2, 8, 12, 19
0.9970669150352478, 0.6186243295669556, 0.3510911166667938, 0.8633765578269958, 0.5826115012168884, 0.9960551261901855, 0.6814821362495422, 0.4824668765068054, 0.39229458570480347, 0.9923387765884399, 0.5393999218940735, 0.6282700300216675, 0.7309378385543823, 0.6972509622573853, 0.720963180065155, 0.7872592806816101, 0.5123406052589417, 0.727936863899231, 0.5236140489578247, 0.7950363159179688, 0.5091533064842224, 0.6575140953063965, 0.6866170167922974, 0.50220787525177, 0.8508275151252747, 0.8674296736717224, 0.9032864570617676, 0.9999982118606567, 0.9572716951370239, 1.0, 0.9999997615814209
1, 4, 5, 2, 11, 10, 15, 9, 8, 7, 19, 12, 6, 13, 16, 3, 17, 14, 18, 20
0.9999499320983887, 0.9826586246490479, 0.6286599636077881, 0.5882413983345032, 0.4461073875427246, 0.6585384011268616, 0.7022330164909363, 0.7338509559631348, 0.6538439393043518, 0.8181271553039551, 0.31364715099334717, 0.7037167549133301, 0.7115074992179871, 0.7620404362678528, 0.7319774627685547, 0.6876620054244995, 0.5907419323921204, 0.37561851739883423, 0.5921346545219421, 0.44418156147003174, 0.7106916308403015, 0.3712370991706848, 0.6325171589851379, 0.995316743850708, 0.6723072528839111, 0.9802771210670471, 0.6039168834686279, 0.7879301905632019, 0.9999957084655762, 0.9999997615814209, 0.9999988079071045
19, 6, 5, 20, 1, 2, 3, 7, 8, 9, 10, 11, 12, 13, 14, 15, 16, 17, 18, 4
0.7295147180557251, 0.9700430035591125, 0.4222901463508606, 0.5830434560775757, 0.5631260871887207, 0.8577489256858826, 0.44632717967033386, 0.9988859295845032, 0.8299793004989624, 0.6191798448562622, 0.958948016166687, 0.9994679093360901, 0.9999648332595825, 0.9993498921394348, 0.99996018409729, 0.9999899864196777, 0.9998579025268555, 0.9998162388801575, 0.9999794960021973, 0.9999964237213135, 0.9999358654022217, 0.9999701976776123, 0.99989914894104, 0.9999915361404419, 0.987758219242096, 0.999545156955719, 0.9995414018630981, 0.9999338388442993, 0.9621074199676514, 0.9999998807907104, 1.0
2, 8, 11, 9, 5, 4, 1, 15, 12, 18, 14, 13, 16, 19, 7, 17, 6, 3, 20, 10
0.8613161444664001, 0.4594106674194336, 0.5124085545539856, 0.9031052589416504, 0.3255864977836609, 0.46277710795402527, 0.4778544008731842, 0.56955885887146, 0.7140986919403076, 0.6044209003448486, 0.5731003284454346, 0.42210787534713745, 0.3964625298976898, 0.2782263159751892, 0.5388914346694946, 0.4306586682796478, 0.6659099459648132, 0.4915696680545807, 0.45466503500938416, 0.5063873529434204, 0.3227578401565552, 0.5299195051193237, 0.37728023529052734, 0.4690653383731842, 0.7153799533843994, 0.5710857510566711, 0.3995261788368225, 0.6654043197631836, 0.9999984502792358, 1.0, 0.9999995231628418
7, 12, 6, 3, 9, 1, 16, 11, 14, 17, 15, 18, 13, 4, 2, 10, 8, 19, 20, 5
0.6204103231430054, 0.9479588270187378, 0.9745185375213623, 0.9085632562637329, 0.3461287021636963, 0.5268039703369141, 0.6826675534248352, 0.5549132227897644, 0.41268372535705566, 0.5896775126457214, 0.3071836829185486, 0.8797394037246704, 0.4707075357437134, 0.4889538586139679, 0.45426440238952637, 0.5163614749908447, 0.4148544669151306, 0.5330169796943665, 0.4549754858016968, 0.3612835705280304, 0.5349969863891602, 0.2399284541606903, 0.5139569044113159, 0.37977680563926697, 0.5189785957336426, 0.3663536012172699, 0.44363129138946533, 0.9997583031654358, 0.8774313926696777, 0.9999983310699463, 0.9999998807907104
7, 8, 9, 10, 19, 20, 1, 4, 13, 15, 11, 16, 12, 2, 5, 6, 14, 17, 18, 3
0.8438194990158081, 0.995416522026062, 0.5225486755371094, 0.9482380747795105, 0.9696210622787476, 0.671882688999176, 0.6861128211021423, 0.9130330681800842, 0.9840826392173767, 0.6125562191009521, 0.4160531759262085, 0.5124256610870361, 0.6692143082618713, 0.9419946074485779, 0.8437803983688354, 0.8105913996696472, 0.8381561040878296, 0.5901668667793274, 0.6748645305633545, 0.43995699286460876, 0.5264201760292053, 0.33634859323501587, 0.6561475396156311, 0.46751606464385986, 0.8288968205451965, 0.5162891745567322, 0.8031652569770813, 0.9488974213600159, 0.9979164004325867, 0.9999995231628418, 0.9999998807907104
1, 4, 5, 6, 9, 10, 13, 14, 15, 18, 2, 3, 7, 8, 11, 12, 16, 17, 19, 20
0.4446635842323303, 0.4661913514137268, 0.9108322262763977, 0.4997285306453705, 0.3339097499847412, 0.9102539420127869, 0.7865026593208313, 0.9947220087051392, 0.9400950074195862, 0.9406774640083313, 0.5931256413459778, 0.9448826909065247, 0.6376731991767883, 0.8634811639785767, 0.6548703908920288, 0.8061631321907043, 0.7316897511482239, 0.950228750705719, 0.9674071669578552, 0.9999995231628418, 0.9977340698242188, 0.9999997615814209, 0.9991083741188049, 0.9999991655349731, 0.9975928664207458, 0.9999936819076538, 0.9982441663742065, 0.9999977350234985, 0.9999996423721313, 1.0, 1.0
1, 20, 18, 2, 4, 10, 7, 8, 13, 19, 5, 12, 16, 17, 6, 3, 9, 15, 14, 11
0.9458602070808411, 0.7662019729614258, 0.6224491000175476, 0.523671567440033, 0.9254708290100098, 0.5069889426231384, 0.44134169816970825, 0.28327423334121704, 0.7839819192886353, 0.6148303747177124, 0.39683592319488525, 0.4720785915851593, 0.48296046257019043, 0.36755800247192383, 0.9279810190200806, 0.5632444620132446, 0.5301625728607178, 0.4955649971961975, 0.4370743930339813, 0.5380280613899231, 0.6397481560707092, 0.5117932558059692, 0.4017581045627594, 0.4653162658214569, 0.637020468711853, 0.9999920129776001, 0.6045318841934204, 0.9999988079071045, 0.8354768753051758, 1.0, 0.9999997615814209
1, 6, 20, 2, 7, 12, 18, 9, 10, 15, 17, 3, 13, 14, 4, 5, 11, 16, 19, 8
0.9984878301620483, 0.6666857600212097, 0.3463844358921051, 0.793088436126709, 0.39923572540283203, 0.9613789319992065, 0.959882915019989, 0.9929446578025818, 0.7572179436683655, 0.7635141015052795, 0.6301245093345642, 0.6664690971374512, 0.4972490966320038, 0.6814303398132324, 0.685171365737915, 0.7514430284500122, 0.34941890835762024, 0.5754261612892151, 0.7886855602264404, 0.4082385301589966, 0.6923124194145203, 0.5457236766815186, 0.49127304553985596, 0.6321552991867065, 0.5389755368232727, 0.7725493907928467, 0.8933016657829285, 0.7904976010322571, 0.5964308977127075, 0.9999991655349731, 0.9999995231628418
1, 2, 3, 4, 5, 11, 15, 18, 19, 20, 13, 14, 16, 8, 10, 7, 6, 9, 12, 17
0.9995741248130798, 0.9948487281799316, 0.9923593401908875, 0.9771071076393127, 0.9653626084327698, 0.5597507953643799, 0.9993902444839478, 0.9610720872879028, 0.47686243057250977, 0.9274827241897583, 0.7274808883666992, 0.708774983882904, 0.9747193455696106, 0.48997291922569275, 0.9999992847442627, 0.6102703809738159, 0.8597227334976196, 0.6926020979881287, 0.6864795088768005, 0.5645535588264465, 0.9004282355308533, 0.36879798769950867, 0.44915956258773804, 0.9046331644058228, 0.6104080080986023, 0.5648504495620728, 0.5926635265350342, 0.9999970197677612, 0.7520081996917725, 1.0, 0.9999997615814209
1, 2, 3, 6, 11, 15, 19, 7, 9, 10, 12, 13, 16, 18, 4, 5, 8, 14, 17, 20
0.5032292008399963, 0.6028658151626587, 0.4151575267314911, 0.5000753402709961, 0.7206359505653381, 0.8333887457847595, 0.9762961864471436, 0.8542351722717285, 0.609323263168335, 0.9430033564567566, 0.5493818521499634, 0.788490891456604, 0.9868819117546082, 0.8570657968521118, 0.9853611588478088, 0.6952784657478333, 0.9991242289543152, 0.8566100001335144, 0.9979782700538635, 0.9287135601043701, 0.9080090522766113, 0.8349101543426514, 0.7380924224853516, 0.9473605751991272, 0.9546392560005188, 0.999997615814209, 0.9975040555000305, 0.9992202520370483, 0.9999998807907104, 1.0, 0.9999998807907104
11, 18, 7, 19, 17, 3, 14, 5, 20, 8, 15, 4, 1, 12, 2, 6, 10, 9, 16, 13
0.7990565299987793, 0.5277725458145142, 0.6106880903244019, 0.7737314701080322, 0.5791603922843933, 0.4810667932033539, 0.4453185498714447, 0.49243098497390747, 0.7368776202201843, 0.49058350920677185, 0.4247106611728668, 0.6245761513710022, 0.444757342338562, 0.6594974994659424, 0.6260910630226135, 0.3114307224750519, 0.43490469455718994, 0.6621240377426147, 0.28729185461997986, 0.4016241431236267, 0.4748550057411194, 0.3722606301307678, 0.3708929121494293, 0.5229973196983337, 0.6076493263244629, 0.44253888726234436, 0.5660048723220825, 0.999985933303833, 0.542805016040802, 1.0, 0.9999982118606567
4, 18, 14, 5, 6, 1, 11, 10, 7, 19, 16, 20, 3, 15, 17, 2, 9, 8, 12, 13
0.476198673248291, 0.816336452960968, 0.9656789898872375, 0.46316057443618774, 0.8369408845901489, 0.3759738802909851, 0.7231247425079346, 0.9624717235565186, 0.8867300152778625, 0.7052940130233765, 0.5492750406265259, 0.7513336539268494, 0.5482174754142761, 0.5461099147796631, 0.3341176509857178, 0.44974491000175476, 0.32150036096572876, 0.4379214644432068, 0.6721957325935364, 0.4331222176551819, 0.44259119033813477, 0.457905650138855, 0.3040054440498352, 0.5219811201095581, 0.29906874895095825, 0.4170556366443634, 0.5812708735466003, 0.9999929666519165, 0.6548616290092468, 1.0, 0.9999994039535522
1, 2, 4, 12, 13, 19, 17, 3, 8, 11, 10, 16, 14, 6, 5, 18, 9, 7, 20, 15
0.617347240447998, 0.9772359728813171, 0.8414782881736755, 0.4152064621448517, 0.559411346912384, 0.9992153644561768, 0.9482347369194031, 0.9890533089637756, 0.5621631741523743, 0.6317998766899109, 0.8717968463897705, 0.5814521312713623, 0.6335291862487793, 0.8580566644668579, 0.8967282176017761, 0.6972776651382446, 0.8599585890769958, 0.8622987866401672, 0.9576267004013062, 0.652722179889679, 0.9678745865821838, 0.35764822363853455, 0.4018825888633728, 0.5820746421813965, 0.8031460046768188, 0.45183563232421875, 0.6148196458816528, 0.538982629776001, 0.9999998807907104, 0.9999998807907104, 0.9999997615814209
3, 15, 6, 13, 1, 2, 7, 11, 16, 17, 9, 12, 14, 18, 19, 5, 4, 8, 10, 20
0.938846230506897, 0.6254593133926392, 0.6300964951515198, 0.9389844536781311, 0.8551363348960876, 0.6040350198745728, 0.423884779214859, 0.9995054006576538, 0.3172149658203125, 0.618973433971405, 0.5954858064651489, 0.5960675477981567, 0.5095046162605286, 0.48136624693870544, 0.5458775162696838, 0.4853444993495941, 0.8545997142791748, 0.6759265065193176, 0.792087733745575, 0.9023312330245972, 0.6063528060913086, 0.7487982511520386, 0.35648614168167114, 0.9663735032081604, 0.6564265489578247, 0.41327744722366333, 0.5993089079856873, 0.9950917959213257, 0.9999957084655762, 0.9999845027923584, 0.9999994039535522
1, 2, 3, 6, 7, 9, 13, 14, 15, 16, 17, 18, 11, 12, 19, 4, 5, 8, 10, 20
0.9988937973976135, 0.9999911785125732, 0.7993913888931274, 0.4508598744869232, 0.9930257797241211, 0.8484058976173401, 0.9967279434204102, 0.9458720088005066, 0.9953550100326538, 0.6269044280052185, 0.9889121055603027, 0.5309600234031677, 0.9977349042892456, 0.7066938877105713, 0.9975250363349915, 0.9480523467063904, 0.9891794919967651, 0.8516970872879028, 0.7480493783950806, 0.6272790431976318, 0.961747407913208, 0.9786794185638428, 0.6958433389663696, 0.9740316271781921, 0.41453564167022705, 0.925778329372406, 0.9894081354141235, 0.9999351501464844, 0.999996542930603, 0.9999998807907104, 0.9999995231628418
1, 14, 11, 13, 2, 17, 15, 16, 9, 18, 19, 5, 8, 3, 4, 7, 10, 12, 6, 20
0.999955415725708, 0.7001755237579346, 0.4992739260196686, 0.9532465934753418, 0.8719038367271423, 0.5288240313529968, 0.9420612454414368, 0.5961924195289612, 0.4961276054382324, 0.3762337267398834, 0.473809152841568, 0.5898661613464355, 0.4010891914367676, 0.46600964665412903, 0.411332368850708, 0.2876434624195099, 0.5513137578964233, 0.6864478588104248, 0.8543738126754761, 0.2936469316482544, 0.42842745780944824, 0.33054253458976746, 0.31682366132736206, 0.31360939145088196, 0.575175404548645, 0.6825464963912964, 0.561954140663147, 0.9999676942825317, 0.978380024433136, 0.9999998807907104, 0.9999996423721313
18, 11, 1, 3, 14, 7, 2, 6, 16, 17, 5, 19, 13, 20, 4, 10, 15, 9, 8, 12
0.782275378704071, 0.9681176543235779, 0.7655367255210876, 0.4912848472595215, 0.6179568767547607, 0.8532299399375916, 0.774474561214447, 0.9855988025665283, 0.4726789593696594, 0.41339775919914246, 0.579514741897583, 0.7145671248435974, 0.3284710943698883, 0.7074297666549683, 0.6778516173362732, 0.5940645337104797, 0.5780465602874756, 0.4890647530555725, 0.6331124305725098, 0.8680511713027954, 0.38655373454093933, 0.9999998807907104, 0.583048403263092, 0.846705973148346, 0.7107781767845154, 0.6473461985588074, 0.8479105234146118, 0.5321304798126221, 0.8080617785453796, 1.0, 0.999997615814209
18, 11, 5, 13, 17, 3, 12, 1, 9, 10, 6, 19, 20, 16, 7, 14, 8, 2, 4, 15
0.9910534024238586, 0.7283252477645874, 0.9204907417297363, 0.9843271374702454, 0.5290250778198242, 0.643151581287384, 0.43629956245422363, 0.7921673059463501, 0.39265456795692444, 0.5036651492118835, 0.6797248721122742, 0.5736632943153381, 0.570704460144043, 0.3876189887523651, 0.6781686544418335, 0.929018497467041, 0.6151655316352844, 0.40302953124046326, 0.5729023814201355, 0.5288510322570801, 0.8577351570129395, 0.49482154846191406, 0.49507832527160645, 0.37467700242996216, 0.6360989212989807, 0.8887279629707336, 0.5080099105834961, 0.6192038655281067, 0.6039206385612488, 1.0, 0.9999983310699463
1, 5, 10, 19, 2, 16, 15, 13, 6, 7, 12, 3, 9, 11, 4, 18, 17, 20, 8, 14
0.8423983454704285, 0.6800419688224792, 0.9940096139907837, 0.998084306716919, 0.6959116458892822, 0.8003418445587158, 0.7397521734237671, 0.9271536469459534, 0.9650187492370605, 0.867451548576355, 0.8431493043899536, 0.5298395752906799, 0.49000996351242065, 0.4655216634273529, 0.44378209114074707, 0.4614725708961487, 0.5248691439628601, 0.3234792947769165, 0.5965698957443237, 0.8668777942657471, 0.6461908221244812, 0.6011224389076233, 0.8402050733566284, 0.8102721571922302, 0.47796308994293213, 0.9603476524353027, 0.44909822940826416, 0.9999996423721313, 0.863390326499939, 1.0, 0.9999998807907104
1, 14, 20, 2, 3, 13, 19, 17, 18, 15, 6, 8, 5, 10, 7, 4, 9, 11, 12, 16
0.9999533891677856, 0.5632724165916443, 0.9952670335769653, 0.9801755547523499, 0.5544628500938416, 0.9484997987747192, 0.7520394325256348, 0.69120192527771, 0.4466560184955597, 0.8240222930908203, 0.6756781935691833, 0.4233187139034271, 0.3720131516456604, 0.7071112990379333, 0.5794179439544678, 0.5752288103103638, 0.5386968851089478, 0.48523107171058655, 0.5528231859207153, 0.46921658515930176, 0.3246847093105316, 0.5745483636856079, 0.5301350355148315, 0.4005662202835083, 0.6757540106773376, 0.9999903440475464, 0.6761617660522461, 0.9999935626983643, 0.9783757328987122, 1.0, 0.9999995231628418
1, 2, 6, 7, 9, 11, 13, 14, 15, 16, 17, 18, 3, 4, 5, 8, 10, 12, 19, 20
0.9974602460861206, 0.9840344190597534, 0.9397909641265869, 0.4797031879425049, 0.80937260389328, 0.9995212554931641, 0.9876703023910522, 0.998997151851654, 0.9860292077064514, 0.9633121490478516, 0.4737594723701477, 0.9984263181686401, 0.9657918214797974, 0.9860265254974365, 0.9552405476570129, 0.9519156217575073, 0.9596468210220337, 0.9451265931129456, 0.9215558767318726, 0.8077870607376099, 0.9896482825279236, 0.9975377321243286, 0.9994437098503113, 0.9999966621398926, 0.9976244568824768, 0.9999997615814209, 0.9939950108528137, 1.0, 0.9999972581863403, 0.9999974966049194, 0.9999998807907104
5, 9, 8, 4, 11, 15, 3, 2, 13, 7, 1, 10, 14, 16, 17, 18, 19, 20, 6, 12
0.792462170124054, 0.7548402547836304, 0.7536274790763855, 0.42439278960227966, 0.7759734988212585, 0.7970999479293823, 0.6244551539421082, 0.6888182759284973, 0.521475076675415, 0.5414198040962219, 0.7954016327857971, 0.6083971261978149, 0.553196370601654, 0.9294918179512024, 0.8295731544494629, 0.3419345021247864, 0.9361948370933533, 0.5173807144165039, 0.6496992707252502, 0.5762031674385071, 0.9977903366088867, 0.9773073196411133, 0.9986053109169006, 0.9947043061256409, 0.9876399636268616, 0.9992082715034485, 0.46881064772605896, 0.9999984502792358, 0.9585373401641846, 1.0, 0.9999997615814209
1, 2, 3, 4, 5, 6, 7, 8, 9, 10, 11, 12, 13, 14, 15, 16, 17, 18, 19, 20
0.9988942742347717, 0.9997656941413879, 0.9985274076461792, 0.9919412136077881, 0.9235549569129944, 0.7688631415367126, 0.9882072806358337, 0.9970281720161438, 0.9980719089508057, 0.9999995231628418, 0.9971442818641663, 0.9999998807907104, 0.9997400641441345, 0.9999996423721313, 0.9991555213928223, 0.9999997615814209, 0.9999779462814331, 0.9999996423721313, 0.997696578502655, 0.9999997615814209, 0.9999943971633911, 0.9999997615814209, 0.9999450445175171, 0.9999991655349731, 0.9999955892562866, 0.9999985694885254, 0.9999964237213135, 0.9999997615814209, 0.9999986886978149, 0.9999997615814209, 0.9999991655349731
1, 2, 3, 5, 6, 7, 8, 9, 11, 12, 13, 15, 16, 18, 19, 4, 10, 14, 17, 20
0.9341674447059631, 0.9732253551483154, 0.9998844861984253, 0.9322507977485657, 0.49049651622772217, 0.8734132051467896, 0.599581778049469, 0.5544373393058777, 0.9999382495880127, 0.4801172614097595, 0.999974250793457, 0.9767311811447144, 0.9999840259552002, 0.9843865036964417, 0.9999957084655762, 0.629980742931366, 0.9997302889823914, 0.9845508933067322, 0.9781981706619263, 0.5912339091300964, 0.6377037763595581, 0.8032346963882446, 0.8241400122642517, 0.9998151659965515, 0.9247221946716309, 0.9999911785125732, 0.9859334826469421, 0.9998910427093506, 0.9999997615814209, 1.0, 1.0
8, 20, 9, 17, 7, 14, 3, 12, 1, 11, 2, 18, 10, 19, 16, 13, 4, 6, 5, 15
0.8450043797492981, 0.797283947467804, 0.9987614154815674, 0.5835852026939392, 0.5712902545928955, 0.7799811959266663, 0.8511055707931519, 0.6446544528007507, 0.8571754097938538, 0.4504082500934601, 0.7388136386871338, 0.6260018348693848, 0.7737147808074951, 0.676651120185852, 0.6413335204124451, 0.36714208126068115, 0.5838675498962402, 0.4055216312408447, 0.5159543752670288, 0.7245908379554749, 0.5140873789787292, 0.5988831520080566, 0.4839448034763336, 0.569715142250061, 0.4333266615867615, 0.7371360063552856, 0.35447847843170166, 0.44650161266326904, 0.6039164662361145, 1.0, 0.9999977350234985
15, 2, 4, 5, 6, 9, 7, 10, 17, 18, 1, 8, 11, 12, 13, 14, 16, 19, 3, 20
0.9830101728439331, 0.9982245564460754, 0.8179463148117065, 0.6481095552444458, 0.5522239804267883, 0.9906941056251526, 0.708773672580719, 0.6237339377403259, 0.9599508047103882, 0.6817113161087036, 0.9853870868682861, 0.6303210258483887, 0.9807671308517456, 0.8052736520767212, 0.9483969211578369, 0.6096040606498718, 0.9953244924545288, 0.755258321762085, 0.997043788433075, 0.9618947505950928, 0.993019163608551, 0.9308592081069946, 0.9990007281303406, 0.903419017791748, 0.9901036024093628, 0.5116996169090271, 0.9901285767555237, 0.9999817609786987, 0.7826505303382874, 0.9999995231628418, 0.9999967813491821
1, 7, 10, 5, 15, 19, 13, 14, 11, 2, 12, 3, 8, 18, 4, 6, 9, 16, 17, 20
0.9998596906661987, 0.5290839672088623, 0.7870240807533264, 0.8506917357444763, 0.5920702219009399, 0.474716454744339, 0.7760328054428101, 0.8270456194877625, 0.5115095376968384, 0.7134320735931396, 0.5854394435882568, 0.7947514653205872, 0.4765465557575226, 0.6480963826179504, 0.9009798169136047, 0.6805407404899597, 0.9179658889770508, 0.9818405508995056, 0.7573928833007812, 0.716241180896759, 0.6274804472923279, 0.7834925651550293, 0.3889716565608978, 0.4130306541919708, 0.8709843754768372, 0.9852637052536011, 0.9481465220451355, 0.9820122718811035, 0.9999994039535522, 1.0, 0.9999997615814209
1, 2, 4, 11, 12, 13, 15, 18, 19, 3, 5, 7, 8, 9, 10, 14, 16, 17, 6, 20
0.9939216375350952, 0.8167998790740967, 0.5458020567893982, 0.4984648525714874, 0.992084264755249, 0.9445129036903381, 0.6999703049659729, 0.9876059293746948, 0.9506057500839233, 0.9734225273132324, 0.9903981685638428, 0.9829166531562805, 0.6038435101509094, 0.7101804614067078, 0.9899237751960754, 0.36763429641723633, 0.9946466088294983, 0.9097320437431335, 0.9697899222373962, 0.9928731918334961, 0.9999994039535522, 0.9998966455459595, 0.9925387501716614, 0.9911752939224243, 0.9879456758499146, 0.9783813953399658, 0.9921835064888, 0.9999998807907104, 0.999828577041626, 0.9999752044677734, 0.9999971389770508
5, 1, 16, 13, 12, 15, 19, 10, 8, 2, 9, 14, 6, 11, 17, 20, 3, 7, 4, 18
0.999326229095459, 0.9698525667190552, 0.9717404842376709, 0.4945685565471649, 0.9280502200126648, 0.8387203812599182, 0.7179498076438904, 0.5067896246910095, 0.7761833071708679, 0.7116293907165527, 0.4902459383010864, 0.546554446220398, 0.30017054080963135, 0.9224581122398376, 0.5853254199028015, 0.3652136027812958, 0.30528876185417175, 0.6488626599311829, 0.8728894591331482, 0.47882500290870667, 0.8070935010910034, 0.7327333092689514, 0.6659054756164551, 0.7153457403182983, 0.29612448811531067, 0.9999994039535522, 0.36013567447662354, 0.4879937767982483, 0.7185846567153931, 1.0, 0.9999985694885254
1, 2, 6, 8, 13, 16, 14, 10, 15, 3, 4, 7, 9, 11, 12, 17, 18, 5, 19, 20
0.9556592702865601, 0.9151069521903992, 0.8987089991569519, 0.8776860237121582, 0.6601813435554504, 0.858008623123169, 0.9111111760139465, 0.8978246450424194, 0.573305606842041, 0.6939752697944641, 0.41739895939826965, 0.8750262260437012, 0.6849705576896667, 0.8575872182846069, 0.565303385257721, 0.7279338240623474, 0.33246245980262756, 0.74369215965271, 0.9884489178657532, 0.7588274478912354, 0.9992067217826843, 0.993398904800415, 0.9932008385658264, 0.9856980443000793, 0.9955301880836487, 0.9999858140945435, 0.7634004354476929, 0.9994994401931763, 0.9999992847442627, 0.9999996423721313, 0.9999996423721313
3, 2, 11, 8, 10, 17, 1, 18, 15, 16, 14, 13, 9, 7, 5, 6, 4, 20, 19, 12
0.8686019778251648, 0.6460028290748596, 0.6484400033950806, 0.8508818745613098, 0.8925588130950928, 0.954932451248169, 0.4938761591911316, 0.9128097295761108, 0.4418788254261017, 0.8821420669555664, 0.6702895164489746, 0.6245162487030029, 0.6288803815841675, 0.389915406703949, 0.6177138686180115, 0.5294783115386963, 0.31344476342201233, 0.31151261925697327, 0.26593413949012756, 0.44161540269851685, 0.28571969270706177, 0.24531175196170807, 0.2729800045490265, 0.8160728812217712, 0.7505014538764954, 0.8354771137237549, 0.9999750852584839, 0.9999940395355225, 0.5964117646217346, 0.9999997615814209, 0.9999978542327881
1, 3, 16, 8, 12, 13, 7, 11, 10, 5, 2, 15, 14, 18, 6, 17, 4, 9, 19, 20
0.9960314631462097, 0.9904589653015137, 0.4870895743370056, 0.9176680445671082, 0.727886438369751, 0.643046498298645, 0.6224997639656067, 0.743566632270813, 0.9625012874603271, 0.4443420469760895, 0.935255765914917, 0.6727885007858276, 0.426066517829895, 0.454843133687973, 0.4572471082210541, 0.40638428926467896, 0.6204577684402466, 0.7873818278312683, 0.8300661444664001, 0.7114872336387634, 0.7617810964584351, 0.5984339118003845, 0.49662744998931885, 0.715750515460968, 0.8198783993721008, 0.6868637204170227, 0.6876623630523682, 0.9314618706703186, 0.9999942779541016, 0.9999667406082153, 0.9999998807907104
4, 18, 6, 13, 12, 17, 8, 19, 2, 3, 15, 16, 11, 14, 10, 9, 20, 5, 7, 1
0.6637902855873108, 0.8931886553764343, 0.8387975692749023, 0.9712405800819397, 0.8078525066375732, 0.614203691482544, 0.9511129856109619, 0.90853351354599, 0.7067341208457947, 0.8666461706161499, 0.8554370999336243, 0.7835471034049988, 0.8648188710212708, 0.3703641891479492, 0.5148889422416687, 0.8502479791641235, 0.5960765480995178, 0.5712897777557373, 0.6359184980392456, 0.5802457928657532, 0.4005388915538788, 0.6334554553031921, 0.4082701802253723, 0.33452537655830383, 0.6618561744689941, 0.6043646931648254, 0.3618108630180359, 0.9999984502792358, 0.424183189868927, 0.5273072123527527, 1.0
1, 2, 7, 14, 15, 16, 12, 13, 4, 8, 10, 19, 3, 5, 9, 11, 17, 18, 6, 20
0.9999603033065796, 0.6554197072982788, 0.6678081154823303, 0.9890661239624023, 0.86061030626297, 0.9989120960235596, 0.9967429041862488, 0.90325927734375, 0.8005073070526123, 0.607442319393158, 0.6930704116821289, 0.8590454459190369, 0.9987249970436096, 0.2703900933265686, 0.3307165503501892, 0.5257419943809509, 0.9880090951919556, 0.6201537847518921, 0.8944662809371948, 0.5372037291526794, 0.46629154682159424, 0.37208667397499084, 0.9931635856628418, 0.7992624044418335, 0.9701594710350037, 0.9920603036880493, 0.8705142736434937, 0.9999986886978149, 0.9993730187416077, 0.9999990463256836, 0.9999992847442627
3, 11, 1, 2, 6, 13, 15, 12, 16, 7, 8, 9, 10, 14, 17, 18, 19, 4, 5, 20
0.6405711770057678, 0.7168807983398438, 0.4267030358314514, 0.6288304924964905, 0.5571826696395874, 0.7697358727455139, 0.5006598234176636, 0.4028196632862091, 0.9268411993980408, 0.7511380910873413, 0.9772685170173645, 0.7277114987373352, 0.4981103837490082, 0.6300685405731201, 0.4949532449245453, 0.7995694279670715, 0.6620399355888367, 0.8995344638824463, 0.5722607374191284, 0.8498131036758423, 0.7683963179588318, 0.7004562616348267, 0.936977744102478, 0.803114652633667, 0.9603529572486877, 0.9562524557113647, 0.9999973773956299, 0.47520318627357483, 0.9994639754295349, 1.0, 0.9999995231628418
2, 16, 7, 1, 4, 11, 6, 10, 3, 19, 12, 14, 15, 5, 17, 18, 9, 8, 20, 13
0.9171648621559143, 0.6080642938613892, 0.7965302467346191, 0.8384482860565186, 0.6798036694526672, 0.6281561255455017, 0.6287949085235596, 0.9180738925933838, 0.5398588180541992, 0.7550700306892395, 0.8248472213745117, 0.6868399977684021, 0.8116845488548279, 0.5630202889442444, 0.5471018552780151, 0.6598309278488159, 0.6410450339317322, 0.6847912073135376, 0.9493932723999023, 0.9925332069396973, 0.8510212302207947, 0.6139025092124939, 0.8508949279785156, 0.42115694284439087, 0.6818645596504211, 0.3807867765426636, 0.49027442932128906, 0.760644793510437, 0.9999995231628418, 1.0, 1.0
1, 2, 3, 10, 11, 20, 9, 12, 15, 18, 13, 16, 4, 5, 6, 7, 8, 14, 17, 19
0.8174691796302795, 0.9925870299339294, 0.9999111890792847, 0.7862568497657776, 0.7658216953277588, 0.9828506708145142, 0.9976449608802795, 0.8071674704551697, 0.9999983310699463, 0.7775763273239136, 0.9047447443008423, 0.5624395608901978, 0.9131254553794861, 0.8109440803527832, 0.9041503071784973, 0.5027263164520264, 0.8489909768104553, 0.3581535518169403, 0.7427772879600525, 0.756639301776886, 0.7235069870948792, 0.9979070425033569, 0.9984689354896545, 0.9993305206298828, 0.9926533699035645, 0.9999998807907104, 0.9244396090507507, 0.9999994039535522, 0.8933082818984985, 1.0, 1.0
1, 2, 7, 15, 16, 12, 5, 11, 9, 10, 8, 13, 3, 14, 17, 18, 19, 4, 6, 20
0.9988536834716797, 0.9999529123306274, 0.9884728789329529, 0.919159471988678, 0.8577061295509338, 0.8628159165382385, 0.8768426179885864, 0.7928426265716553, 0.9795553088188171, 0.49578648805618286, 0.6506422758102417, 0.5578520894050598, 0.4005361795425415, 0.9608749151229858, 0.9967113733291626, 0.3934914767742157, 0.44159331917762756, 0.5170581340789795, 0.43062248826026917, 0.9125694036483765, 0.9461068511009216, 0.5331701636314392, 0.5355091094970703, 0.8342941999435425, 0.9923014640808105, 0.835349977016449, 0.9999940395355225, 0.8832816481590271, 0.9875636696815491, 0.9999991655349731, 0.9999996423721313
1, 13, 14, 17, 8, 16, 15, 10, 19, 4, 11, 5, 2, 3, 18, 9, 7, 6, 20, 12
0.9999498128890991, 0.6437432169914246, 0.3988893926143646, 0.9790449738502502, 0.9751524925231934, 0.7142497897148132, 0.9520266652107239, 0.6115868091583252, 0.3760485351085663, 0.7356575131416321, 0.47013065218925476, 0.3907207250595093, 0.695966362953186, 0.4059934914112091, 0.5736396908760071, 0.7841784954071045, 0.3466017544269562, 0.5869365334510803, 0.8653383255004883, 0.41857296228408813, 0.838817834854126, 0.3735346794128418, 0.3841214179992676, 0.7279162406921387, 0.33653223514556885, 0.39983707666397095, 0.4606121778488159, 0.7341127395629883, 0.9999991655349731, 0.9999998807907104, 0.9999985694885254
3, 1, 16, 7, 15, 17, 4, 5, 9, 2, 18, 6, 12, 13, 19, 11, 10, 8, 20, 14
0.6200276017189026, 0.8252332210540771, 0.7810872793197632, 0.8195461630821228, 0.4534261226654053, 0.6005959510803223, 0.5022647976875305, 0.40334996581077576, 0.9490258097648621, 0.4248393774032593, 0.37755635380744934, 0.44507452845573425, 0.6970698833465576, 0.8298175930976868, 0.6556516885757446, 0.47223207354545593, 0.7404657602310181, 0.41864097118377686, 0.659954845905304, 0.5522753000259399, 0.7089954614639282, 0.5918424129486084, 0.6857631802558899, 0.5047645568847656, 0.9512258768081665, 0.9934846758842468, 0.6076517701148987, 0.5888842344284058, 0.9999995231628418, 1.0, 0.9999995231628418
1, 2, 3, 4, 5, 6, 8, 11, 13, 15, 7, 9, 10, 12, 14, 16, 17, 18, 19, 20
0.9963551759719849, 0.928431510925293, 0.9770389199256897, 0.9281474947929382, 0.9948380589485168, 0.9911382794380188, 0.9934449195861816, 0.999760091304779, 0.9822153449058533, 0.989336371421814, 0.730128288269043, 0.912433922290802, 0.7662805914878845, 0.47876787185668945, 0.9240180253982544, 0.9994290471076965, 0.9421533942222595, 0.9996702671051025, 0.5677412152290344, 0.9999948740005493, 0.979286253452301, 0.9999990463256836, 0.9957019686698914, 0.9999997615814209, 0.99951171875, 0.9999996423721313, 0.9999868869781494, 0.9999997615814209, 1.0, 0.9999997615814209, 1.0
14, 5, 9, 15, 12, 6, 19, 13, 1, 3, 2, 7, 16, 4, 10, 18, 8, 11, 20, 17
0.4010743200778961, 0.9159914255142212, 0.3729484975337982, 0.6552701592445374, 0.6904155611991882, 0.6656205058097839, 0.6685187220573425, 0.8525720238685608, 0.6541302800178528, 0.6728013753890991, 0.38088610768318176, 0.5394742488861084, 0.5161693096160889, 0.5267236232757568, 0.39087745547294617, 0.34191685914993286, 0.5561798810958862, 0.5821914076805115, 0.8531558513641357, 0.6571966409683228, 0.8118830919265747, 0.8209941387176514, 0.5872282385826111, 0.4662593901157379, 0.5343204736709595, 0.6723283529281616, 0.6441906094551086, 0.7154184579849243, 0.9999980926513672, 1.0, 0.9999926090240479
