1, 16, 3, 10, 20, 15, 11, 2, 4, 19, 17, 13, 14, 18, 7, 12, 8, 9, 5, 6
0.9919884204864502, 0.9542300701141357, 0.9974206686019897, 0.6290189027786255, 0.7044863104820251, 0.8367874622344971, 0.6102945804595947, 0.7431216239929199, 0.6485068798065186, 0.5654787421226501, 0.6843783259391785, 0.9770376682281494, 0.6621950268745422, 0.9639704823493958, 0.7634601593017578, 0.5670785903930664, 0.7782242894172668, 0.4632650911808014, 0.7030889987945557, 0.715549111366272, 0.7872692346572876, 0.8933939337730408, 0.43699538707733154, 0.5427510142326355, 0.5343285202980042, 0.7149528861045837, 0.9999516010284424, 0.7762860059738159, 0.7511388659477234, 0.7637178897857666, 0.9865487217903137
2, 7, 12, 1, 9, 13, 4, 10, 8, 11, 15, 6, 3, 18, 19, 20, 16, 17, 5, 14
0.552233099937439, 0.8414259552955627, 0.9776332974433899, 0.6783419251441956, 0.9188687205314636, 0.5895905494689941, 0.5054159760475159, 0.5451245903968811, 0.6771147847175598, 0.8764751553535461, 0.8918758630752563, 0.489376962184906, 0.9630740284919739, 0.7737596035003662, 0.5847206115722656, 0.9968152642250061, 0.5923044681549072, 0.9738026857376099, 0.9174357056617737, 0.6406434178352356, 0.7427166104316711, 0.9993233680725098, 0.9989929795265198, 0.9999994039535522, 0.7310146689414978, 0.9403350949287415, 0.7431415915489197, 0.9998365640640259, 0.9919233918190002, 0.9999600648880005, 0.9992038607597351
11, 7, 5, 9, 15, 10, 16, 1, 19, 20, 14, 18, 17, 12, 2, 4, 3, 6, 8, 13
0.8098158836364746, 0.907009482383728, 0.617728590965271, 0.6673807501792908, 0.7798070907592773, 0.7535126805305481, 0.4907743036746979, 0.8803660869598389, 0.5633043050765991, 0.9630829095840454, 0.715433657169342, 0.7708417177200317, 0.7344121336936951, 0.720676600933075, 0.5474333167076111, 0.7633963823318481, 0.6959356069564819, 0.9473986625671387, 0.6013932228088379, 0.3295307457447052, 0.9833402037620544, 0.9892701506614685, 0.31614503264427185, 0.6292445063591003, 0.644014298915863, 0.5737575888633728, 0.6612570285797119, 0.6054185032844543, 0.8055910468101501, 0.9999655485153198, 0.9999816417694092
1, 5, 4, 6, 15, 8, 10, 12, 18, 14, 17, 2, 7, 16, 20, 11, 3, 9, 13, 19
0.9018772840499878, 0.8922805786132812, 0.5477453470230103, 0.913811445236206, 0.5627489686012268, 0.9630844593048096, 0.8332652449607849, 0.86772221326828, 0.560654878616333, 0.9825717210769653, 0.9985849857330322, 0.5296937823295593, 0.5602051019668579, 0.5288997888565063, 0.7013407349586487, 0.7837455868721008, 0.6702674031257629, 0.3943508267402649, 0.4899478554725647, 0.8253816366195679, 0.7787851095199585, 0.496692031621933, 0.999996542930603, 0.5294649004936218, 0.6106114983558655, 0.5968477725982666, 0.8871274590492249, 0.999974250793457, 0.9938721656799316, 0.9999821186065674, 0.9996762275695801
1, 3, 4, 5, 13, 17, 10, 12, 16, 8, 15, 2, 6, 14, 7, 11, 9, 18, 20, 19
0.9984951019287109, 0.40406039357185364, 0.6973078846931458, 0.6517866253852844, 0.844211220741272, 0.7092622518539429, 0.9560192227363586, 0.9409229755401611, 0.5297501683235168, 0.5497263073921204, 0.5753790736198425, 0.6885538101196289, 0.4787478446960449, 0.6588543057441711, 0.5809281468391418, 0.9161591529846191, 0.9983841180801392, 0.914972186088562, 0.9214617609977722, 0.5549672245979309, 0.9865548610687256, 0.9427085518836975, 0.6125015020370483, 0.9403728246688843, 0.9844282269477844, 0.6039076447486877, 0.7121880650520325, 0.9511276483535767, 0.9999986886978149, 0.9999065399169922, 0.9999746084213257
1, 2, 4, 5, 10, 12, 11, 15, 13, 19, 3, 6, 8, 9, 14, 16, 18, 7, 17, 20
0.9998220801353455, 0.29903820157051086, 0.591793417930603, 0.9887915849685669, 0.9631409645080566, 0.9457334280014038, 0.9284774661064148, 0.8533509373664856, 0.7492724061012268, 0.37529170513153076, 0.8101437091827393, 0.7773023843765259, 0.7624643445014954, 0.6417110562324524, 0.5301595330238342, 0.6554961800575256, 0.46619051694869995, 0.508727490901947, 0.979867696762085, 0.9978748559951782, 0.9983240962028503, 0.8698955178260803, 0.9999396800994873, 0.9999744892120361, 0.9248927235603333, 0.9965655207633972, 0.8842647671699524, 0.9986383318901062, 0.9999797344207764, 0.7871359586715698, 0.9999969005584717
1, 3, 5, 6, 15, 18, 2, 14, 20, 7, 13, 17, 4, 9, 19, 10, 16, 8, 11, 12
0.9996938705444336, 0.4236007630825043, 0.8756945133209229, 0.9966936111450195, 0.9784818291664124, 0.5605368614196777, 0.9989890456199646, 0.9986155033111572, 0.6973429322242737, 0.5424057245254517, 0.9535866379737854, 0.5176594257354736, 0.9999971389770508, 0.4821959137916565, 0.759625256061554, 0.9034258723258972, 0.5830916166305542, 0.4533180594444275, 0.3715346157550812, 0.9346495866775513, 0.9424903392791748, 0.8942155241966248, 0.9046084880828857, 0.955621600151062, 0.5736413598060608, 0.6652222871780396, 0.546718955039978, 0.9999802112579346, 0.9780332446098328, 0.999963641166687, 0.9999992847442627
4, 3, 13, 8, 9, 12, 6, 14, 20, 15, 1, 2, 10, 11, 17, 7, 16, 5, 18, 19
0.767484188079834, 0.6504511833190918, 0.572841227054596, 0.8989447355270386, 0.40857672691345215, 0.7881330847740173, 0.7679166197776794, 0.8335745930671692, 0.57731693983078, 0.9437785744667053, 0.7246221303939819, 0.5947886109352112, 0.9884812831878662, 0.8238741755485535, 0.5863881707191467, 0.8196981549263, 0.9280851483345032, 0.8502549529075623, 0.9495577812194824, 0.8249843120574951, 0.6370229721069336, 0.6886633634567261, 0.971839427947998, 0.9859904050827026, 0.739291787147522, 0.9966509938240051, 0.561149001121521, 0.9993758797645569, 0.5233491063117981, 0.999834418296814, 0.9999841451644897
16, 17, 8, 10, 5, 6, 7, 9, 3, 11, 1, 2, 4, 13, 15, 18, 12, 20, 19, 14
0.8265413045883179, 0.56130051612854, 0.9812606573104858, 0.9992751479148865, 0.5594354271888733, 0.9381914734840393, 0.9989010095596313, 0.4995887577533722, 0.8352368474006653, 0.9999638795852661, 0.5595908164978027, 0.8087595701217651, 0.8601930737495422, 0.5040918588638306, 0.9201428890228271, 0.7099271416664124, 0.8887029886245728, 0.9998224377632141, 0.5227407813072205, 0.9992282390594482, 0.9895341992378235, 0.9558057188987732, 0.9550471305847168, 0.5698192119598389, 0.537863552570343, 0.8175477981567383, 0.9999974966049194, 0.9999885559082031, 0.8917726278305054, 0.9999818801879883, 0.999981164932251
1, 7, 16, 14, 12, 11, 13, 18, 20, 3, 4, 5, 6, 9, 2, 15, 17, 8, 10, 19
0.7662835121154785, 0.31884852051734924, 0.5083286166191101, 0.5813230872154236, 0.5385989546775818, 0.7441349029541016, 0.3228122293949127, 0.7560948729515076, 0.6030204892158508, 0.8057607412338257, 0.23513568937778473, 0.42515864968299866, 0.6552380919456482, 0.9078478813171387, 0.3590247929096222, 0.596397876739502, 0.47673434019088745, 0.822719931602478, 0.8468438982963562, 0.9967221617698669, 0.8787612318992615, 0.7856721878051758, 0.8006325960159302, 0.8109856247901917, 0.535072922706604, 0.620604932308197, 0.8198660016059875, 0.999976634979248, 0.7930832505226135, 0.9999449253082275, 0.9999608993530273
9, 10, 13, 14, 11, 15, 16, 20, 1, 8, 4, 12, 18, 5, 7, 17, 3, 6, 2, 19
0.6824914216995239, 0.9997300505638123, 0.9996955394744873, 0.861115038394928, 0.5910851359367371, 0.9861313104629517, 0.8536192178726196, 0.9643502235412598, 0.42874011397361755, 0.8258291482925415, 0.4923342764377594, 0.8232839107513428, 0.6196130514144897, 0.7349802851676941, 0.9702146649360657, 0.5853680372238159, 0.7968030571937561, 0.6970651149749756, 0.5446906685829163, 0.9090420007705688, 0.3548092842102051, 0.7979868650436401, 0.7596296072006226, 0.9938452839851379, 0.6913540959358215, 0.9927389025688171, 0.785111665725708, 0.5859769582748413, 0.8652136325836182, 0.9999809265136719, 0.9999916553497314
1, 4, 7, 6, 13, 12, 15, 3, 2, 5, 20, 8, 14, 16, 11, 19, 18, 9, 10, 17
0.8887953758239746, 0.760265588760376, 0.8969217538833618, 0.9924429059028625, 0.6671695113182068, 0.94647616147995, 0.8886129260063171, 0.9628361463546753, 0.907659649848938, 0.999592125415802, 0.6521384119987488, 0.6896131634712219, 0.8451929092407227, 0.6733240485191345, 0.9999955892562866, 0.8425082564353943, 0.9759085178375244, 0.9578967094421387, 0.9886757135391235, 0.8716952800750732, 0.8917408585548401, 0.9340251684188843, 0.8055370450019836, 0.8140624165534973, 0.6224101185798645, 0.8417781591415405, 0.8791338205337524, 0.999972939491272, 0.622445285320282, 0.9999908208847046, 0.9999961853027344
5, 14, 2, 1, 6, 11, 12, 7, 10, 4, 13, 9, 15, 17, 18, 19, 20, 8, 16, 3
0.7655966877937317, 0.5457870364189148, 0.893653929233551, 0.6438949108123779, 0.47208043932914734, 0.4300271272659302, 0.5482864379882812, 0.5030530691146851, 0.8999876976013184, 0.9991047978401184, 0.9732175469398499, 0.7317675948143005, 0.9853090643882751, 0.9092018604278564, 0.8344919681549072, 0.7634280323982239, 0.5254480838775635, 0.46089673042297363, 0.8520330786705017, 0.3631662130355835, 0.6458511352539062, 0.993190348148346, 0.9959934949874878, 0.9210696816444397, 0.9979434609413147, 0.9977931976318359, 0.9999991655349731, 0.46484723687171936, 0.9777064323425293, 0.999994158744812, 0.995593249797821
1, 2, 3, 4, 5, 6, 7, 8, 9, 10, 11, 12, 13, 14, 15, 16, 17, 18, 19, 20
0.7241488695144653, 0.6699255704879761, 0.8766663074493408, 0.994601845741272, 0.998462438583374, 0.9994925260543823, 0.999347984790802, 0.9999507665634155, 0.9993403553962708, 0.9999397993087769, 0.9996591806411743, 0.9999711513519287, 0.9998531341552734, 0.9998286962509155, 0.9988779425621033, 0.9999707937240601, 0.9947593808174133, 0.9999680519104004, 0.9999712705612183, 0.9984930753707886, 0.7611400485038757, 0.9999861717224121, 0.9999912977218628, 0.9994887113571167, 0.9901997447013855, 0.9999755620956421, 0.9995263814926147, 0.9999511241912842, 0.9999943971633911, 0.9999767541885376, 0.9999997615814209
1, 3, 4, 11, 5, 2, 6, 18, 20, 9, 10, 12, 16, 7, 8, 17, 13, 14, 15, 19
0.7030841112136841, 0.6583614945411682, 0.7256336212158203, 0.8385434150695801, 0.9994933605194092, 0.8430776000022888, 0.5474637746810913, 0.6189205050468445, 0.3468816578388214, 0.871128261089325, 0.8840076923370361, 0.9999948740005493, 0.4223284125328064, 0.5554223656654358, 0.6676726937294006, 0.7476990818977356, 0.71699059009552, 0.8416860699653625, 0.9191468954086304, 0.7092418074607849, 0.6583726406097412, 0.9999535083770752, 0.4794934391975403, 0.999958872795105, 0.6999186873435974, 0.9999904632568359, 0.9999481439590454, 0.9999936819076538, 0.9722488522529602, 0.9999889135360718, 0.9987421631813049
1, 4, 2, 5, 11, 10, 16, 15, 3, 6, 7, 9, 8, 12, 19, 17, 13, 14, 18, 20
0.998374342918396, 0.8824738264083862, 0.8981892466545105, 0.9793023467063904, 0.9831371903419495, 0.9591827988624573, 0.9566104412078857, 0.8104943633079529, 0.9893959164619446, 0.923937201499939, 0.641831636428833, 0.9980980753898621, 0.8050236701965332, 0.9997826218605042, 0.5963704586029053, 0.9724013805389404, 0.9226848483085632, 0.9995492100715637, 0.9171047806739807, 0.9998206496238708, 0.9325103163719177, 0.9994064569473267, 0.9171034693717957, 0.9905517101287842, 0.782560408115387, 0.9136554598808289, 0.9241232872009277, 0.746124804019928, 0.9999778270721436, 0.9989171028137207, 0.9999971389770508
20, 3, 5, 19, 1, 2, 4, 16, 17, 18, 13, 11, 12, 14, 15, 9, 10, 8, 7, 6
0.4852280020713806, 0.9850162267684937, 0.4976811110973358, 0.9843132495880127, 0.6550025343894958, 0.7589903473854065, 0.7960087060928345, 0.9736160635948181, 0.7622792720794678, 0.8928124904632568, 0.9949930310249329, 0.9996432065963745, 0.9658762216567993, 0.9998664855957031, 0.999981164932251, 0.5039734840393066, 0.2674572467803955, 0.6860044002532959, 0.4102543294429779, 0.8801486492156982, 0.7040071487426758, 0.9713053703308105, 0.758781373500824, 0.9930981993675232, 0.9663912057876587, 0.49916037917137146, 0.9355753660202026, 0.9999901056289673, 0.6502835154533386, 0.8844614028930664, 0.9404076933860779
8, 10, 9, 6, 1, 3, 2, 11, 18, 5, 7, 12, 15, 17, 4, 14, 13, 16, 20, 19
0.6958115100860596, 0.7250562310218811, 0.9794266223907471, 0.6145336031913757, 0.3418505787849426, 0.7515298128128052, 0.5682445764541626, 0.9207181930541992, 0.7789327502250671, 0.9457960724830627, 0.6955551505088806, 0.4254007637500763, 0.5940873026847839, 0.8262327313423157, 0.8065643310546875, 0.8355130553245544, 0.9731874465942383, 0.9517078399658203, 0.5122717022895813, 0.9920784831047058, 0.6864927411079407, 0.9217494130134583, 0.5952132940292358, 0.9261925220489502, 0.5930135846138, 0.5850476026535034, 0.9811106324195862, 0.9518287777900696, 0.9999895095825195, 0.9999756813049316, 0.9999445676803589
4, 6, 7, 2, 3, 9, 12, 1, 13, 14, 15, 16, 11, 17, 5, 18, 10, 8, 19, 20
0.46818670630455017, 0.5406454205513, 0.8419370055198669, 0.6402599215507507, 0.4758770167827606, 0.5241392254829407, 0.9876931309700012, 0.6617394685745239, 0.9906967878341675, 0.9198511242866516, 0.38002151250839233, 0.9784364104270935, 0.8799223899841309, 0.9792622327804565, 0.5883533954620361, 0.9911910891532898, 0.7192126512527466, 0.9721899628639221, 0.7536776661872864, 0.8824579119682312, 0.9884291887283325, 0.6565443873405457, 0.6879472136497498, 0.5884460210800171, 0.733137309551239, 0.9869627356529236, 0.9500095248222351, 0.8458690047264099, 0.9999159574508667, 0.9998781681060791, 0.9999992847442627
7, 8, 2, 5, 16, 9, 10, 19, 20, 1, 4, 3, 14, 13, 15, 12, 11, 6, 17, 18
0.8731299042701721, 0.979158341884613, 0.7478959560394287, 0.9769807457923889, 0.6273312568664551, 0.5192693471908569, 0.824167788028717, 0.999909520149231, 0.9999217987060547, 0.6936724185943604, 0.5926234126091003, 0.9963531494140625, 0.9999995231628418, 0.7349961996078491, 0.8974611759185791, 0.3980543613433838, 0.8790929913520813, 0.9548670053482056, 0.8031421899795532, 0.7364161610603333, 0.9626424908638, 0.9578105211257935, 0.817546546459198, 0.5846261382102966, 0.7371378540992737, 0.9936095476150513, 0.8056018352508545, 0.9999856948852539, 0.847885012626648, 0.9999986886978149, 0.999994158744812
15, 13, 12, 8, 6, 9, 2, 10, 17, 7, 14, 11, 18, 4, 1, 5, 3, 19, 16, 20
0.507099449634552, 0.28865116834640503, 0.45757365226745605, 0.5931795239448547, 0.7647546529769897, 0.7119922637939453, 0.3644576072692871, 0.5675913095474243, 0.4127418100833893, 0.9203394651412964, 0.9133574366569519, 0.8363014459609985, 0.6413028240203857, 0.5240151882171631, 0.9851037859916687, 0.9355449676513672, 0.9949586987495422, 0.4178384840488434, 0.4507462680339813, 0.7882193326950073, 0.8257505893707275, 0.6857049465179443, 0.4915064871311188, 0.9511899352073669, 0.8034290671348572, 0.8080421686172485, 0.7246087789535522, 0.8080514073371887, 0.999977707862854, 0.9983347058296204, 0.9999948740005493
2, 4, 1, 8, 7, 10, 13, 20, 18, 12, 9, 16, 17, 5, 3, 6, 11, 19, 14, 15
0.7030994892120361, 0.5439830422401428, 0.8819524049758911, 0.3745708763599396, 0.831576943397522, 0.9513060450553894, 0.8939726948738098, 0.4937795102596283, 0.6797402501106262, 0.4453200697898865, 0.9999922513961792, 0.6139820218086243, 0.6333171725273132, 0.4484381079673767, 0.5268815159797668, 0.49829843640327454, 0.33753448724746704, 0.6905133128166199, 0.9735037684440613, 0.9970858693122864, 0.46862930059432983, 0.6183715462684631, 0.8478506207466125, 0.9999358654022217, 0.8699297308921814, 0.9999748468399048, 0.9664285182952881, 0.9999496936798096, 0.7431158423423767, 0.9999951124191284, 0.9999892711639404
1, 2, 6, 4, 8, 14, 20, 7, 12, 10, 17, 16, 18, 15, 3, 9, 11, 13, 5, 19
0.8697921633720398, 0.5542948246002197, 0.7302917838096619, 0.7883102297782898, 0.3888402283191681, 0.5743629932403564, 0.6553712487220764, 0.4906591475009918, 0.9999935626983643, 0.48328936100006104, 0.8268554210662842, 0.679033100605011, 0.8700847625732422, 0.7541353106498718, 0.9326425790786743, 0.4731278121471405, 0.9184552431106567, 0.7664249539375305, 0.9722522497177124, 0.9789745807647705, 0.5461362600326538, 0.7330051064491272, 0.508286714553833, 0.7669718861579895, 0.7217079997062683, 0.48158884048461914, 0.6757254600524902, 0.874013364315033, 0.7089993357658386, 0.9999921321868896, 0.9999388456344604
1, 2, 11, 3, 4, 5, 15, 18, 19, 20, 7, 12, 14, 9, 6, 8, 16, 10, 13, 17
0.9989367127418518, 0.9013851284980774, 0.48315730690956116, 0.9785103797912598, 0.4004644751548767, 0.9006667137145996, 0.7148494720458984, 0.9976025223731995, 0.9814342260360718, 0.9933566451072693, 0.811921238899231, 0.9323828816413879, 0.9983707070350647, 0.9582267999649048, 0.9999978542327881, 0.8914320468902588, 0.8582435250282288, 0.9713258743286133, 0.5442958474159241, 0.9267781376838684, 0.36668336391448975, 0.8270288109779358, 0.7981448173522949, 0.9999767541885376, 0.9410657286643982, 0.999950647354126, 0.7018375396728516, 0.9998929500579834, 0.9850164651870728, 0.9999134540557861, 0.999529242515564
1, 2, 3, 6, 11, 19, 15, 10, 5, 4, 17, 18, 7, 9, 8, 16, 12, 13, 14, 20
0.6816415190696716, 0.9990394711494446, 0.5946059226989746, 0.9611549973487854, 0.9779371619224548, 0.9745007753372192, 0.9592586159706116, 0.7759883403778076, 0.9062927961349487, 0.7871220707893372, 0.9275867938995361, 0.9966084957122803, 0.5855385065078735, 0.5460414290428162, 0.8042206764221191, 0.8220357298851013, 0.4867118299007416, 0.5079429149627686, 0.5217357873916626, 0.8169607520103455, 0.905465304851532, 0.9970911741256714, 0.6449514031410217, 0.9751622676849365, 0.7990391850471497, 0.6992243528366089, 0.8458858132362366, 0.6619073748588562, 0.9999799728393555, 0.9999253749847412, 0.9999953508377075
11, 4, 18, 17, 5, 7, 19, 15, 20, 3, 16, 14, 6, 10, 8, 2, 1, 13, 12, 9
0.4704933762550354, 0.7946760654449463, 0.8043406009674072, 0.8683261275291443, 0.9548004865646362, 0.6575630307197571, 0.8429800271987915, 0.3816801905632019, 0.6150719523429871, 0.7450591921806335, 0.7902383208274841, 0.4424225687980652, 0.6723962426185608, 0.31750956177711487, 0.9780358672142029, 0.41656509041786194, 0.9747143387794495, 0.9386547207832336, 0.6064426898956299, 0.8911227583885193, 0.7117449045181274, 0.49332401156425476, 0.7253774404525757, 0.38919636607170105, 0.6004850268363953, 0.7371050119400024, 0.9874559044837952, 0.8395320177078247, 0.9732136130332947, 0.9998775720596313, 0.9398980736732483
4, 7, 14, 18, 12, 19, 13, 1, 5, 2, 6, 16, 17, 10, 11, 3, 8, 20, 9, 15
0.6226567625999451, 0.48648372292518616, 0.8125560283660889, 0.8033704161643982, 0.8992929458618164, 0.8124237060546875, 0.8265233039855957, 0.31708723306655884, 0.6544134020805359, 0.2944900095462799, 0.5891084671020508, 0.34847894310951233, 0.47346240282058716, 0.9359469413757324, 0.5242874622344971, 0.7635123133659363, 0.6199982166290283, 0.6904776096343994, 0.6650649309158325, 0.8610716462135315, 0.5031682252883911, 0.7715301513671875, 0.7803575992584229, 0.9565615653991699, 0.3556519150733948, 0.43347078561782837, 0.5417774319648743, 0.9999879598617554, 0.8006682991981506, 0.9999898672103882, 0.9998006224632263
1, 2, 4, 3, 5, 8, 11, 10, 12, 13, 17, 18, 19, 20, 16, 15, 6, 14, 9, 7
0.5693714618682861, 0.9712982773780823, 0.8974654078483582, 0.9702885150909424, 0.9601892828941345, 0.8201394081115723, 0.9559698700904846, 0.41078153252601624, 0.9627580642700195, 0.5461820363998413, 0.7211434841156006, 0.4115849733352661, 0.999894380569458, 0.9979680180549622, 0.9992814660072327, 0.9838992357254028, 0.9999151229858398, 0.9997549653053284, 0.8710243105888367, 0.5565173625946045, 0.6477318406105042, 0.9999958276748657, 0.6210429668426514, 0.9231237173080444, 0.5243847370147705, 0.8417468070983887, 0.861088752746582, 0.5190125107765198, 0.999933123588562, 0.8557519912719727, 0.983069658279419
3, 1, 2, 4, 19, 20, 14, 17, 9, 12, 16, 6, 15, 5, 7, 11, 13, 10, 8, 18
0.9530415534973145, 0.8755238652229309, 0.9837881326675415, 0.9991637468338013, 0.4118162989616394, 0.289174348115921, 0.38532739877700806, 0.9999971389770508, 0.6192704439163208, 0.42114686965942383, 0.6272209882736206, 0.7011250257492065, 0.670030951499939, 0.897562563419342, 0.9868113398551941, 0.4998234510421753, 0.6170016527175903, 0.8024229407310486, 0.9637879729270935, 0.9973092079162598, 0.3857223689556122, 0.7135019898414612, 0.9988301396369934, 0.6738638281822205, 0.9973402619361877, 0.9546303749084473, 0.9658790230751038, 0.996131420135498, 0.8771582245826721, 0.999984860420227, 0.9998501539230347
1, 2, 3, 14, 13, 5, 9, 7, 6, 4, 16, 10, 15, 19, 11, 12, 20, 8, 17, 18
0.9818166494369507, 0.9999606609344482, 0.9580580592155457, 0.5028958320617676, 0.8563147187232971, 0.8672405481338501, 0.8904201984405518, 0.4176446795463562, 0.4623018205165863, 0.6815366148948669, 0.7383877635002136, 0.9210303425788879, 0.8588317036628723, 0.5023754835128784, 0.9074314832687378, 0.48485252261161804, 0.9561639428138733, 0.6819323301315308, 0.9365701675415039, 0.9341805577278137, 0.5702349543571472, 0.9283105731010437, 0.9987034797668457, 0.9999191761016846, 0.9510451555252075, 0.999997615814209, 0.5350350737571716, 0.9999567270278931, 0.9503800272941589, 0.9999910593032837, 0.9999969005584717
1, 11, 14, 3, 2, 13, 19, 18, 10, 15, 16, 17, 20, 9, 8, 5, 4, 12, 7, 6
0.9987269043922424, 0.6344836354255676, 0.8534252643585205, 0.8371607661247253, 0.8685973286628723, 0.8514696359634399, 0.6420385241508484, 0.9709405899047852, 0.9967052340507507, 0.8725956082344055, 0.6202414631843567, 0.8416562080383301, 0.8507409691810608, 0.6620438694953918, 0.4026419520378113, 0.6071638464927673, 0.8957297205924988, 0.4159301817417145, 0.8701072335243225, 0.6130362153053284, 0.9956894516944885, 0.6113494634628296, 0.9999951124191284, 0.7865379452705383, 0.5385988354682922, 0.5359193682670593, 0.4243346154689789, 0.6279258728027344, 0.9982777833938599, 0.9436110854148865, 0.9653258323669434
3, 9, 14, 18, 11, 6, 1, 7, 2, 5, 17, 19, 4, 12, 16, 13, 20, 15, 8, 10
0.796808123588562, 0.5504141449928284, 0.920395016670227, 0.9370322823524475, 0.7439818382263184, 0.8265533447265625, 0.8745228052139282, 0.8558260798454285, 0.4528946578502655, 0.5110384821891785, 0.57456374168396, 0.4413985013961792, 0.8962949514389038, 0.6278823614120483, 0.47895967960357666, 0.653645932674408, 0.4732953906059265, 0.6986212730407715, 0.9937788844108582, 0.9555341005325317, 0.9953227639198303, 0.9902476668357849, 0.6808706521987915, 0.6202148199081421, 0.9590616226196289, 0.999994158744812, 0.9207451343536377, 0.7519772052764893, 0.6548740267753601, 0.9999823570251465, 0.9999948740005493
13, 17, 19, 5, 15, 11, 10, 6, 3, 14, 12, 16, 20, 18, 9, 7, 4, 8, 2, 1
0.763485312461853, 0.26645535230636597, 0.655866801738739, 0.5354753136634827, 0.5720067620277405, 0.6956361532211304, 0.8206573128700256, 0.7609618902206421, 0.3858240842819214, 0.844460666179657, 0.39482030272483826, 0.3571659326553345, 0.3631763756275177, 0.8711432814598083, 0.6492633819580078, 0.778418779373169, 0.7072781920433044, 0.6797406077384949, 0.568791925907135, 0.5296710729598999, 0.4634876847267151, 0.6344321370124817, 0.9600143432617188, 0.3635086417198181, 0.7712162137031555, 0.3204248547554016, 0.3953225016593933, 0.4137461483478546, 0.54810631275177, 0.5888827443122864, 0.9999817609786987
1, 5, 10, 2, 8, 17, 12, 15, 16, 18, 19, 9, 6, 7, 13, 11, 3, 4, 20, 14
0.976547122001648, 0.5023921132087708, 0.9517591595649719, 0.998982846736908, 0.5540543794631958, 0.4611371159553528, 0.8946693539619446, 0.40362784266471863, 0.9759766459465027, 0.28968364000320435, 0.9813211560249329, 0.5230106711387634, 0.9900026321411133, 0.7048768401145935, 0.975608766078949, 0.5724160075187683, 0.866018533706665, 0.9447230696678162, 0.3270587623119354, 0.44270220398902893, 0.6030223369598389, 0.9588913917541504, 0.7904360890388489, 0.8133432865142822, 0.9967709183692932, 0.7396173477172852, 0.994155764579773, 0.835465133190155, 0.9999969005584717, 0.9999842643737793, 0.9999945163726807
1, 2, 20, 14, 10, 3, 9, 13, 19, 5, 6, 8, 16, 18, 15, 17, 4, 7, 11, 12
0.9987781643867493, 0.8189697265625, 0.727336585521698, 0.9999972581863403, 0.9898747205734253, 0.9815747141838074, 0.800197958946228, 0.9427938461303711, 0.6165589094161987, 0.8743967413902283, 0.9201485514640808, 0.8904511332511902, 0.9442018270492554, 0.9651800990104675, 0.5969818830490112, 0.5234440565109253, 0.7428484559059143, 0.9999260902404785, 0.4144519567489624, 0.9998835325241089, 0.5502504706382751, 0.9945535659790039, 0.7246372699737549, 0.8941290378570557, 0.9965522289276123, 0.756726861000061, 0.9838286638259888, 0.9999524354934692, 0.8479353189468384, 0.9999629259109497, 0.9999988079071045
1, 2, 6, 11, 13, 9, 7, 17, 19, 10, 18, 4, 14, 15, 3, 5, 16, 20, 8, 12
0.9969984292984009, 0.6643329858779907, 0.9837806224822998, 0.8924055695533752, 0.8505266904830933, 0.6167423725128174, 0.7671433091163635, 0.6614234447479248, 0.6092419624328613, 0.9886702299118042, 0.9687407612800598, 0.9895943403244019, 0.9949567914009094, 0.6285632252693176, 0.7177060842514038, 0.9302038550376892, 0.8300833106040955, 0.6293361186981201, 0.7964488863945007, 0.9098884463310242, 0.9989738464355469, 0.9999250173568726, 0.5592433214187622, 0.9876911640167236, 0.3634312152862549, 0.8576532602310181, 0.9208956360816956, 0.9999978542327881, 0.8311207294464111, 0.9999904632568359, 0.9997915625572205
4, 5, 8, 3, 9, 11, 15, 1, 7, 2, 13, 6, 12, 10, 14, 16, 17, 18, 19, 20
0.4589126706123352, 0.63516765832901, 0.361952006816864, 0.49054449796676636, 0.9968605041503906, 0.9801973104476929, 0.7809340953826904, 0.9989715814590454, 0.9974250793457031, 0.3890230655670166, 0.8127179145812988, 0.8279232978820801, 0.5656678676605225, 0.8562682867050171, 0.6111008524894714, 0.9955354928970337, 0.994010329246521, 0.9963067770004272, 0.789263129234314, 0.9834655523300171, 0.8910645246505737, 0.9423824548721313, 0.9730696678161621, 0.9986060261726379, 0.9979264736175537, 0.9998719692230225, 0.9993404746055603, 0.9995691180229187, 0.9999980926513672, 0.999489426612854, 0.9999995231628418
1, 2, 3, 4, 5, 7, 8, 17, 10, 6, 15, 16, 13, 9, 11, 12, 20, 14, 19, 18
0.9670151472091675, 0.9707132577896118, 0.9896222352981567, 0.9985976815223694, 0.9838159680366516, 0.8224678039550781, 0.6122922897338867, 0.9589528441429138, 0.8407954573631287, 0.7411826848983765, 0.47951677441596985, 0.6882150173187256, 0.8795707821846008, 0.45184504985809326, 0.951702356338501, 0.5945577025413513, 0.5733579993247986, 0.9624093174934387, 0.7144789695739746, 0.9793035984039307, 0.9129364490509033, 0.9991512298583984, 0.9999911785125732, 0.7818361520767212, 0.999980092048645, 0.9999493360519409, 0.8212299942970276, 0.9999872446060181, 0.9813212752342224, 0.9999545812606812, 0.9994522929191589
1, 3, 2, 20, 9, 5, 4, 12, 13, 6, 7, 8, 11, 14, 15, 18, 19, 10, 16, 17
0.8232563138008118, 0.6297787427902222, 0.9694414734840393, 0.6882471442222595, 0.9999890327453613, 0.6108845472335815, 0.8559950590133667, 0.4505169093608856, 0.7809423208236694, 0.6578606963157654, 0.9946131110191345, 0.9997910857200623, 0.8947323560714722, 0.710885763168335, 0.9998651742935181, 0.999830961227417, 0.8389816880226135, 0.9999518394470215, 0.9856913685798645, 0.999961256980896, 0.8504365086555481, 0.9999611377716064, 0.2726290822029114, 0.9999730587005615, 0.8390044569969177, 0.9999809265136719, 0.8733097314834595, 0.9999779462814331, 0.9677335023880005, 0.999996542930603, 0.9999924898147583
8, 12, 14, 9, 4, 17, 20, 11, 1, 2, 7, 18, 3, 6, 5, 15, 16, 13, 19, 10
0.9774930477142334, 0.7551895976066589, 0.7913039922714233, 0.431128591299057, 0.9324462413787842, 0.5016085505485535, 0.4094748795032501, 0.6050639152526855, 0.9830514192581177, 0.6064792275428772, 0.9802639484405518, 0.4023965001106262, 0.6429176926612854, 0.7552568912506104, 0.4136076271533966, 0.3980231285095215, 0.8542841076850891, 0.9980042576789856, 0.8108803033828735, 0.47719353437423706, 0.9952046871185303, 0.9990922212600708, 0.4494056701660156, 0.9998224377632141, 0.4220784902572632, 0.999868631362915, 0.4687368869781494, 0.999921441078186, 0.8774446845054626, 0.999967098236084, 0.9999903440475464
15, 17, 18, 2, 5, 6, 9, 7, 10, 14, 1, 4, 3, 8, 19, 12, 11, 20, 13, 16
0.6402025818824768, 0.859041690826416, 0.5258308053016663, 0.8077872395515442, 0.9706546068191528, 0.9993218183517456, 0.5862608551979065, 0.8029126524925232, 0.9978119134902954, 0.39296838641166687, 0.4600989520549774, 0.9114032983779907, 0.8368424773216248, 0.7759473323822021, 0.963919997215271, 0.39278170466423035, 0.5455198287963867, 0.9612962007522583, 0.9269927740097046, 0.9544284343719482, 0.5765784382820129, 0.6687659621238708, 0.5595728754997253, 0.7339503765106201, 0.7649173140525818, 0.7772570252418518, 0.999994158744812, 0.9999110698699951, 0.9272788763046265, 0.9999837875366211, 0.9999734163284302
1, 5, 10, 7, 14, 11, 12, 2, 16, 6, 8, 3, 15, 13, 19, 4, 9, 18, 17, 20
0.9637328386306763, 0.9877896308898926, 0.6521669626235962, 0.9621972441673279, 0.941270649433136, 0.9486443996429443, 0.9755029082298279, 0.8627485036849976, 0.6213486194610596, 0.5466304421424866, 0.6888128519058228, 0.5218143463134766, 0.8789348006248474, 0.9810482263565063, 0.49743685126304626, 0.46759846806526184, 0.9720889925956726, 0.912014901638031, 0.6573705673217773, 0.9904257655143738, 0.9924760460853577, 0.8957135081291199, 0.9848195314407349, 0.8577410578727722, 0.9701383709907532, 0.9908550977706909, 0.5621576905250549, 0.5156098008155823, 0.9999901056289673, 0.9991379976272583, 0.9999974966049194
1, 2, 3, 4, 5, 6, 7, 8, 9, 10, 11, 12, 13, 14, 15, 16, 17, 18, 19, 20
0.9989219903945923, 0.6963985562324524, 0.6545464992523193, 0.8982115387916565, 0.7152778506278992, 0.9302225112915039, 0.6343223452568054, 0.9849541187286377, 0.9517956376075745, 0.9999542236328125, 0.9991123080253601, 0.9999126195907593, 0.9935826659202576, 0.9999204874038696, 0.999923825263977, 0.9999819993972778, 0.9999881982803345, 0.9999191761016846, 0.9695587754249573, 0.9999704360961914, 0.9998576641082764, 0.9999815225601196, 0.9996360540390015, 0.9999858140945435, 0.9755460023880005, 0.9999860525131226, 0.9999775886535645, 0.9999228715896606, 0.9999953508377075, 0.9999785423278809, 0.9999994039535522
5, 19, 12, 13, 16, 15, 11, 18, 6, 1, 10, 8, 4, 9, 2, 20, 7, 14, 17, 3
0.9933182001113892, 0.957048237323761, 0.5103910565376282, 0.9597350358963013, 0.34400859475135803, 0.906036913394928, 0.5299891233444214, 0.7822772264480591, 0.940448522567749, 0.5578588843345642, 0.6013644337654114, 0.7148550152778625, 0.9144439101219177, 0.6506839394569397, 0.9975489974021912, 0.9768521189689636, 0.821246325969696, 0.43376749753952026, 0.8707147836685181, 0.7351894974708557, 0.5668206214904785, 0.6184878945350647, 0.9207731485366821, 0.7733379006385803, 0.9999923706054688, 0.7278713583946228, 0.8459145426750183, 0.9697694778442383, 0.554459273815155, 0.9999938011169434, 0.9979713559150696
1, 2, 6, 3, 8, 10, 16, 13, 4, 14, 9, 7, 12, 18, 11, 20, 17, 5, 15, 19
0.9561961889266968, 0.6988867521286011, 0.6229323744773865, 0.7434559464454651, 0.8255177140235901, 0.8025338649749756, 0.6813452839851379, 0.9596030712127686, 0.544443666934967, 0.9479359984397888, 0.9965131878852844, 0.6895681023597717, 0.557542085647583, 0.95210200548172, 0.7722002267837524, 0.9722212553024292, 0.9001029133796692, 0.8774011731147766, 0.980772852897644, 0.9714435338973999, 0.5993185043334961, 0.9637749195098877, 0.8993605375289917, 0.9999979734420776, 0.5544458627700806, 0.665179431438446, 0.538966178894043, 0.9999910593032837, 0.9614870548248291, 0.9999945163726807, 0.9999792575836182
1, 2, 3, 11, 8, 10, 17, 7, 9, 16, 18, 13, 15, 4, 5, 6, 12, 14, 19, 20
0.9218981266021729, 0.7216267585754395, 0.9987500905990601, 0.567560613155365, 0.99285888671875, 0.8868526816368103, 0.8779367208480835, 0.9413618445396423, 0.5300875306129456, 0.9409587979316711, 0.5995399951934814, 0.7386833429336548, 0.6693518161773682, 0.6230318546295166, 0.7542135119438171, 0.37046054005622864, 0.7369517087936401, 0.3682275116443634, 0.8081485629081726, 0.5485502481460571, 0.6217703819274902, 0.9340560436248779, 0.9999563694000244, 0.9845162630081177, 0.9759515523910522, 0.8789480328559875, 0.7929897308349609, 0.8375870585441589, 0.9999669790267944, 0.9952999353408813, 0.9999947547912598
1, 3, 2, 8, 16, 6, 12, 13, 15, 10, 19, 5, 4, 7, 11, 14, 17, 18, 9, 20
0.9833778142929077, 0.5608938336372375, 0.8886849284172058, 0.9792225360870361, 0.964085578918457, 0.9987888932228088, 0.785832941532135, 0.5694896578788757, 0.8108941316604614, 0.999835729598999, 0.9998226761817932, 0.6977468132972717, 0.4640888273715973, 0.564609169960022, 0.6327504515647888, 0.4085754156112671, 0.898826003074646, 0.5761152505874634, 0.5872896313667297, 0.5127450227737427, 0.9995997548103333, 0.9729598760604858, 0.9993718266487122, 0.9786992073059082, 0.9992403984069824, 0.8056210279464722, 0.999755322933197, 0.9999899864196777, 0.59366375207901, 0.9399064779281616, 0.9999972581863403
1, 7, 12, 13, 4, 11, 20, 14, 17, 18, 10, 2, 19, 8, 5, 6, 3, 15, 16, 9
0.8663707375526428, 0.34789982438087463, 0.41273537278175354, 0.8504270911216736, 0.9971862435340881, 0.9993632435798645, 0.529231071472168, 0.46699947118759155, 0.422619104385376, 0.44735071063041687, 0.702491819858551, 0.37337636947631836, 0.8008000254631042, 0.5431188344955444, 0.4217362403869629, 0.29883652925491333, 0.782123327255249, 0.7597681879997253, 0.9518005847930908, 0.3292446434497833, 0.4076969623565674, 0.9548913836479187, 0.4129425287246704, 0.848874568939209, 0.5300507545471191, 0.8015249371528625, 0.9043270349502563, 0.6891775727272034, 0.8756182789802551, 0.9999618530273438, 0.999405026435852
1, 8, 14, 15, 4, 2, 7, 20, 6, 10, 19, 12, 13, 9, 16, 11, 5, 3, 17, 18
0.9982433319091797, 0.5118534564971924, 0.6048251390457153, 0.9736080765724182, 0.9999195337295532, 0.9999027252197266, 0.7147260904312134, 0.4750615954399109, 0.6724847555160522, 0.6124638319015503, 0.999998927116394, 0.7041434645652771, 0.966253936290741, 0.9848611354827881, 0.41372302174568176, 0.9339032173156738, 0.4452437162399292, 0.6132760643959045, 0.9958100318908691, 0.9999151229858398, 0.39384540915489197, 0.9948660135269165, 0.9843531250953674, 0.8145526647567749, 0.9481440782546997, 0.3970753252506256, 0.5389708876609802, 0.9999852180480957, 0.7310129404067993, 0.999984860420227, 0.9999606609344482
3, 8, 1, 2, 11, 13, 10, 19, 20, 4, 6, 14, 15, 16, 17, 12, 18, 9, 7, 5
0.6546787619590759, 0.4575778543949127, 0.5557838678359985, 0.993930459022522, 0.653778612613678, 0.37238210439682007, 0.5459486842155457, 0.4685724079608917, 0.8620054721832275, 0.3639354109764099, 0.5105937123298645, 0.5233712792396545, 0.996641993522644, 0.9999992847442627, 0.4061456620693207, 0.6371527910232544, 0.9927129149436951, 0.8470665812492371, 0.9968885779380798, 0.8457937836647034, 0.9982201457023621, 0.49481263756752014, 0.9793986082077026, 0.7985829710960388, 0.8569012880325317, 0.6470646262168884, 0.5633707642555237, 0.9997252821922302, 0.4750691056251526, 0.8957117795944214, 0.9825467467308044
3, 5, 14, 15, 17, 10, 1, 2, 4, 16, 7, 8, 11, 9, 12, 6, 19, 13, 18, 20
0.4968538284301758, 0.7631352543830872, 0.9757553935050964, 0.6525810360908508, 0.9999306201934814, 0.9988393187522888, 0.9940733313560486, 0.9614951610565186, 0.6636637449264526, 0.5042368769645691, 0.32909566164016724, 0.9343838691711426, 0.9853028059005737, 0.669211208820343, 0.9740237593650818, 0.6294793486595154, 0.5990212559700012, 0.7793142795562744, 0.9984447360038757, 0.563264787197113, 0.5194111466407776, 0.9990015625953674, 0.9159752130508423, 0.9998550415039062, 0.9796062111854553, 0.9993085861206055, 0.9977472424507141, 0.9494644999504089, 0.9999452829360962, 0.9979714751243591, 0.9999954700469971
1, 2, 3, 20, 10, 11, 9, 19, 13, 14, 16, 12, 4, 5, 6, 7, 8, 18, 17, 15
0.665596067905426, 0.9476017951965332, 0.9973377585411072, 0.601688027381897, 0.9999854564666748, 0.8935636281967163, 0.8765825033187866, 0.7274641990661621, 0.9063777923583984, 0.7288892269134521, 0.9551470875740051, 0.4925113022327423, 0.5511702299118042, 0.7412691712379456, 0.8536471724510193, 0.3454992175102234, 0.7913758158683777, 0.44012004137039185, 0.44989919662475586, 0.9193481802940369, 0.4731934070587158, 0.9861671328544617, 0.994053065776825, 0.991919994354248, 0.9999773502349854, 0.999976634979248, 0.4909086227416992, 0.9999810457229614, 0.7431265115737915, 0.999992847442627, 0.9999880790710449
1, 2, 7, 15, 16, 12, 5, 4, 13, 11, 8, 6, 18, 19, 3, 9, 10, 14, 17, 20
0.9789702296257019, 0.9999791383743286, 0.8649924993515015, 0.9755203723907471, 0.9985870122909546, 0.5264520645141602, 0.6445447206497192, 0.43930816650390625, 0.5852322578430176, 0.4626396894454956, 0.8651024699211121, 0.9006773233413696, 0.9721744060516357, 0.6751685738563538, 0.9809762239456177, 0.3712080419063568, 0.9891959428787231, 0.5699222683906555, 0.8212190270423889, 0.9996256828308105, 0.999925971031189, 0.6051610112190247, 0.5076875686645508, 0.9999703168869019, 0.9999469518661499, 0.9887353777885437, 0.9906169772148132, 0.8289015293121338, 0.9999754428863525, 0.9994893074035645, 0.9999935626983643
1, 8, 17, 7, 10, 5, 2, 15, 18, 20, 12, 13, 14, 16, 11, 19, 3, 9, 4, 6
0.9843407273292542, 0.9793636202812195, 0.8340255618095398, 0.9812679886817932, 0.6587063074111938, 0.8314439058303833, 0.9114871621131897, 0.42665889859199524, 0.5563921332359314, 0.9984709620475769, 0.9504725337028503, 0.9962906837463379, 0.9938822984695435, 0.5302480459213257, 0.9999194145202637, 0.5274415016174316, 0.4010293781757355, 0.8748157024383545, 0.8220860362052917, 0.9994469285011292, 0.9998359680175781, 0.3183912932872772, 0.5804109573364258, 0.4409729838371277, 0.8352675437927246, 0.5467985272407532, 0.9999068975448608, 0.5224239826202393, 0.5712718367576599, 0.9094432592391968, 0.900431215763092
4, 5, 15, 12, 19, 7, 16, 18, 14, 9, 1, 2, 13, 17, 10, 11, 3, 6, 8, 20
0.820228099822998, 0.5563501715660095, 0.9123854637145996, 0.872909665107727, 0.5762269496917725, 0.9180579781532288, 0.7147884368896484, 0.8167964220046997, 0.488191157579422, 0.6009006500244141, 0.4722243845462799, 0.6877975463867188, 0.5844354629516602, 0.7591224312782288, 0.9149046540260315, 0.5400989055633545, 0.8813847899436951, 0.9486027359962463, 0.6578191518783569, 0.7846615314483643, 0.5516723394393921, 0.39382511377334595, 0.7269420027732849, 0.6583960056304932, 0.9995648264884949, 0.9999948740005493, 0.6501034498214722, 0.8821334838867188, 0.7072316408157349, 0.9457932114601135, 0.999996542930603
1, 2, 3, 4, 5, 6, 8, 10, 11, 15, 13, 9, 20, 7, 16, 12, 14, 19, 17, 18
0.9268916845321655, 0.6245772838592529, 0.4964025914669037, 0.9076170325279236, 0.8489295244216919, 0.9936610460281372, 0.9127423763275146, 0.9990760087966919, 0.9949788451194763, 0.9981594681739807, 0.9985314607620239, 0.6227923631668091, 0.8360339999198914, 0.5305637717247009, 0.9284858703613281, 0.7194254994392395, 0.8855442404747009, 0.9999969005584717, 0.685820996761322, 0.9996932744979858, 0.9804562330245972, 0.999291181564331, 0.5086722373962402, 0.9998973608016968, 0.917699933052063, 0.9999666213989258, 0.6246065497398376, 0.9999606609344482, 0.6406237483024597, 0.9999799728393555, 0.999993085861206
4, 5, 9, 14, 15, 16, 3, 12, 13, 1, 2, 6, 7, 10, 17, 19, 8, 18, 11, 20
0.4866085648536682, 0.35615286231040955, 0.451923131942749, 0.7839768528938293, 0.6684149503707886, 0.8832303285598755, 0.6594874262809753, 0.7098172307014465, 0.7760715484619141, 0.4390135109424591, 0.6901978254318237, 0.48855963349342346, 0.7003217935562134, 0.48858967423439026, 0.47672227025032043, 0.5320059657096863, 0.6261072158813477, 0.9230526089668274, 0.985831618309021, 0.5858123898506165, 0.9872386455535889, 0.5335147976875305, 0.9977341890335083, 0.9982938170433044, 0.8012959361076355, 0.9999170303344727, 0.9981135129928589, 0.9513992667198181, 0.9993360638618469, 0.999756395816803, 0.9999980926513672
