1, 2, 3, 10, 13, 19, 20, 18, 16, 17, 12, 5, 4, 8, 15, 11, 9, 6, 7, 14
0.7944948077201843, 0.8689671158790588, 0.9979827404022217, 0.7507374882698059, 0.9001398086547852, 0.9652062058448792, 0.8837876319885254, 0.9845372438430786, 0.9635242819786072, 0.8044326901435852, 0.9999810457229614, 0.9334067702293396, 0.8835504055023193, 0.8203564882278442, 0.43448159098625183, 0.6411089897155762, 0.6907272338867188, 0.50992751121521, 0.792347252368927, 0.7805153131484985, 0.9540867209434509, 0.9663868546485901, 0.9997208714485168, 0.9849012494087219, 0.6331436038017273, 0.9821073412895203, 0.5984398722648621, 0.5072121620178223, 0.8933038115501404, 0.9999997615814209, 0.9999995231628418
12, 17, 13, 16, 3, 19, 1, 15, 11, 8, 14, 20, 10, 5, 18, 4, 6, 9, 7, 2
0.6497578024864197, 0.379280686378479, 0.7547538876533508, 0.9004837870597839, 0.37919941544532776, 0.4730905592441559, 0.3723466098308563, 0.3485040068626404, 0.4909454882144928, 0.8604240417480469, 0.4087126851081848, 0.7601699829101562, 0.4107765555381775, 0.28605735301971436, 0.7411812543869019, 0.7539976239204407, 0.37739866971969604, 0.890048086643219, 0.9193925261497498, 0.9505060911178589, 0.998282790184021, 0.9794435501098633, 0.9906378984451294, 0.4806746542453766, 0.5859746336936951, 0.99893718957901, 0.5338320732116699, 0.9994907379150391, 0.6021891832351685, 0.9937361478805542, 0.999821126461029
1, 2, 3, 4, 5, 6, 7, 8, 9, 10, 13, 14, 15, 16, 17, 18, 20, 12, 11, 19
0.9997966885566711, 0.9573009610176086, 0.9911530613899231, 0.8594405055046082, 0.8370060920715332, 0.8509920239448547, 0.7677350640296936, 0.7659556865692139, 0.8823727369308472, 0.6965283155441284, 0.9596378207206726, 0.5691402554512024, 0.7926586270332336, 0.9974287152290344, 0.6733309030532837, 0.9443715810775757, 0.6306619048118591, 0.9689072370529175, 0.8822115063667297, 0.6856922507286072, 0.8106260299682617, 0.5715420842170715, 0.512259304523468, 0.5776145458221436, 0.5202793478965759, 0.6868792772293091, 0.9457903504371643, 0.5812666416168213, 0.7431628108024597, 0.9999990463256836, 0.999993085861206, 0.9999992847442627
1, 2, 3, 7, 5, 4, 6, 9, 10, 11, 12, 8, 16, 18, 17, 19, 14, 15, 13, 20
0.9677905440330505, 0.9696263670921326, 0.9867205619812012, 0.7570406198501587, 0.6967324018478394, 0.9753241539001465, 0.9956719875335693, 0.789146900177002, 0.997132420539856, 0.9977028965950012, 0.5116507411003113, 0.7234500050544739, 0.7662755250930786, 0.5032008290290833, 0.6926308870315552, 0.9999933242797852, 0.7810382843017578, 0.9999735355377197, 0.973706066608429, 0.9999573230743408, 0.7772625684738159, 0.9998396635055542, 0.8935737609863281, 0.9998884201049805, 0.6962708234786987, 0.9998301267623901, 0.5506023168563843, 0.9959293007850647, 0.9999973773956299, 0.9995608925819397, 0.9999991655349731
1, 2, 3, 6, 8, 5, 7, 4, 9, 10, 18, 11, 16, 12, 14, 17, 19, 15, 13, 20
0.9921867847442627, 0.8954762816429138, 0.9515771269798279, 0.8200182318687439, 0.9682456254959106, 0.8927829265594482, 0.9866342544555664, 0.5085776448249817, 0.7370640635490417, 0.9999868869781494, 0.9972449541091919, 0.9992254972457886, 0.8954870104789734, 0.9957680702209473, 0.7933540940284729, 0.9873928427696228, 0.8885791897773743, 0.9698303937911987, 0.7178326845169067, 0.9170839190483093, 0.43245917558670044, 0.9250993728637695, 0.39669913053512573, 0.9262584447860718, 0.7294976115226746, 0.8152210116386414, 0.6791722774505615, 0.5698448419570923, 0.9999983310699463, 0.9999850988388062, 0.9999979734420776
1, 3, 14, 11, 17, 16, 10, 13, 6, 18, 7, 9, 5, 12, 15, 2, 4, 8, 20, 19
0.9712601900100708, 0.9880734086036682, 0.9806967377662659, 0.950505793094635, 0.914728581905365, 0.9049507975578308, 0.930733323097229, 0.3364703357219696, 0.6726123094558716, 0.8185239434242249, 0.5594437122344971, 0.4380607306957245, 0.35665377974510193, 0.8768200278282166, 0.4581810534000397, 0.4206086993217468, 0.9883973002433777, 0.5826237201690674, 0.9982512593269348, 0.7228448987007141, 0.9157102108001709, 0.9718462824821472, 0.9661223888397217, 0.9994219541549683, 0.44576483964920044, 0.5457348227500916, 0.9759312272071838, 0.7879253029823303, 0.9999986886978149, 0.9999984502792358, 0.9999984502792358
1, 2, 3, 4, 5, 7, 8, 9, 11, 12, 16, 17, 18, 10, 13, 19, 20, 15, 6, 14
0.8740109801292419, 0.982718825340271, 0.8805037140846252, 0.9941294193267822, 0.9683670997619629, 0.9795244336128235, 0.9466126561164856, 0.8384294509887695, 0.9960948824882507, 0.9647876620292664, 0.9977436065673828, 0.7874897122383118, 0.9991342425346375, 0.9834756851196289, 0.5074895024299622, 0.6184174418449402, 0.882810652256012, 0.9076942801475525, 0.5948179364204407, 0.6732743978500366, 0.9622842669487, 0.9970846772193909, 0.9881173968315125, 0.8971245288848877, 0.5139364004135132, 0.9999898672103882, 0.983572781085968, 0.9481538534164429, 0.9736416339874268, 0.9999978542327881, 0.9999998807907104
1, 2, 7, 12, 3, 4, 5, 6, 8, 10, 11, 15, 16, 14, 17, 9, 13, 19, 18, 20
0.9914954900741577, 0.9995338916778564, 0.6611606478691101, 0.3424994647502899, 0.7476782202720642, 0.32912585139274597, 0.6599197387695312, 0.8717900514602661, 0.9386158585548401, 0.763104259967804, 0.975162923336029, 0.9974933862686157, 0.9970226883888245, 0.9933080673217773, 0.9433083534240723, 0.9307808876037598, 0.7772638201713562, 0.5149463415145874, 0.7217050194740295, 0.8822240233421326, 0.6652776002883911, 0.8174607157707214, 0.7396665215492249, 0.9852679967880249, 0.9998843669891357, 0.9111712574958801, 0.7662025690078735, 0.8918073773384094, 0.9999817609786987, 0.9999969005584717, 0.999994158744812
3, 1, 4, 5, 10, 17, 18, 14, 19, 11, 15, 9, 12, 16, 6, 7, 2, 8, 13, 20
0.6230102181434631, 0.8925203680992126, 0.34990039467811584, 0.8308113813400269, 0.773213267326355, 0.9545186758041382, 0.9200981855392456, 0.727269172668457, 0.9571776390075684, 0.895714282989502, 0.920120894908905, 0.5317306518554688, 0.9694971442222595, 0.6466111540794373, 0.6855447888374329, 0.6355568170547485, 0.41756418347358704, 0.9877564907073975, 0.4465784430503845, 0.9280906915664673, 0.7209787964820862, 0.9592990875244141, 0.9998119473457336, 0.5650249719619751, 0.5133343935012817, 0.6876253485679626, 0.8761380314826965, 0.9743583798408508, 0.9999778270721436, 0.9999455213546753, 0.9999979734420776
1, 2, 3, 4, 5, 13, 18, 17, 9, 20, 7, 14, 19, 8, 11, 12, 15, 16, 10, 6
0.9758988618850708, 0.9543259143829346, 0.9604223370552063, 0.9991843104362488, 0.9999619722366333, 0.98853600025177, 0.7805312871932983, 0.9986369013786316, 0.9559407830238342, 0.7248398661613464, 0.9999903440475464, 0.9995368719100952, 0.6845604181289673, 0.9999991655349731, 0.8578944802284241, 0.8820084929466248, 0.9991746544837952, 0.9679663181304932, 0.9967079162597656, 0.9136267304420471, 0.9999946355819702, 0.9998592138290405, 0.8080177903175354, 0.8304421305656433, 0.9998588562011719, 0.7527246475219727, 0.9999780654907227, 0.9992673993110657, 0.9546452164649963, 0.9999980926513672, 0.9999985694885254
15, 3, 2, 16, 1, 5, 4, 7, 13, 8, 14, 6, 12, 10, 17, 11, 9, 19, 20, 18
0.5857145190238953, 0.9042155146598816, 0.5000981092453003, 0.7877797484397888, 0.704182505607605, 0.7596972584724426, 0.7010817527770996, 0.653418779373169, 0.9461051225662231, 0.7601563334465027, 0.9883261322975159, 0.9184793829917908, 0.7974852919578552, 0.5908270478248596, 0.44192561507225037, 0.9718218445777893, 0.9318199157714844, 0.5103881359100342, 0.9286231994628906, 0.5745943188667297, 0.8968278169631958, 0.855060875415802, 0.6009419560432434, 0.9007725119590759, 0.6527714729309082, 0.7184643149375916, 0.9424921274185181, 0.86151522397995, 0.9999994039535522, 0.9999994039535522, 0.9999967813491821
1, 2, 3, 4, 5, 6, 7, 8, 9, 10, 11, 12, 13, 15, 17, 18, 16, 19, 14, 20
0.838951051235199, 0.8786892294883728, 0.8253031373023987, 0.9517599940299988, 0.9578152298927307, 0.9723718166351318, 0.6198964715003967, 0.9978610873222351, 0.9985492825508118, 0.9999736547470093, 0.9972110390663147, 0.9999892711639404, 0.9997844099998474, 0.999993085861206, 0.9988345503807068, 0.9999977350234985, 0.999966025352478, 0.9999970197677612, 0.9916927814483643, 0.9999938011169434, 0.5916597247123718, 0.9999474287033081, 0.9972825050354004, 0.999950647354126, 0.9708864092826843, 0.9999768733978271, 0.9905803799629211, 0.998184859752655, 0.9999992847442627, 0.999976396560669, 0.999997615814209
1, 7, 3, 4, 12, 19, 20, 2, 5, 6, 11, 9, 17, 18, 8, 10, 14, 15, 16, 13
0.4148322343826294, 0.7066190242767334, 0.6669996976852417, 0.9955462217330933, 0.9949166774749756, 0.9989523887634277, 0.6140232086181641, 0.9178417325019836, 0.9998383522033691, 0.9998176693916321, 0.9279430508613586, 0.9997468590736389, 0.9953174591064453, 0.9999421834945679, 0.9996880292892456, 0.7680643796920776, 0.997670590877533, 0.9950340986251831, 0.9999254941940308, 0.9999970197677612, 0.6442177891731262, 0.9999884366989136, 0.9994913339614868, 0.9999996423721313, 0.9990882873535156, 0.9999997615814209, 0.9997997879981995, 1.0, 0.9999943971633911, 1.0, 0.9999998807907104
4, 3, 2, 1, 15, 8, 12, 14, 10, 11, 7, 9, 5, 6, 13, 17, 18, 19, 20, 16
0.6897672414779663, 0.6208913326263428, 0.9781226515769958, 0.9827089309692383, 0.5522533655166626, 0.6758188009262085, 0.5330657362937927, 0.9861475825309753, 0.7530664801597595, 0.8489331603050232, 0.7220220565795898, 0.6710960268974304, 0.5217013955116272, 0.6441980600357056, 0.9721049070358276, 0.8119471669197083, 0.9310802221298218, 0.6669995188713074, 0.8435182571411133, 0.999032735824585, 0.9968563318252563, 0.9905893802642822, 0.6742071509361267, 0.9762668609619141, 0.9722938537597656, 0.5729508996009827, 0.9584794044494629, 0.9840531349182129, 0.9999973773956299, 0.9999864101409912, 0.9999836683273315
1, 2, 4, 5, 3, 8, 9, 6, 7, 10, 11, 12, 13, 16, 17, 18, 19, 20, 14, 15
0.561539351940155, 0.9974144697189331, 0.5871233940124512, 0.5598357319831848, 0.37544748187065125, 0.864639401435852, 0.960513174533844, 0.5244829654693604, 0.8265506625175476, 0.9997791647911072, 0.6278839707374573, 0.9992393255233765, 0.851953387260437, 0.9996472597122192, 0.9880727529525757, 0.9996263980865479, 0.9955028891563416, 0.9998406171798706, 0.7300238013267517, 0.9954545497894287, 0.9944990277290344, 0.9161060452461243, 0.7315633296966553, 0.5774884223937988, 0.6884027719497681, 0.9852588176727295, 0.9999693632125854, 0.9998458623886108, 0.962106466293335, 0.9999943971633911, 0.9999997615814209
1, 2, 3, 4, 5, 6, 7, 8, 9, 10, 13, 14, 15, 16, 17, 18, 20, 12, 11, 19
0.9999690055847168, 0.9856855869293213, 0.6413719058036804, 0.4332038164138794, 0.5164352655410767, 0.993050217628479, 0.9892655611038208, 0.9940428137779236, 0.9916845560073853, 0.9991160035133362, 0.5912836790084839, 0.9890790581703186, 0.9946010112762451, 0.9980962872505188, 0.9999791383743286, 0.9960711002349854, 0.9999960660934448, 0.9829893708229065, 0.9999936819076538, 0.973199188709259, 0.9999784231185913, 0.8172725439071655, 0.9999310970306396, 0.757550835609436, 0.999427318572998, 0.9960863590240479, 0.9999222755432129, 0.9993007183074951, 0.9996539354324341, 0.9999994039535522, 0.9999688863754272, 0.9999747276306152, 0.9989824891090393, 0.9999991655349731
2, 5, 7, 11, 9, 13, 3, 10, 1, 4, 6, 8, 12, 14, 16, 17, 18, 19, 20, 15
0.5112659931182861, 0.45632243156433105, 0.8098430633544922, 0.6276297569274902, 0.9612348675727844, 0.8861501216888428, 0.9614711403846741, 0.998589813709259, 0.8030686974525452, 0.9999654293060303, 0.999754011631012, 0.9194596409797668, 0.9996187686920166, 0.8771530985832214, 0.8548233509063721, 0.9993221759796143, 0.6154899597167969, 0.999984622001648, 0.9998937845230103, 0.9998596906661987, 0.725953221321106, 0.999431312084198, 0.9303255677223206, 0.9967106580734253, 0.6452692747116089, 0.999118983745575, 0.7826573848724365, 0.9996052384376526, 0.9999853372573853, 0.9999879598617554, 0.9999953508377075
9, 12, 1, 2, 6, 8, 4, 7, 13, 3, 10, 18, 5, 17, 15, 16, 14, 19, 20, 11
0.49286213517189026, 0.38791346549987793, 0.5566664934158325, 0.5335978865623474, 0.49671879410743713, 0.37753525376319885, 0.6647916436195374, 0.7810978293418884, 0.5426731705665588, 0.6846584677696228, 0.9921905398368835, 0.5287522077560425, 0.5533886551856995, 0.5564541816711426, 0.6366931796073914, 0.643856942653656, 0.636202871799469, 0.9999101161956787, 0.9973311424255371, 0.9996246099472046, 0.6347388625144958, 0.998189389705658, 0.6558494567871094, 0.9937659502029419, 0.9580729603767395, 0.9722241759300232, 0.5697872638702393, 0.8499207496643066, 0.9999982118606567, 0.9999982118606567, 0.9999949932098389
4, 2, 3, 5, 8, 14, 12, 11, 6, 10, 13, 15, 17, 18, 7, 9, 1, 19, 20, 16
0.5719568729400635, 0.42726728320121765, 0.6262484788894653, 0.5386908650398254, 0.9567260146141052, 0.9973688125610352, 0.4024352729320526, 0.9722932577133179, 0.7088438272476196, 0.8210601210594177, 0.39692044258117676, 0.7807280421257019, 0.9758185744285583, 0.6507843732833862, 0.8108742833137512, 0.9374956488609314, 0.9963082671165466, 0.7916186451911926, 0.9984079003334045, 0.9998608827590942, 0.9037681818008423, 0.9876695275306702, 0.8566036224365234, 0.9770085215568542, 0.9936596751213074, 0.8990277647972107, 0.934302806854248, 0.995661199092865, 0.9999964237213135, 0.9999997615814209, 0.9999985694885254
1, 2, 4, 5, 11, 13, 17, 18, 12, 16, 6, 10, 19, 3, 14, 15, 7, 8, 9, 20
0.7076135277748108, 0.9910247325897217, 0.5490049123764038, 0.9019972681999207, 0.9680438041687012, 0.5516080260276794, 0.9933846592903137, 0.6073954701423645, 0.9985925555229187, 0.9886355400085449, 0.9830992817878723, 0.9743974208831787, 0.5519988536834717, 0.9351244568824768, 0.6382356286048889, 0.7091532349586487, 0.5137427449226379, 0.6916365027427673, 0.97437584400177, 0.638117790222168, 0.8802884221076965, 0.9270829558372498, 0.9430028200149536, 0.9774531126022339, 0.6548877358436584, 0.9989172220230103, 0.5584156513214111, 0.9969455599784851, 0.9999921321868896, 0.9999481439590454, 0.9999984502792358
8, 13, 20, 7, 16, 10, 12, 1, 2, 3, 4, 11, 14, 15, 17, 18, 19, 5, 6, 9
0.5902472734451294, 0.7596119046211243, 0.9973834156990051, 0.98850017786026, 0.9989116191864014, 0.44098860025405884, 0.4329383671283722, 0.3820333778858185, 0.5560502409934998, 0.421392023563385, 0.9948170781135559, 0.9930661916732788, 0.5003734827041626, 0.9023181200027466, 0.9515248537063599, 0.9980496168136597, 0.46482276916503906, 0.9915984869003296, 0.8838415145874023, 0.9361165761947632, 0.9991769194602966, 0.999680757522583, 0.9998189806938171, 0.9786908626556396, 0.9999586343765259, 0.9999864101409912, 0.9998273253440857, 0.9999995231628418, 0.8401347994804382, 0.9852664470672607, 0.9999994039535522
11, 8, 10, 19, 20, 1, 2, 3, 4, 6, 17, 5, 18, 14, 16, 15, 12, 13, 9, 7
0.5811583995819092, 0.8927018642425537, 0.8805800676345825, 0.8881941437721252, 0.7383772730827332, 0.6608642935752869, 0.5303429961204529, 0.6738811731338501, 0.9823510646820068, 0.6999466419219971, 0.4890797734260559, 0.9819769859313965, 0.9653612375259399, 0.9456688165664673, 0.4885684549808502, 0.9607048630714417, 0.8085420727729797, 0.9700320363044739, 0.5331073999404907, 0.9427233934402466, 0.4850029945373535, 0.9447016716003418, 0.8737360835075378, 0.9833571910858154, 0.9832119345664978, 0.8459520936012268, 0.6297134160995483, 0.9999276399612427, 0.9999985694885254, 0.5586774349212646, 0.9999885559082031
1, 2, 3, 4, 18, 9, 6, 16, 14, 15, 5, 10, 12, 13, 17, 7, 8, 11, 20, 19
0.9466413259506226, 0.9948220252990723, 0.9996005892753601, 0.8928190469741821, 0.49758538603782654, 0.620108962059021, 0.6385777592658997, 0.6167259216308594, 0.8696188926696777, 0.5567972660064697, 0.8657842874526978, 0.9097352623939514, 0.5381506681442261, 0.720795214176178, 0.7983702421188354, 0.9991623163223267, 0.9962531328201294, 0.9827385544776917, 0.5064862370491028, 0.7782679796218872, 0.8579676747322083, 0.628686249256134, 0.9797061085700989, 0.45191022753715515, 0.9937782287597656, 0.9877554774284363, 0.9952396154403687, 0.5117127895355225, 0.9999974966049194, 0.9999991655349731, 0.9999990463256836
1, 5, 4, 6, 3, 13, 9, 19, 17, 2, 20, 14, 18, 10, 12, 15, 11, 16, 7, 8
0.9038038849830627, 0.5621172785758972, 0.9981125593185425, 0.6688376069068909, 0.953684389591217, 0.9278384447097778, 0.9979491829872131, 0.9621108770370483, 0.9995174407958984, 0.5192486047744751, 0.9917322397232056, 0.9998202919960022, 0.9744805097579956, 0.7103906273841858, 0.999996542930603, 0.919090211391449, 0.5619442462921143, 0.9106115102767944, 0.4712216556072235, 0.9119424223899841, 0.7388395071029663, 0.9813169240951538, 0.7685338854789734, 0.995266318321228, 0.9373753070831299, 0.9775980710983276, 0.8824009299278259, 0.935900092124939, 0.9999953508377075, 0.900507390499115, 0.9999967813491821
1, 2, 3, 4, 5, 6, 7, 8, 9, 10, 11, 13, 14, 15, 18, 19, 12, 16, 17, 20
0.9621347784996033, 0.7362534999847412, 0.9886986613273621, 0.7411653399467468, 0.988785982131958, 0.830399751663208, 0.9969778060913086, 0.9479955434799194, 0.9861006140708923, 0.9999129772186279, 0.9948988556861877, 0.9998658895492554, 0.6847812533378601, 0.9999604225158691, 0.6714715361595154, 0.9999785423278809, 0.9930765628814697, 0.9999500513076782, 0.9998742341995239, 0.9998730421066284, 0.9386467337608337, 0.9998784065246582, 0.9999819993972778, 0.987176239490509, 0.9875547289848328, 0.9977803826332092, 0.9955982565879822, 0.9999731779098511, 0.9999998807907104, 0.999514102935791, 0.9999971389770508
1, 2, 3, 4, 5, 6, 7, 8, 9, 10, 13, 14, 15, 16, 17, 18, 20, 12, 11, 19
0.9524431824684143, 0.8425158262252808, 0.9894635677337646, 0.9827563762664795, 0.9959273934364319, 0.9934486746788025, 0.9948662519454956, 0.9937449097633362, 0.9998106360435486, 0.9999815225601196, 0.9995138645172119, 0.9999964237213135, 0.6593658924102783, 0.9999955892562866, 0.9964060187339783, 0.9999978542327881, 0.9994146823883057, 0.9999980926513672, 0.7718197703361511, 0.9999984502792358, 0.9999275207519531, 0.9999700784683228, 0.9994055032730103, 0.8577605485916138, 0.999982476234436, 0.9999786615371704, 0.9995601773262024, 0.999991774559021, 0.9982728958129883, 0.9999943971633911, 0.9999992847442627
1, 2, 3, 6, 7, 4, 11, 14, 12, 9, 17, 16, 8, 5, 10, 13, 19, 20, 18, 15
0.938472330570221, 0.8722500801086426, 0.5773439407348633, 0.6534890532493591, 0.8338502645492554, 0.8365176320075989, 0.9636591672897339, 0.9787620306015015, 0.9300143122673035, 0.829291045665741, 0.6265823245048523, 0.7332207560539246, 0.5975313186645508, 0.8345551490783691, 0.6356834173202515, 0.7721415162086487, 0.9325469732284546, 0.47065430879592896, 0.9014826416969299, 0.9883354902267456, 0.7339684963226318, 0.981817901134491, 0.8055792450904846, 0.9785093665122986, 0.979182779788971, 0.9999158382415771, 0.9999958276748657, 0.9999017715454102, 0.8104535937309265, 0.9999995231628418, 0.9999994039535522
2, 12, 14, 15, 1, 13, 19, 11, 16, 9, 18, 20, 3, 5, 6, 8, 4, 7, 10, 17
0.48295924067497253, 0.6376646161079407, 0.32214048504829407, 0.7225616574287415, 0.48260265588760376, 0.8518556952476501, 0.7605570554733276, 0.5050402283668518, 0.4837127923965454, 0.7022168636322021, 0.4121416211128235, 0.43303778767585754, 0.39122408628463745, 0.39002442359924316, 0.5962565541267395, 0.7640025615692139, 0.48034533858299255, 0.8219737410545349, 0.9529814720153809, 0.7269330024719238, 0.9999923706054688, 0.5018763542175293, 0.38634854555130005, 0.5849579572677612, 0.6920180916786194, 0.7502014636993408, 0.9692559838294983, 0.9999700784683228, 0.826664388179779, 0.9999921321868896, 0.9999923706054688
2, 3, 6, 7, 1, 4, 9, 10, 11, 12, 13, 14, 15, 16, 17, 18, 19, 20, 5, 8
0.5180799961090088, 0.9978306889533997, 0.8340466022491455, 0.9996321201324463, 0.9977192282676697, 0.995733916759491, 0.9357258081436157, 0.83732670545578, 0.886693000793457, 0.6618130803108215, 0.5586730241775513, 0.9524642825126648, 0.9955676198005676, 0.9907870888710022, 0.9993419051170349, 0.9975113868713379, 0.9998525381088257, 0.9989199638366699, 0.9999301433563232, 0.9997501969337463, 0.9999432563781738, 0.9998797178268433, 0.9999940395355225, 0.9999371767044067, 0.9999717473983765, 0.9996663331985474, 0.9999802112579346, 0.9997679591178894, 0.9999616146087646, 0.996259331703186, 0.999953031539917
1, 2, 8, 7, 16, 14, 4, 9, 17, 18, 19, 15, 6, 13, 5, 20, 11, 12, 3, 10
0.9220805168151855, 0.8216649293899536, 0.6390599012374878, 0.5045890808105469, 0.913653552532196, 0.9750354290008545, 0.4644487798213959, 0.9191286563873291, 0.4521520137786865, 0.8441420793533325, 0.9991082549095154, 0.9791691899299622, 0.9134642481803894, 0.8889175057411194, 0.6144118905067444, 0.9043296575546265, 0.6097095012664795, 0.9959797859191895, 0.9480047821998596, 0.45348259806632996, 0.8274747729301453, 0.8858255743980408, 0.9610239267349243, 0.9999978542327881, 0.8243662118911743, 0.991776704788208, 0.5233985185623169, 0.9995738863945007, 0.9993723034858704, 0.9999957084655762, 0.9999996423721313
2, 4, 5, 17, 14, 1, 3, 7, 8, 9, 10, 11, 12, 13, 15, 16, 18, 19, 20, 6
0.7222902774810791, 0.48207181692123413, 0.9110577702522278, 0.9996968507766724, 0.7366473078727722, 0.9968321919441223, 0.9982218146324158, 0.8378743529319763, 0.9097667336463928, 0.7198399901390076, 0.7358546257019043, 0.9829840660095215, 0.999313473701477, 0.9920319318771362, 0.9854787588119507, 0.9713800549507141, 0.9937499165534973, 0.9990629553794861, 0.9991093277931213, 0.998619794845581, 0.9983140230178833, 0.9952934384346008, 0.9994446635246277, 0.9996351003646851, 0.9999433755874634, 0.9999207258224487, 0.5682081580162048, 0.9999990463256836, 0.9816749691963196, 0.9999942779541016, 0.9999692440032959
1, 2, 3, 4, 8, 10, 11, 6, 5, 7, 19, 20, 16, 9, 12, 14, 15, 18, 17, 13
0.5270528793334961, 0.9041803479194641, 0.9968546032905579, 0.9992600083351135, 0.840743362903595, 0.9798126220703125, 0.9977434873580933, 0.8881872296333313, 0.9978524446487427, 0.49904486536979675, 0.9904076457023621, 0.7698646187782288, 0.5497868657112122, 0.8597901463508606, 0.8640081286430359, 0.9999849796295166, 0.9455928802490234, 0.9927714467048645, 0.8126227259635925, 0.999932050704956, 0.9750550389289856, 0.9999945163726807, 0.9997593760490417, 0.9998637437820435, 0.8753543496131897, 0.9999387264251709, 0.9924873113632202, 0.9999713897705078, 0.7279734015464783, 0.9999983310699463, 0.9999997615814209
10, 7, 1, 12, 16, 13, 20, 6, 9, 4, 2, 19, 18, 5, 3, 15, 8, 17, 14, 11
0.6641151905059814, 0.7984973788261414, 0.5186064839363098, 0.6518630981445312, 0.532838761806488, 0.8059611916542053, 0.5499096512794495, 0.7090100049972534, 0.6165767312049866, 0.8227325081825256, 0.33815303444862366, 0.774394690990448, 0.5049371719360352, 0.3191240727901459, 0.3406722843647003, 0.6269559860229492, 0.4057566821575165, 0.37540557980537415, 0.617035448551178, 0.5462477207183838, 0.42619484663009644, 0.49970704317092896, 0.6186177730560303, 0.7973424792289734, 0.6440847516059875, 0.9995954632759094, 0.8156744241714478, 0.9999639987945557, 0.863369345664978, 0.9999982118606567, 0.9999963045120239
1, 2, 3, 4, 5, 7, 10, 12, 16, 18, 19, 20, 6, 8, 9, 13, 15, 17, 11, 14
0.9515818357467651, 0.9969837069511414, 0.7667975425720215, 0.9867228865623474, 0.9901931285858154, 0.9694808125495911, 0.9624831080436707, 0.9888914823532104, 0.9412866234779358, 0.8335182666778564, 0.9055362343788147, 0.8663789629936218, 0.9497967958450317, 0.984382688999176, 0.6112982034683228, 0.8917707204818726, 0.99916672706604, 0.9999873638153076, 0.7273361086845398, 0.5935813784599304, 0.7341148853302002, 0.9999991655349731, 0.998019814491272, 0.9999983310699463, 0.9873026609420776, 0.9999979734420776, 0.9999407529830933, 0.9999794960021973, 0.9909448623657227, 0.9999997615814209, 0.9999998807907104
7, 9, 10, 12, 18, 16, 11, 2, 3, 6, 1, 19, 5, 8, 13, 15, 17, 4, 20, 14
0.5780042409896851, 0.5551114678382874, 0.9753002524375916, 0.8973010182380676, 0.9815194606781006, 0.9939895868301392, 0.7870632410049438, 0.754967451095581, 0.9817793965339661, 0.7715595960617065, 0.8981784582138062, 0.9978901743888855, 0.9055884480476379, 0.5083694458007812, 0.9010010361671448, 0.7135096192359924, 0.4720187783241272, 0.9991689920425415, 0.567101776599884, 0.9991095662117004, 0.6855147480964661, 0.9602145552635193, 0.9836904406547546, 0.9172656536102295, 0.982297420501709, 0.9999840259552002, 0.6062210202217102, 0.9974404573440552, 0.999998927116394, 0.9999822378158569, 1.0
19, 15, 7, 11, 5, 2, 3, 4, 9, 14, 12, 13, 18, 10, 17, 8, 16, 20, 6, 1
0.76097571849823, 0.4942220151424408, 0.7337039709091187, 0.9130679368972778, 0.4658506512641907, 0.8585060834884644, 0.8939353227615356, 0.7874674201011658, 0.6815457940101624, 0.7182581424713135, 0.7768036723136902, 0.6362138390541077, 0.9499226212501526, 0.9798159599304199, 0.7654688954353333, 0.8585124015808105, 0.7632819414138794, 0.5788999795913696, 0.8721493482589722, 0.9546050429344177, 0.9016860723495483, 0.9735814929008484, 0.7823089361190796, 0.8743934631347656, 0.8286263346672058, 0.8342162370681763, 0.8535692691802979, 0.9525524973869324, 0.9999997615814209, 0.9969226717948914, 0.9999977350234985
1, 6, 3, 7, 8, 12, 17, 5, 9, 15, 10, 11, 13, 4, 18, 14, 19, 20, 2, 16
0.6890788078308105, 0.7094566822052002, 0.3944019377231598, 0.4675031900405884, 0.988439679145813, 0.7173306345939636, 0.8793902397155762, 0.8602682948112488, 0.6886118054389954, 0.4086473882198334, 0.568576455116272, 0.99522864818573, 0.9856926202774048, 0.9696249961853027, 0.9607133865356445, 0.982475996017456, 0.9978370070457458, 0.5111461877822876, 0.5530532002449036, 0.5978954434394836, 0.9545813798904419, 0.9449779391288757, 0.8055936694145203, 0.9041897654533386, 0.9532701969146729, 0.9697507619857788, 0.9867660999298096, 0.9949325919151306, 0.9879433512687683, 0.9999819993972778, 0.9999979734420776
1, 2, 3, 4, 5, 6, 7, 8, 9, 10, 11, 12, 13, 14, 15, 16, 17, 18, 19, 20
0.9559420943260193, 0.8349669575691223, 0.9295076131820679, 0.9180748462677002, 0.7307711243629456, 0.7158540487289429, 0.999790370464325, 0.8879705667495728, 0.949638843536377, 0.999775230884552, 0.9813997745513916, 0.9998689889907837, 0.9857694506645203, 0.9999662637710571, 0.9983841180801392, 0.9999840259552002, 0.998883068561554, 0.9999933242797852, 0.9931869506835938, 0.9999984502792358, 0.9999091625213623, 0.9999984502792358, 0.9999269247055054, 0.9999947547912598, 0.9937923550605774, 0.9999839067459106, 0.9999798536300659, 0.9995825886726379, 0.9999972581863403, 0.999990701675415, 0.999988317489624
2, 1, 4, 6, 5, 18, 17, 8, 19, 16, 13, 12, 15, 11, 10, 20, 9, 14, 3, 7
0.866364598274231, 0.5566772818565369, 0.8819783329963684, 0.941218376159668, 0.9211246967315674, 0.7938714027404785, 0.7455040812492371, 0.8907461166381836, 0.8369730114936829, 0.5949500799179077, 0.927840530872345, 0.9257322549819946, 0.7601575255393982, 0.26813533902168274, 0.46766963601112366, 0.3508793115615845, 0.7121468186378479, 0.6565426588058472, 0.433055579662323, 0.3699120283126831, 0.40243276953697205, 0.48740333318710327, 0.6803837418556213, 0.9249383211135864, 0.36629000306129456, 0.9999974966049194, 0.7486821413040161, 0.9432564377784729, 0.9999581575393677, 0.6415141224861145, 0.9999432563781738
3, 11, 8, 9, 10, 19, 14, 13, 17, 18, 12, 20, 1, 2, 4, 5, 7, 15, 16, 6
0.7040491104125977, 0.6018115282058716, 0.6194222569465637, 0.519669234752655, 0.5079261064529419, 0.9953561425209045, 0.8852267861366272, 0.999471127986908, 0.5614624619483948, 0.9907963275909424, 0.839283287525177, 0.985291600227356, 0.8378539681434631, 0.9648526906967163, 0.6415389180183411, 0.9155426025390625, 0.9455498456954956, 0.6523289680480957, 0.3938088119029999, 0.7980408668518066, 0.9993438124656677, 0.7843142747879028, 0.9723816514015198, 0.9717792272567749, 0.9066545367240906, 0.9957755208015442, 0.7308894395828247, 0.9464033842086792, 0.9988827109336853, 0.9999991655349731, 0.9999845027923584
1, 2, 4, 5, 11, 15, 19, 13, 3, 6, 14, 16, 7, 9, 10, 12, 17, 18, 20, 8
0.8010357618331909, 0.9529140591621399, 0.6120759844779968, 0.8395270705223083, 0.6564056873321533, 0.8097977042198181, 0.8247968554496765, 0.6842808127403259, 0.9368957877159119, 0.5312783718109131, 0.5705046057701111, 0.9652934074401855, 0.6442288160324097, 0.7490155100822449, 0.9639970660209656, 0.99454665184021, 0.6119986772537231, 0.8166730403900146, 0.7763897180557251, 0.9856411814689636, 0.9999407529830933, 0.9666458964347839, 0.9996613264083862, 0.9953451752662659, 0.98734050989151, 0.831129789352417, 0.9622634649276733, 0.9999841451644897, 0.9998834133148193, 0.9999918937683105, 0.999983549118042
1, 3, 4, 5, 11, 2, 8, 6, 18, 12, 14, 16, 20, 13, 10, 15, 7, 9, 17, 19
0.9626836776733398, 0.7671804428100586, 0.6377918124198914, 0.8948588967323303, 0.960732638835907, 0.993989109992981, 0.5009999871253967, 0.965732216835022, 0.7276826500892639, 0.9992688298225403, 0.7086981534957886, 0.9987969398498535, 0.9995507597923279, 0.9829531908035278, 0.9917623996734619, 0.6769496202468872, 0.911048173904419, 0.857369601726532, 0.9999972581863403, 0.9986032843589783, 0.9861184358596802, 0.9963055849075317, 0.9831814169883728, 0.8608899116516113, 0.5344518423080444, 0.4849139451980591, 0.8807772397994995, 0.9999799728393555, 0.9999046325683594, 0.999997615814209, 0.9999988079071045
5, 6, 1, 4, 9, 15, 3, 14, 13, 16, 10, 7, 11, 8, 12, 19, 18, 2, 17, 20
0.4666953384876251, 0.9856483936309814, 0.6449123024940491, 0.7981226444244385, 0.9399641156196594, 0.8532079458236694, 0.6228280663490295, 0.4728540778160095, 0.8324146866798401, 0.5042638182640076, 0.8948525190353394, 0.6524324417114258, 0.9425609707832336, 0.5095701217651367, 0.7603062391281128, 0.9045810699462891, 0.7111828327178955, 0.5611212849617004, 0.9870803952217102, 0.7009310722351074, 0.9119253754615784, 0.9928065538406372, 0.9662674069404602, 0.5075174570083618, 0.9795835614204407, 0.9981251358985901, 0.8288570046424866, 0.7981216907501221, 0.9999123811721802, 0.999992847442627, 0.9999997615814209
