1, 2, 3, 4, 5, 6, 7, 8, 9, 10, 11, 12, 13, 14, 15, 16, 17, 18, 19, 20
0.9712533950805664, 0.9995298385620117, 0.9961016178131104, 0.8184176087379456, 0.9999980926513672, 0.6646392345428467, 0.9999465942382812, 0.9971887469291687, 0.9992443323135376, 1.0, 0.9999498128890991, 1.0, 0.999786913394928, 1.0, 0.9999668598175049, 1.0, 0.9999500513076782, 1.0, 0.9999978542327881, 1.0, 0.999998927116394, 1.0, 0.9999994039535522, 1.0, 0.9999990463256836, 0.9999996423721313, 0.9999984502792358, 0.9999988079071045, 0.9999996423721313, 0.9999524354934692, 0.9999997615814209
1, 2, 3, 5, 8, 11, 15, 16, 18, 10, 12, 13, 17, 4, 6, 7, 9, 14, 19, 20
0.9164302945137024, 0.9569620490074158, 0.9981957077980042, 0.7843085527420044, 0.9295467138290405, 0.9988760352134705, 0.9491665959358215, 0.9995878338813782, 0.4736332893371582, 0.9991658926010132, 0.8521923422813416, 0.9947905540466309, 0.9407448768615723, 0.5203124284744263, 0.5545809864997864, 0.9976274371147156, 0.9222335815429688, 0.9999275207519531, 0.9682192206382751, 0.9953687191009521, 0.9781140089035034, 0.7230861186981201, 0.981474757194519, 0.9537003636360168, 0.9994008541107178, 0.9999996423721313, 0.9857152104377747, 0.9999997615814209, 0.9999988079071045, 0.8962249159812927, 0.9999995231628418
1, 2, 3, 4, 5, 7, 9, 13, 14, 15, 17, 18, 11, 12, 6, 8, 10, 16, 19, 20
0.9734728336334229, 0.9991809725761414, 0.9998123049736023, 0.7358639240264893, 0.9982852339744568, 0.983705997467041, 0.549710214138031, 0.9999948740005493, 0.7967345118522644, 0.9999771118164062, 0.9573652744293213, 0.9999963045120239, 0.9838511347770691, 0.5796723365783691, 0.47952932119369507, 0.6765739321708679, 0.4235972464084625, 0.6170657873153687, 0.7044572830200195, 0.5897626280784607, 0.8916717767715454, 0.6852172613143921, 0.639945387840271, 0.9928650856018066, 0.5741721987724304, 0.9993725419044495, 0.9693156480789185, 0.9999303817749023, 0.9999985694885254, 0.9943377375602722, 0.9999997615814209
1, 2, 3, 4, 5, 6, 7, 8, 9, 10, 11, 12, 13, 14, 15, 16, 17, 18, 19, 20
0.9997072815895081, 0.9972370862960815, 0.9997031092643738, 0.738290548324585, 0.986928403377533, 0.7628204822540283, 0.9892801642417908, 0.9668300151824951, 0.9987723231315613, 0.9999996423721313, 0.9999717473983765, 1.0, 0.9994457364082336, 1.0, 0.9998400211334229, 1.0, 0.9999967813491821, 1.0, 0.9999790191650391, 1.0, 0.9999865293502808, 1.0, 0.999998927116394, 0.9999998807907104, 0.9999995231628418, 0.9999998807907104, 0.9999997615814209, 0.9999940395355225, 0.9999985694885254, 0.9989412426948547, 0.9999986886978149
1, 2, 3, 4, 5, 6, 7, 8, 9, 10, 11, 12, 13, 14, 15, 16, 17, 18, 19, 20
0.9990597367286682, 0.9669181704521179, 0.9603846073150635, 0.9999361038208008, 0.997488260269165, 0.9880869388580322, 0.9353398084640503, 0.9999878406524658, 0.9796572327613831, 0.9999992847442627, 0.9998633861541748, 1.0, 0.9999758005142212, 0.9999998807907104, 0.999932050704956, 1.0, 0.9999980926513672, 0.9999998807907104, 0.9999352693557739, 1.0, 0.9999992847442627, 0.9999998807907104, 0.9999997615814209, 0.9999998807907104, 0.9999985694885254, 1.0, 0.9999996423721313, 0.9999994039535522, 0.9999996423721313, 0.9987886548042297, 0.9999992847442627
1, 3, 6, 7, 8, 9, 10, 11, 12, 13, 14, 16, 17, 2, 5, 15, 18, 19, 4, 19
0.9877730011940002, 0.9077239036560059, 0.8174905180931091, 0.9525541663169861, 0.5120858550071716, 0.554430365562439, 0.9999853372573853, 0.9836800694465637, 0.999984860420227, 0.8575587272644043, 0.9999799728393555, 0.9763116240501404, 0.9928644895553589, 0.939936101436615, 0.9984136819839478, 0.9794490337371826, 0.9975876808166504, 0.530284583568573, 0.9754918813705444, 0.9906303286552429, 0.7420918941497803, 0.5533201098442078, 0.975131630897522, 0.746904730796814, 0.9381096363067627, 0.9950916767120361, 0.8148361444473267, 0.9999911785125732, 0.9277941584587097, 0.6858506202697754, 0.8182257413864136
1, 2, 3, 4, 5, 6, 7, 8, 9, 10, 11, 12, 13, 14, 15, 16, 17, 18, 19, 20
0.9358866810798645, 0.9997444748878479, 0.9995167255401611, 0.9996798038482666, 0.9986973404884338, 0.9827662706375122, 0.9995946288108826, 0.999994158744812, 0.9999798536300659, 1.0, 0.9997484087944031, 1.0, 0.999994158744812, 1.0, 0.9999892711639404, 1.0, 0.9999984502792358, 1.0, 0.9999927282333374, 0.9999996423721313, 0.9999898672103882, 1.0, 0.9999992847442627, 0.9999998807907104, 0.9999995231628418, 0.9999998807907104, 0.9999995231628418, 0.9999979734420776, 0.9999996423721313, 0.9998063445091248, 0.9999991655349731
1, 2, 7, 11, 10, 8, 6, 4, 5, 12, 14, 13, 3, 15, 16, 17, 18, 19, 9, 20
0.948855996131897, 0.9999032020568848, 0.7289174795150757, 0.4534536600112915, 0.3876250088214874, 0.4750955402851105, 0.6893543004989624, 0.6659051775932312, 0.3154051601886749, 0.3880655765533447, 0.9997579455375671, 0.5133317708969116, 0.8326197266578674, 0.9911451935768127, 0.9373472332954407, 0.547595739364624, 0.6440740823745728, 0.5312815308570862, 0.6441361904144287, 0.568249523639679, 0.7660991549491882, 0.9003036618232727, 0.8536942601203918, 0.9900083541870117, 0.6218209862709045, 0.8354695439338684, 0.8624016046524048, 0.999993085861206, 0.9144319295883179, 0.9457985758781433, 1.0
1, 4, 10, 18, 14, 15, 3, 5, 7, 9, 11, 2, 6, 12, 13, 16, 17, 19, 8, 20
0.8896766304969788, 0.4841182231903076, 0.7538477182388306, 0.9875532388687134, 0.8560914397239685, 0.3730059266090393, 0.4394088685512543, 0.5316896438598633, 0.8702090382575989, 0.6638099551200867, 0.5499120950698853, 0.528468668460846, 0.7639498114585876, 0.7680541276931763, 0.9158325791358948, 0.9412295818328857, 0.62387615442276, 0.8895919322967529, 0.9371942281723022, 0.8036404252052307, 0.9938672184944153, 0.5530646443367004, 0.9496269822120667, 0.8434162735939026, 0.9879294633865356, 0.9136640429496765, 0.5886703729629517, 0.9999986886978149, 0.7729138731956482, 0.5888854265213013, 1.0
1, 2, 3, 4, 5, 13, 15, 16, 18, 6, 7, 8, 10, 11, 12, 14, 17, 9, 19, 20
0.8974778652191162, 0.999714195728302, 0.9645546078681946, 0.9997598528862, 0.9999963045120239, 0.9940296411514282, 0.9649470448493958, 0.9966546297073364, 0.47800275683403015, 0.9709817171096802, 0.7716154456138611, 0.9044202566146851, 0.6173893213272095, 0.650109052658081, 0.9717466831207275, 0.9916397929191589, 0.562174916267395, 0.9144755005836487, 0.9999929666519165, 0.9634465575218201, 0.999990701675415, 0.6925103664398193, 0.9938979744911194, 0.9816568493843079, 0.9196381568908691, 0.9953881502151489, 0.6001728177070618, 0.9999934434890747, 0.999996542930603, 0.9817317128181458, 0.9999996423721313
1, 2, 3, 4, 5, 6, 7, 8, 9, 10, 11, 12, 13, 14, 15, 16, 17, 18, 19, 20
0.9944802522659302, 0.6025113463401794, 0.9998670816421509, 0.9290668964385986, 0.9994045495986938, 0.9982378482818604, 0.9928935170173645, 0.9848769903182983, 0.9983763694763184, 1.0, 0.9999262094497681, 1.0, 0.9974240064620972, 1.0, 0.9998243451118469, 1.0, 0.999962568283081, 1.0, 0.9899771213531494, 1.0, 0.9999991655349731, 1.0, 0.9999966621398926, 0.9999982118606567, 0.9992689490318298, 0.9999998807907104, 0.9999986886978149, 0.9999984502792358, 0.9999986886978149, 0.9995228052139282, 0.9999990463256836
1, 2, 3, 4, 5, 6, 7, 8, 9, 10, 11, 12, 13, 14, 15, 16, 17, 18, 19, 20
0.9998039603233337, 0.9990949630737305, 0.9888450503349304, 0.9953338503837585, 0.9996236562728882, 0.9999762773513794, 0.9842298626899719, 0.9986743927001953, 0.9998167157173157, 0.9999997615814209, 0.999426007270813, 1.0, 0.888090193271637, 0.9999998807907104, 0.9995231628417969, 1.0, 0.9999923706054688, 0.9999991655349731, 0.8476964831352234, 1.0, 0.9999963045120239, 1.0, 0.9999986886978149, 0.9999996423721313, 0.9999618530273438, 0.9999997615814209, 0.999997615814209, 0.9999984502792358, 0.9999964237213135, 0.9952290058135986, 0.9999979734420776
1, 7, 3, 19, 20, 2, 5, 6, 11, 4, 12, 9, 10, 14, 15, 16, 17, 18, 8, 13
0.9234746098518372, 0.9504259824752808, 0.4960011839866638, 0.6784520745277405, 0.9569603204727173, 0.9211198687553406, 0.9897945523262024, 0.6396101117134094, 0.8923189043998718, 0.9995344877243042, 0.7617287635803223, 0.9228850603103638, 0.7930026650428772, 0.9798074960708618, 0.9582338333129883, 0.8563560843467712, 0.9990116357803345, 0.8608952164649963, 0.9998763799667358, 0.9886725544929504, 0.9999985694885254, 0.9999067783355713, 0.9674093723297119, 0.9413503408432007, 0.6654064655303955, 0.8979727029800415, 0.9965156316757202, 0.999955415725708, 0.9888411164283752, 0.9999997615814209, 0.9999998807907104
4, 1, 3, 2, 8, 9, 15, 14, 12, 11, 5, 6, 7, 10, 13, 16, 17, 18, 19, 20
0.7597086429595947, 0.5246527194976807, 0.9491311311721802, 0.9763038754463196, 0.5853092074394226, 0.9042329788208008, 0.8572713732719421, 0.5831677913665771, 0.9502694606781006, 0.40329110622406006, 0.7891278266906738, 0.4217960834503174, 0.48610740900039673, 0.688073992729187, 0.46925780177116394, 0.5644726157188416, 0.715396523475647, 0.9999599456787109, 0.5373098850250244, 0.9999876022338867, 0.9476730823516846, 0.9999281167984009, 0.3775758445262909, 0.999991774559021, 0.9360974431037903, 0.9999990463256836, 0.9990994930267334, 0.9999805688858032, 0.9999984502792358, 0.8267062306404114, 0.9999997615814209
1, 2, 3, 4, 5, 6, 7, 8, 9, 10, 11, 12, 13, 14, 15, 16, 17, 18, 19, 20
0.9783113598823547, 0.9961584210395813, 0.726647675037384, 0.9746452569961548, 0.9965834021568298, 0.9996094107627869, 0.9783546924591064, 0.999914288520813, 0.9999691247940063, 0.9999998807907104, 0.9999395608901978, 1.0, 0.9999644756317139, 1.0, 0.9997931122779846, 1.0, 0.999997615814209, 0.9999960660934448, 0.9998723268508911, 0.9999995231628418, 0.9999980926513672, 1.0, 0.9999990463256836, 1.0, 0.999983549118042, 1.0, 0.9999995231628418, 0.9999985694885254, 0.9999996423721313, 0.9997431635856628, 0.9999996423721313
1, 2, 3, 4, 5, 6, 7, 8, 9, 10, 11, 12, 13, 14, 15, 16, 17, 18, 19, 20
0.9997127652168274, 0.8431010246276855, 0.8709704279899597, 0.9058038592338562, 0.8695019483566284, 0.9609399437904358, 0.9999485015869141, 0.9951990246772766, 0.9998742341995239, 0.9999998807907104, 0.9998633861541748, 1.0, 0.9962738752365112, 1.0, 0.9999669790267944, 1.0, 0.9999986886978149, 1.0, 0.9999853372573853, 1.0, 0.9999995231628418, 1.0, 0.9999983310699463, 1.0, 0.9999939203262329, 1.0, 0.9999994039535522, 0.9999957084655762, 0.9999992847442627, 0.9999290704727173, 0.9999994039535522
1, 2, 3, 5, 7, 9, 10, 11, 4, 6, 8, 12, 13, 14, 15, 16, 17, 18, 19, 20
0.587447464466095, 0.6146788001060486, 0.7617061138153076, 0.579166829586029, 0.9498792886734009, 0.9311606287956238, 0.9890885353088379, 0.8612186312675476, 0.8631200194358826, 0.9575509428977966, 0.9425347447395325, 0.8351755142211914, 0.9943503737449646, 0.9999996423721313, 0.9863308668136597, 1.0, 0.9998902082443237, 0.9999998807907104, 0.9230107665061951, 1.0, 0.9999992847442627, 1.0, 0.9999983310699463, 1.0, 0.9999798536300659, 0.9999998807907104, 0.9999995231628418, 0.9999996423721313, 0.9999997615814209, 0.9926528930664062, 1.0
1, 2, 3, 4, 5, 6, 7, 8, 9, 10, 11, 12, 13, 14, 15, 16, 17, 18, 19, 20
0.9444947838783264, 0.9986805319786072, 0.9968013763427734, 0.9844120144844055, 0.7089531421661377, 0.999976634979248, 0.9999598264694214, 0.99903404712677, 0.9993033409118652, 0.9999994039535522, 0.5763426423072815, 1.0, 0.9946951270103455, 1.0, 0.9977803826332092, 1.0, 0.9999994039535522, 1.0, 0.9997676014900208, 1.0, 0.9999995231628418, 1.0, 0.9999995231628418, 1.0, 0.9999996423721313, 0.9999997615814209, 0.9999992847442627, 0.9999995231628418, 0.9999996423721313, 0.9996902942657471, 0.9999991655349731
1, 2, 3, 4, 5, 6, 7, 8, 9, 10, 11, 12, 13, 14, 15, 16, 17, 18, 19, 20
0.960323691368103, 0.9990474581718445, 0.998971700668335, 0.9961407780647278, 0.9998340606689453, 0.821491539478302, 0.9938888549804688, 0.9997920393943787, 0.9504100680351257, 0.9999998807907104, 0.9920594692230225, 1.0, 0.9999961853027344, 1.0, 0.9999312162399292, 1.0, 0.9999951124191284, 0.9999996423721313, 0.9940295219421387, 1.0, 0.9999977350234985, 0.9999980926513672, 0.8539453148841858, 1.0, 0.9999973773956299, 1.0, 0.9999994039535522, 0.9999994039535522, 0.9999991655349731, 0.9999308586120605, 0.9999992847442627
1, 2, 4, 5, 6, 11, 12, 13, 15, 16, 18, 3, 14, 19, 10, 20, 9, 8, 7, 17
0.957880437374115, 0.9985519051551819, 0.9810460805892944, 0.9994482398033142, 0.9691832661628723, 0.999180257320404, 0.9330207109451294, 0.9999936819076538, 0.9993377327919006, 0.9999662637710571, 0.9999040365219116, 0.8631731867790222, 0.613616406917572, 0.7928856611251831, 0.46452292799949646, 0.7822577357292175, 0.64421147108078, 0.8714146018028259, 0.5373255610466003, 0.8974752426147461, 0.7786880135536194, 0.6644874215126038, 0.48673975467681885, 0.9620867967605591, 0.3916863203048706, 0.9999980926513672, 0.541115939617157, 0.9560136795043945, 0.9747942090034485, 0.9999985694885254, 0.9999308586120605
1, 2, 3, 4, 7, 8, 11, 13, 14, 15, 16, 18, 19, 5, 6, 9, 10, 12, 17, 20
0.9875027537345886, 0.9998811483383179, 0.9996912479400635, 0.9968940019607544, 0.755596399307251, 0.944730281829834, 0.7009398341178894, 0.9631959199905396, 0.9935801029205322, 0.4052143394947052, 0.9937132000923157, 0.983247697353363, 0.9999991655349731, 0.999992847442627, 0.9994328618049622, 0.898418128490448, 0.8690249919891357, 0.7194247245788574, 0.9891641736030579, 0.9998984336853027, 0.9327797889709473, 0.9844164252281189, 0.9504531025886536, 0.9999788999557495, 0.9886090755462646, 0.9999903440475464, 0.9982976317405701, 0.9999151229858398, 0.9999998807907104, 0.9978504180908203, 0.9999996423721313
2, 3, 7, 1, 4, 5, 6, 8, 10, 11, 12, 13, 14, 15, 16, 17, 18, 19, 20, 9
0.5496078729629517, 0.9996987581253052, 0.5941863059997559, 0.6917003393173218, 0.946221649646759, 0.5123996734619141, 0.967337429523468, 0.9908974766731262, 0.7090027332305908, 0.945809006690979, 0.9999637603759766, 0.9997475743293762, 0.9937906861305237, 0.6704679727554321, 0.999998927116394, 0.9999551773071289, 0.9987327456474304, 0.8805108070373535, 0.9999880790710449, 0.9706236124038696, 0.9999995231628418, 0.9995408058166504, 0.9999984502792358, 0.9999656677246094, 0.9999926090240479, 0.9982969164848328, 0.9995355606079102, 0.9999985694885254, 0.8551208972930908, 1.0, 0.9953179359436035
1, 2, 3, 4, 5, 6, 7, 8, 9, 10, 11, 12, 13, 14, 15, 16, 17, 18, 19, 20
0.9268320798873901, 0.9997794032096863, 0.9999716281890869, 0.5136153697967529, 0.9997710585594177, 0.9357092380523682, 0.9997861981391907, 0.9997797608375549, 0.9905868172645569, 1.0, 0.9999382495880127, 1.0, 0.9999912977218628, 1.0, 0.999987006187439, 1.0, 0.9999923706054688, 0.9999997615814209, 0.9994630217552185, 1.0, 0.999998927116394, 0.9999996423721313, 0.9999666213989258, 1.0, 0.9998310804367065, 1.0, 0.9999994039535522, 0.9999995231628418, 0.9999992847442627, 0.9985194802284241, 0.9999996423721313
1, 2, 4, 5, 6, 10, 11, 12, 14, 15, 16, 18, 3, 7, 8, 9, 13, 17, 19, 20
0.8752274513244629, 0.648765504360199, 0.5420961380004883, 0.9999814033508301, 0.9911038875579834, 0.3523838520050049, 0.8884359002113342, 0.9991497993469238, 0.9997437596321106, 0.9999021291732788, 0.9999265670776367, 0.9606946706771851, 0.8647075295448303, 0.9977364540100098, 0.9150462746620178, 0.999366819858551, 0.9797205328941345, 0.8639444708824158, 0.9984443783760071, 0.8520404100418091, 0.8384400010108948, 0.9999898672103882, 0.9998722076416016, 0.9999997615814209, 0.9948587417602539, 1.0, 0.9999977350234985, 0.9999438524246216, 0.9999995231628418, 0.9904300570487976, 0.9999998807907104
2, 3, 1, 5, 6, 8, 9, 10, 13, 14, 15, 16, 17, 18, 4, 7, 11, 12, 19, 20
0.514583170413971, 0.854450523853302, 0.8794339299201965, 0.8372043371200562, 0.6675154566764832, 0.5050501227378845, 0.9159960746765137, 0.9944262504577637, 0.9978286623954773, 0.5269640684127808, 0.48135095834732056, 0.9966997504234314, 0.9900578856468201, 0.9735287427902222, 0.9488288164138794, 0.6911882162094116, 0.7452996969223022, 0.9153445363044739, 0.9370165467262268, 0.564907431602478, 0.9204604625701904, 0.6449657082557678, 0.9728260636329651, 0.9999936819076538, 0.9863170981407166, 0.9999996423721313, 0.9994283318519592, 0.9999974966049194, 0.9999983310699463, 0.9658730030059814, 0.999998927116394
1, 2, 3, 4, 5, 6, 7, 8, 9, 10, 12, 13, 14, 15, 17, 18, 20, 11, 16, 19
0.999371349811554, 0.9990074038505554, 0.9999760389328003, 0.9992786049842834, 0.9976598024368286, 0.9997647404670715, 0.9965381622314453, 0.9966905117034912, 0.9986428618431091, 0.9999995231628418, 0.9998934268951416, 0.9999998807907104, 0.9454041719436646, 0.9999995231628418, 0.9927136301994324, 0.9999995231628418, 0.9966681599617004, 0.9999979734420776, 0.9726681113243103, 0.9999207258224487, 0.7628638744354248, 0.6076502799987793, 0.9837812185287476, 0.7772230505943298, 0.9999986886978149, 0.9999963045120239, 0.9984281063079834, 0.9999995231628418, 0.9572592377662659, 0.9999977350234985, 0.999991774559021
1, 2, 3, 4, 5, 6, 7, 8, 11, 12, 13, 14, 15, 16, 17, 18, 9, 10, 19, 20
0.9995915293693542, 0.9989508390426636, 0.988831102848053, 0.9996090531349182, 0.7245223522186279, 0.9998974800109863, 0.99996018409729, 0.9988138675689697, 0.9626682996749878, 0.5527462363243103, 0.9999829530715942, 0.9937269687652588, 0.9997113347053528, 0.39557188749313354, 0.9969174861907959, 0.7868406176567078, 0.9999735355377197, 0.5963846445083618, 0.9999988079071045, 0.9992892742156982, 0.9999994039535522, 0.9999098777770996, 0.9946850538253784, 0.9999680519104004, 0.8902519941329956, 0.999947190284729, 0.6113660335540771, 0.9999943971633911, 0.9999924898147583, 0.9861472249031067, 0.9999986886978149
1, 2, 3, 4, 5, 6, 7, 8, 9, 10, 11, 12, 13, 14, 15, 16, 17, 18, 19, 20
0.9249666929244995, 0.9961639642715454, 0.9998452663421631, 0.9989414811134338, 0.9999884366989136, 0.9997671246528625, 0.9999774694442749, 0.9553424715995789, 0.9991703033447266, 0.9999998807907104, 0.9994526505470276, 1.0, 0.9999982118606567, 1.0, 0.9999958276748657, 1.0, 0.999985933303833, 1.0, 0.9999990463256836, 1.0, 0.9999996423721313, 1.0, 0.9999985694885254, 0.9999998807907104, 0.9999990463256836, 0.9999990463256836, 0.9999356269836426, 0.9999988079071045, 0.9999997615814209, 0.9997071623802185, 0.9999994039535522
2, 1, 3, 6, 7, 4, 13, 12, 18, 19, 10, 14, 9, 17, 15, 16, 8, 5, 11, 20
0.939260721206665, 0.8896315097808838, 0.9476094245910645, 0.9682976007461548, 0.9999783039093018, 0.8554007411003113, 0.504006028175354, 0.56143718957901, 0.9840952754020691, 0.7465707659721375, 0.9920077323913574, 0.9140046834945679, 0.8566914796829224, 0.8004406094551086, 0.9071643948554993, 0.7689353823661804, 0.8150877952575684, 0.5782436728477478, 0.5653582215309143, 0.9256028532981873, 0.6120579242706299, 0.7399916052818298, 0.48649072647094727, 0.7789749503135681, 0.6892510056495667, 0.4690828025341034, 0.7730036973953247, 0.6370278596878052, 0.9999903440475464, 0.9046488404273987, 0.9999991655349731
1, 2, 5, 11, 13, 16, 17, 8, 4, 7, 9, 3, 6, 14, 18, 19, 12, 10, 15, 20
0.9954016208648682, 0.9998302459716797, 0.7124719023704529, 0.9255086779594421, 0.9949734210968018, 0.9988617897033691, 0.9729757905006409, 0.9931333661079407, 0.998512327671051, 0.5041399598121643, 0.9510664939880371, 0.3304459750652313, 0.4080699384212494, 0.8254894614219666, 0.5012601613998413, 0.4822962284088135, 0.6686925292015076, 0.9999655485153198, 0.6079023480415344, 0.9998854398727417, 0.9649518132209778, 0.9993197917938232, 0.9985104203224182, 0.7878561615943909, 0.8911600708961487, 0.9252141118049622, 0.6442162394523621, 0.8947862982749939, 0.9999984502792358, 0.9859339594841003, 1.0
2, 5, 4, 17, 1, 3, 8, 9, 16, 7, 12, 13, 10, 6, 11, 14, 15, 18, 19, 20
0.9993036985397339, 0.5967568755149841, 0.7860224843025208, 0.9286453723907471, 0.608851969242096, 0.7826026082038879, 0.9957616925239563, 0.7275815606117249, 0.9880947470664978, 0.8851155042648315, 0.6120772361755371, 0.7203814387321472, 0.9912703037261963, 0.9119535088539124, 0.9915492534637451, 0.9963153004646301, 0.6961615681648254, 0.4387694299221039, 0.854720413684845, 0.9933028221130371, 0.557759702205658, 0.9995549321174622, 0.3997446298599243, 0.9999932050704956, 0.9338730573654175, 0.9999653100967407, 0.9881277680397034, 0.9992438554763794, 0.9999979734420776, 0.8499683737754822, 0.9999996423721313
1, 2, 3, 4, 5, 6, 7, 8, 9, 10, 11, 12, 13, 14, 15, 16, 17, 18, 19, 20
0.9971401691436768, 0.9991152882575989, 0.9999785423278809, 0.8226112127304077, 0.9485350847244263, 0.9999544620513916, 0.9885928630828857, 0.9987297654151917, 0.9888386726379395, 1.0, 0.9979459643363953, 1.0, 0.9999784231185913, 0.9999997615814209, 0.9999500513076782, 1.0, 0.999559223651886, 1.0, 0.9999686479568481, 1.0, 0.9999998807907104, 1.0, 0.9999773502349854, 1.0, 0.9999998807907104, 1.0, 0.9999997615814209, 0.9935071468353271, 0.9999984502792358, 0.9999082088470459, 0.9999997615814209
1, 2, 3, 4, 5, 6, 7, 8, 9, 10, 11, 12, 13, 14, 15, 16, 17, 18, 19, 20
0.512875497341156, 0.9568943977355957, 0.9965276122093201, 0.994978129863739, 0.40891674160957336, 0.9907253384590149, 0.9999607801437378, 0.9978699684143066, 0.9999834299087524, 0.9999996423721313, 0.9997628331184387, 0.9999998807907104, 0.9634019732475281, 1.0, 0.9999879598617554, 1.0, 0.9999934434890747, 0.9999995231628418, 0.9988150596618652, 1.0, 0.9999996423721313, 1.0, 0.9999995231628418, 1.0, 0.9999951124191284, 1.0, 0.9999992847442627, 0.9999991655349731, 0.9999996423721313, 0.9993618130683899, 0.9999994039535522
1, 2, 3, 4, 5, 6, 7, 8, 9, 10, 11, 12, 13, 14, 15, 16, 17, 18, 19, 20
0.8666060566902161, 0.999886155128479, 0.9956002235412598, 0.9978055357933044, 0.9952849745750427, 0.6501762866973877, 0.9900269508361816, 0.9983707070350647, 0.7634794116020203, 1.0, 0.9999451637268066, 1.0, 0.9966717958450317, 1.0, 0.9999980926513672, 1.0, 0.9999666213989258, 1.0, 0.9985363483428955, 1.0, 0.9999997615814209, 1.0, 0.9999994039535522, 0.9999998807907104, 0.9984015822410583, 1.0, 0.9999994039535522, 0.9999994039535522, 0.9999992847442627, 0.9996390342712402, 0.999998927116394
2, 7, 9, 10, 18, 11, 16, 1, 3, 6, 12, 5, 8, 13, 14, 17, 19, 4, 15, 20
0.9551181793212891, 0.9611164331436157, 0.9614229202270508, 0.9999731779098511, 0.9993489384651184, 0.999538779258728, 0.7584879994392395, 0.9966157078742981, 0.43822965025901794, 0.9820284843444824, 0.8281317949295044, 0.9377794861793518, 0.977773129940033, 0.8712120652198792, 0.512748658657074, 0.9181200861930847, 0.5538556575775146, 0.5812491178512573, 0.9999442100524902, 0.9329237937927246, 0.9997475743293762, 0.9302000403404236, 0.999300479888916, 0.9699910879135132, 0.8662103414535522, 0.9875340461730957, 0.8219116926193237, 0.8104735016822815, 0.9999960660934448, 0.8438920974731445, 0.9999996423721313
1, 2, 3, 4, 5, 7, 11, 12, 15, 8, 6, 10, 14, 16, 18, 9, 13, 17, 19, 20
0.8632166385650635, 0.93883216381073, 0.9986485838890076, 0.9998051524162292, 0.9977631568908691, 0.798169732093811, 0.6476629376411438, 0.9938550591468811, 0.9952206015586853, 0.9245666265487671, 0.9804058074951172, 0.5762839913368225, 0.39911314845085144, 0.6139429807662964, 0.7606165409088135, 0.41961121559143066, 0.8824186325073242, 0.45343512296676636, 0.8416681885719299, 0.6498512625694275, 0.5915701985359192, 0.9981745481491089, 0.930625319480896, 0.9603561162948608, 0.7220919728279114, 0.9566246271133423, 0.6791529059410095, 0.9848093390464783, 0.9999980926513672, 0.9828169345855713, 1.0
1, 3, 6, 7, 8, 5, 9, 11, 12, 15, 17, 10, 13, 18, 2, 4, 14, 16, 19, 20
0.9319714307785034, 0.8364923596382141, 0.5948759913444519, 0.998072624206543, 0.9982574582099915, 0.752069354057312, 0.8401483297348022, 0.9837862849235535, 0.5082776546478271, 0.946135938167572, 0.8663499355316162, 0.5480140447616577, 0.6579552888870239, 0.7892782092094421, 0.6223331093788147, 0.7252576351165771, 0.5754571557044983, 0.9148041009902954, 0.8671172857284546, 0.809676468372345, 0.8017858266830444, 0.9978995323181152, 0.8519484400749207, 0.9998973608016968, 0.9723562598228455, 0.9998599290847778, 0.8947832584381104, 0.999997615814209, 0.9999994039535522, 0.9724115133285522, 1.0
1, 2, 3, 4, 5, 6, 7, 8, 9, 10, 11, 12, 13, 14, 15, 16, 17, 18, 19, 20
0.9957780838012695, 0.9991451501846313, 0.9905266761779785, 0.9986034035682678, 0.99998939037323, 0.9304298758506775, 0.9999924898147583, 0.9799688458442688, 0.9994637370109558, 0.9999995231628418, 0.902884304523468, 1.0, 0.9999932050704956, 1.0, 0.9999940395355225, 1.0, 0.9999980926513672, 1.0, 0.9999884366989136, 1.0, 0.9999996423721313, 1.0, 0.9999994039535522, 1.0, 0.9999992847442627, 1.0, 0.9999998807907104, 0.9999988079071045, 0.9999995231628418, 0.999909520149231, 0.9999992847442627
1, 2, 3, 4, 5, 6, 7, 8, 9, 10, 11, 12, 13, 14, 15, 16, 17, 18, 19, 20
0.7794312238693237, 0.89295893907547, 0.677928626537323, 0.9988740086555481, 0.5197203755378723, 0.9959743618965149, 0.9999006986618042, 0.9944034814834595, 0.9999912977218628, 0.9999998807907104, 0.9999291896820068, 1.0, 0.9999737739562988, 1.0, 0.9999852180480957, 0.9999998807907104, 0.9999957084655762, 0.9999986886978149, 0.9703381061553955, 0.9999995231628418, 0.999971866607666, 0.9999998807907104, 0.9997648596763611, 1.0, 0.9999998807907104, 0.9999996423721313, 0.9999990463256836, 0.9999984502792358, 0.9999991655349731, 0.9996812343597412, 0.9999994039535522
1, 2, 3, 4, 5, 6, 7, 8, 9, 10, 11, 12, 13, 14, 15, 16, 17, 18, 19, 20
0.8803732395172119, 0.9987145662307739, 0.9996147155761719, 0.9976418018341064, 0.9999369382858276, 0.9993973970413208, 0.9992177486419678, 0.9904623627662659, 0.9998100399971008, 0.9999998807907104, 0.9994989633560181, 1.0, 0.9995710253715515, 1.0, 0.9999175071716309, 1.0, 0.9999996423721313, 1.0, 0.9989808201789856, 0.9999998807907104, 0.9999911785125732, 1.0, 0.9999994039535522, 1.0, 0.9999996423721313, 0.9999998807907104, 0.9999986886978149, 0.9999991655349731, 0.9999996423721313, 0.9990859031677246, 0.9999995231628418
1, 2, 3, 4, 5, 6, 7, 9, 10, 11, 12, 13, 16, 17, 19, 8, 14, 15, 18, 19
0.9966651797294617, 0.9993707537651062, 0.9997943043708801, 0.998216450214386, 0.9887146353721619, 0.9645103812217712, 0.9995056390762329, 0.7822327613830566, 0.9999152421951294, 0.9926960468292236, 0.9999978542327881, 0.923412024974823, 0.9999864101409912, 0.6975658535957336, 0.9999960660934448, 0.9973018169403076, 0.9999972581863403, 0.4402778148651123, 0.9998965263366699, 0.8861135244369507, 0.9984588623046875, 0.7865180373191833, 0.6867580413818359, 0.999983549118042, 0.5825441479682922, 0.9999344348907471, 0.9648502469062805, 0.999929666519165, 0.9999967813491821, 0.6406323909759521, 0.8537576794624329
1, 2, 3, 5, 11, 4, 12, 18, 13, 14, 6, 7, 9, 10, 16, 17, 8, 15, 19, 20
0.9913461804389954, 0.866809070110321, 0.9999531507492065, 0.6583271622657776, 0.604037880897522, 0.9981470108032227, 0.5719912648200989, 0.9863055944442749, 0.9472687840461731, 0.8266657590866089, 0.6713364720344543, 0.723075270652771, 0.5100481510162354, 0.9004971981048584, 0.9654009342193604, 0.7259454131126404, 0.5069775581359863, 0.9403880834579468, 0.9996739625930786, 0.8127201199531555, 0.9999470710754395, 0.825660228729248, 0.9892705678939819, 0.9612767100334167, 0.7595721483230591, 0.9972827434539795, 0.7371499538421631, 0.9978838562965393, 0.9999983310699463, 0.9648462533950806, 1.0
1, 2, 3, 4, 5, 6, 7, 8, 9, 10, 11, 12, 13, 14, 15, 16, 17, 18, 19, 20
0.9977566599845886, 0.5795155763626099, 0.9929909706115723, 0.9914031624794006, 0.9999662637710571, 0.9998835325241089, 0.9964191913604736, 0.9945782423019409, 0.9997033476829529, 0.9999994039535522, 0.9997960925102234, 1.0, 0.999971866607666, 1.0, 0.9995577931404114, 1.0, 0.9999949932098389, 1.0, 0.9999831914901733, 1.0, 0.9999985694885254, 1.0, 0.9999971389770508, 0.9999996423721313, 0.9999582767486572, 1.0, 0.9999994039535522, 0.9999997615814209, 0.9999997615814209, 0.9998843669891357, 0.9999997615814209
