1, 2, 5, 12, 15, 4, 10, 9, 20, 19, 14, 16, 7, 13, 6, 11, 3, 17, 18, 8
0.8326327800750732, 0.999774158000946, 0.6861755847930908, 0.8133729696273804, 0.9424997568130493, 0.5432461500167847, 0.9712127447128296, 0.8437561988830566, 0.5251033902168274, 0.918586254119873, 0.8068422079086304, 0.6109012961387634, 1.0, 0.786496102809906, 0.5602601766586304, 0.6472518444061279, 0.4765961468219757, 0.6718126535415649, 0.8888257741928101, 0.4349086284637451, 0.5362266898155212, 0.81485915184021, 0.3712271749973297, 0.689215362071991, 0.8069865107536316, 0.6386571526527405, 0.8289338946342468, 0.6076549291610718, 0.5234178900718689, 0.9999985694885254, 1.0
6, 4, 13, 19, 3, 16, 12, 17, 10, 20, 11, 15, 5, 1, 18, 8, 2, 7, 9, 14
0.6946603059768677, 0.9780985116958618, 0.8544083833694458, 0.6703199148178101, 0.5742995738983154, 0.43961575627326965, 0.6982849836349487, 0.9466811418533325, 0.6507109999656677, 0.8511095643043518, 0.4732498526573181, 0.721216082572937, 0.4710201025009155, 0.7232703566551208, 0.3841176927089691, 0.7630091905593872, 0.8791064620018005, 0.4821327328681946, 0.502612829208374, 0.689735472202301, 0.7631592154502869, 0.3998332917690277, 0.5302543640136719, 0.37888842821121216, 0.8975588083267212, 0.5061994194984436, 0.3417518436908722, 0.5463463068008423, 0.9904905557632446, 0.9999991655349731, 0.9999985694885254
3, 10, 13, 7, 11, 2, 5, 1, 17, 15, 14, 8, 18, 12, 20, 9, 4, 16, 19, 6
0.6782550811767578, 0.5320359468460083, 0.5459668636322021, 0.8270414471626282, 0.9673805832862854, 0.8452936410903931, 0.7684810757637024, 0.5898358821868896, 0.5197517275810242, 0.5397355556488037, 0.8443006277084351, 0.5170495510101318, 0.6386552453041077, 0.3568997383117676, 0.47236356139183044, 0.2845117151737213, 0.8657627105712891, 0.6445872783660889, 0.5775260329246521, 0.7572930455207825, 0.5529320240020752, 0.9985882639884949, 0.8462570905685425, 0.9999996423721313, 0.5135235786437988, 0.7648455500602722, 0.8311275839805603, 0.8962008953094482, 0.6688766479492188, 0.9999972581863403, 1.0
2, 1, 3, 4, 5, 6, 7, 12, 15, 11, 13, 17, 18, 8, 16, 14, 9, 10, 19, 20
0.7043464779853821, 0.48627084493637085, 0.955633819103241, 0.5119773745536804, 0.9155014753341675, 0.9744839072227478, 0.9232903718948364, 0.6488135457038879, 0.958119809627533, 0.918907880783081, 0.7855678796768188, 0.913113534450531, 0.5148928165435791, 0.9977660179138184, 0.9597975015640259, 0.9345875382423401, 0.5511199235916138, 0.9618676900863647, 0.9878354668617249, 0.5985056161880493, 0.8535236716270447, 0.5152392983436584, 0.5227825045585632, 0.558633029460907, 0.6993653774261475, 0.9999902248382568, 0.9991139769554138, 0.8933078050613403, 0.9999991655349731, 0.9999997615814209, 0.9999998807907104
1, 6, 16, 8, 2, 11, 5, 7, 12, 10, 9, 18, 19, 13, 15, 14, 3, 17, 4, 20
0.8691071271896362, 0.541367769241333, 0.4863039553165436, 0.5187298655509949, 0.560717761516571, 0.526485025882721, 0.5286757946014404, 0.943304717540741, 0.31454750895500183, 0.5478132367134094, 0.482656866312027, 0.5883427262306213, 0.5930449366569519, 0.4714798033237457, 0.9640179872512817, 0.8347379565238953, 0.6660970449447632, 0.7333958148956299, 0.735257625579834, 0.5654119253158569, 0.49000000953674316, 0.6570914387702942, 0.392769455909729, 0.4509177505970001, 0.5736536383628845, 0.723596453666687, 0.7557126879692078, 0.9999431371688843, 0.5273025631904602, 1.0, 1.0
15, 16, 3, 1, 6, 12, 11, 8, 7, 9, 14, 17, 5, 20, 19, 18, 13, 4, 2, 10
0.8206890225410461, 0.47280582785606384, 0.692876935005188, 0.8214173316955566, 0.8944556713104248, 0.8365122079849243, 0.76180499792099, 0.48897889256477356, 0.800957977771759, 0.3553025424480438, 0.9270373582839966, 0.5847050547599792, 0.454781711101532, 0.5555538535118103, 0.5231441259384155, 0.3961072564125061, 0.6643138527870178, 0.7205005884170532, 0.5793399810791016, 0.8877694606781006, 0.9449387788772583, 0.894986093044281, 0.4769223928451538, 0.8793163895606995, 0.5936789512634277, 0.795839786529541, 0.6477853655815125, 0.41339111328125, 0.9996203184127808, 1.0, 0.9999990463256836
2, 12, 7, 16, 4, 3, 6, 19, 8, 17, 5, 18, 9, 15, 20, 11, 14, 1, 13, 10
0.9886668920516968, 0.6220487356185913, 0.6388696432113647, 0.6204765439033508, 0.7576379179954529, 0.7211304306983948, 0.3309005796909332, 0.4961989223957062, 0.5580451488494873, 0.6576231718063354, 0.5498760342597961, 0.649725079536438, 0.46785837411880493, 0.7023360133171082, 0.5126367807388306, 0.4032054841518402, 0.5784451961517334, 0.5541319251060486, 0.7548468112945557, 0.45994922518730164, 0.6583773493766785, 0.9999996423721313, 0.9999401569366455, 0.44809824228286743, 0.9999498128890991, 0.3669642508029938, 0.9999756813049316, 0.9999814033508301, 0.523406445980072, 0.9999996423721313, 0.9999983310699463
1, 2, 10, 6, 14, 12, 7, 11, 8, 15, 4, 5, 9, 3, 13, 17, 19, 20, 18, 16
0.9643875956535339, 0.8071961998939514, 0.9587534070014954, 0.9916858077049255, 0.7486768364906311, 0.9894659519195557, 0.48068004846572876, 0.8462652564048767, 0.941984236240387, 0.7953768372535706, 0.7888390421867371, 0.8108555674552917, 0.8218427896499634, 0.3791075348854065, 0.64992356300354, 0.386405885219574, 0.8028183579444885, 0.3932719826698303, 0.5578075051307678, 0.9994107484817505, 0.9816286563873291, 0.94966721534729, 0.5579106211662292, 0.8596132397651672, 0.5927892327308655, 0.5774904489517212, 1.0, 0.9999966621398926, 0.6442180275917053, 1.0, 0.9999998807907104
10, 4, 15, 14, 1, 2, 13, 20, 18, 9, 16, 5, 7, 11, 19, 12, 8, 3, 6, 17
0.5466662645339966, 0.6332957744598389, 0.7281050086021423, 0.7166336178779602, 0.41705432534217834, 0.7848445773124695, 0.7178173661231995, 0.7534660696983337, 0.6835920810699463, 0.5159651637077332, 0.8776950240135193, 0.4469994604587555, 0.9999997615814209, 0.8865993618965149, 0.7938500642776489, 0.3227900266647339, 0.5935530662536621, 0.41325774788856506, 0.49078676104545593, 0.6915284991264343, 0.8349236249923706, 0.3993983864784241, 0.4046972692012787, 0.46770989894866943, 0.34878671169281006, 0.7904960513114929, 0.3370063900947571, 0.48786935210227966, 0.8397189378738403, 1.0, 0.9999971389770508
1, 2, 3, 4, 5, 13, 18, 15, 16, 10, 6, 11, 7, 14, 17, 9, 19, 8, 12, 20
0.9943329095840454, 0.771602213382721, 0.9994829893112183, 0.9997512698173523, 0.9999891519546509, 0.9985254406929016, 0.9889933466911316, 0.9986602067947388, 0.9444748163223267, 0.9139183759689331, 0.5270612835884094, 0.9823259711265564, 0.9785671234130859, 0.6969462633132935, 0.7680320143699646, 0.6947990655899048, 0.7083606719970703, 0.9282154440879822, 0.5006541013717651, 0.7212650179862976, 0.9212192893028259, 0.6662536263465881, 0.6558789014816284, 0.5101900100708008, 0.718455970287323, 0.5195179581642151, 0.7274819612503052, 0.9086174368858337, 0.9999867677688599, 1.0, 0.9999994039535522
5, 1, 2, 3, 4, 15, 16, 13, 17, 18, 11, 9, 10, 6, 14, 7, 8, 19, 20, 12
0.8549491763114929, 0.8349116444587708, 0.9598003625869751, 0.9508283734321594, 0.9596448540687561, 0.7733659744262695, 0.9051369428634644, 0.998200535774231, 0.9995031356811523, 0.9056885838508606, 0.8625699877738953, 0.4759528338909149, 0.701504647731781, 0.46925780177116394, 0.4751376807689667, 0.6113513708114624, 0.9723843336105347, 0.4594046175479889, 0.45401135087013245, 0.7786380648612976, 0.5261853933334351, 0.6873895525932312, 0.9707472920417786, 0.7868294715881348, 0.9278561472892761, 0.9770176410675049, 0.9343903660774231, 0.7606474757194519, 0.9999997615814209, 1.0, 1.0
12, 13, 3, 4, 8, 1, 2, 5, 18, 15, 16, 19, 14, 7, 6, 9, 11, 17, 10, 20
0.962832510471344, 0.6100070476531982, 0.8487951159477234, 0.9926117062568665, 0.5926358103752136, 0.8534502983093262, 0.614849328994751, 0.6038063764572144, 0.8376937508583069, 0.8352146744728088, 0.6281017065048218, 0.816635012626648, 0.5629310607910156, 0.5664480328559875, 0.6687100529670715, 0.7031218409538269, 0.5232176184654236, 0.8464464545249939, 0.40553247928619385, 0.887322723865509, 0.47038504481315613, 0.8995980620384216, 0.7149474620819092, 0.979347288608551, 0.7493625283241272, 0.9525648355484009, 0.6548686027526855, 0.5926634073257446, 0.999996542930603, 1.0, 1.0
1, 7, 5, 2, 6, 3, 19, 20, 13, 17, 18, 14, 15, 10, 11, 12, 4, 8, 9, 16
0.9783242344856262, 0.9752443432807922, 0.955562174320221, 0.9847329258918762, 0.9117178320884705, 0.5446591973304749, 0.806922972202301, 0.698512613773346, 0.8103072047233582, 0.9999991655349731, 0.8488005995750427, 0.7568185925483704, 0.9154385328292847, 0.5545558929443359, 0.8873294591903687, 0.9670908451080322, 0.845072865486145, 0.6792428493499756, 0.9996021389961243, 0.9616510272026062, 0.9686475396156311, 0.9100488424301147, 0.5267246961593628, 0.44693413376808167, 0.5561866760253906, 0.9957107305526733, 0.6849777102470398, 0.6553574204444885, 0.9999468326568604, 0.9999998807907104, 0.9999998807907104
3, 4, 1, 2, 8, 9, 15, 11, 7, 13, 12, 6, 5, 14, 19, 10, 16, 18, 20, 17
0.5866234302520752, 0.563471257686615, 0.842841625213623, 0.9699957966804504, 0.43312811851501465, 0.9867348670959473, 0.649083137512207, 0.8124942183494568, 0.7290583252906799, 0.8855448365211487, 0.593285858631134, 0.9610239267349243, 0.48794272541999817, 0.9657761454582214, 0.7671650648117065, 0.4574694335460663, 0.8626790046691895, 0.997359573841095, 0.44923514127731323, 0.9989629983901978, 0.3956587016582489, 0.9859296679496765, 0.7955413460731506, 0.9911491870880127, 0.8594740033149719, 0.9854877591133118, 0.5888761878013611, 0.740167498588562, 0.9999997615814209, 0.9999996423721313, 0.9999997615814209
1, 9, 10, 13, 18, 2, 16, 6, 14, 20, 3, 8, 15, 19, 17, 11, 5, 7, 4, 12
0.7680245637893677, 0.28855153918266296, 0.8063564896583557, 0.8534260392189026, 0.6733322739601135, 0.8437488675117493, 0.38360247015953064, 0.6919079422950745, 0.36920008063316345, 0.4522436559200287, 0.7699610590934753, 0.5644945502281189, 0.4721449017524719, 0.4731990098953247, 0.4725087285041809, 0.9999988079071045, 0.3555438816547394, 0.6457655429840088, 0.9883654117584229, 0.46871572732925415, 0.982810378074646, 0.5619587898254395, 0.9031869769096375, 0.5432344675064087, 0.7704443335533142, 0.8840237855911255, 0.3953903615474701, 0.4926351010799408, 0.5156139731407166, 1.0, 0.9999991655349731
1, 7, 2, 12, 13, 15, 10, 14, 11, 17, 18, 3, 5, 19, 20, 4, 6, 8, 9, 16
0.9998705387115479, 0.5364294648170471, 0.6163386106491089, 0.8711017370223999, 0.5074265599250793, 0.9367636442184448, 0.9078157544136047, 0.5600081086158752, 0.5474324822425842, 0.4719887673854828, 0.42136263847351074, 0.5398116707801819, 0.39931848645210266, 0.5315312147140503, 0.3847287595272064, 0.3693479299545288, 0.37314435839653015, 0.5560126304626465, 0.8452105522155762, 0.4191631078720093, 0.7599751353263855, 0.332735151052475, 0.6038983464241028, 0.42484354972839355, 0.9999992847442627, 0.5028165578842163, 0.6110677719116211, 0.5305079221725464, 0.9987549781799316, 1.0, 0.9999996423721313
5, 7, 2, 11, 9, 13, 10, 3, 1, 4, 6, 18, 17, 20, 16, 15, 8, 19, 14, 12
0.9719967246055603, 0.7340936660766602, 0.9109444618225098, 0.7232886552810669, 0.8820220828056335, 0.748308539390564, 0.9851176738739014, 0.7460082173347473, 0.6805389523506165, 0.7406480312347412, 0.652817964553833, 0.5887630581855774, 0.674534261226654, 0.7960860133171082, 0.5114063024520874, 0.42254069447517395, 0.6151927709579468, 0.6804389357566833, 0.6629772186279297, 0.9999998807907104, 0.9334259033203125, 0.6655314564704895, 0.897689700126648, 0.43990543484687805, 0.5544556379318237, 0.9999985694885254, 0.6298703551292419, 0.999996542930603, 0.5544440150260925, 1.0, 0.9999992847442627
6, 13, 12, 4, 7, 8, 2, 1, 9, 15, 14, 5, 17, 19, 20, 11, 16, 3, 18, 10
0.9617956876754761, 0.9582858085632324, 0.970658004283905, 0.42960289120674133, 0.9956997632980347, 0.36414286494255066, 0.531616747379303, 0.8496572971343994, 0.8909989595413208, 0.74162757396698, 0.5041272044181824, 0.7409657835960388, 0.8332446217536926, 0.8113402128219604, 0.9122697710990906, 0.5783034563064575, 0.97652268409729, 0.949906051158905, 0.8047199249267578, 0.5704158544540405, 0.7306616902351379, 0.9999997615814209, 0.8652111291885376, 0.7415771484375, 0.7606379389762878, 0.5106385350227356, 0.6406195163726807, 0.999981164932251, 0.5888791084289551, 0.9999992847442627, 0.9999992847442627
1, 2, 3, 4, 5, 6, 7, 8, 10, 11, 12, 13, 14, 15, 17, 18, 19, 20, 9, 16
0.9980617165565491, 0.9838051199913025, 0.9996241331100464, 0.9871963262557983, 0.9989292025566101, 0.7973443269729614, 0.9986069798469543, 0.9999382495880127, 0.6757624745368958, 0.953148365020752, 0.9999903440475464, 0.9996312856674194, 0.9999901056289673, 0.9888606667518616, 0.9999955892562866, 0.9944798946380615, 0.999984622001648, 0.9725934863090515, 0.9999549388885498, 0.9751687049865723, 0.9961605072021484, 0.9914244413375854, 0.982542872428894, 0.9856776595115662, 0.9354875683784485, 0.9992091059684753, 0.8145508766174316, 0.9999991655349731, 0.9999665021896362, 0.9999990463256836, 0.9999998807907104
1, 2, 4, 5, 11, 12, 13, 17, 18, 3, 10, 14, 15, 6, 16, 20, 8, 9, 7, 19
0.9844290018081665, 0.9988653659820557, 0.5064729452133179, 0.9998292922973633, 0.9501191973686218, 0.6506325006484985, 0.9987983703613281, 0.937028169631958, 0.9999163150787354, 0.9985805749893188, 0.9898322820663452, 0.7499656081199646, 0.9154675006866455, 0.9404917359352112, 0.8475071787834167, 0.7546603083610535, 0.4975689947605133, 0.7872112989425659, 0.8374369740486145, 0.9515004754066467, 0.9912909269332886, 0.5817356109619141, 0.37213221192359924, 0.6297652125358582, 0.399304062128067, 0.9999996423721313, 0.5925010442733765, 0.9772841930389404, 0.957277238368988, 1.0, 1.0
1, 2, 3, 4, 7, 8, 11, 14, 15, 18, 19, 5, 6, 10, 12, 13, 16, 17, 9, 20
0.9930045008659363, 0.9998399019241333, 0.9997249245643616, 0.6859660744667053, 0.4924870729446411, 0.7258139848709106, 0.9768264889717102, 0.6633909940719604, 0.999656081199646, 0.362704336643219, 0.9998989105224609, 0.9994831085205078, 0.9896857142448425, 0.8150152564048767, 0.8290987610816956, 0.9788190126419067, 0.6718671321868896, 0.9482011198997498, 0.5232261419296265, 0.6860347390174866, 0.9995900988578796, 0.9727521538734436, 0.9998444318771362, 0.9615304470062256, 0.9990008473396301, 0.9999583959579468, 0.9907028675079346, 0.9999991655349731, 0.8856292963027954, 1.0, 1.0
17, 6, 7, 19, 1, 9, 3, 2, 4, 20, 13, 12, 11, 16, 10, 8, 14, 5, 18, 15
0.6532186269760132, 0.45123085379600525, 0.9223144054412842, 0.5500102639198303, 0.9900409579277039, 0.9979520440101624, 0.3121773898601532, 0.6660740971565247, 0.5243934392929077, 0.7623684406280518, 0.6661087274551392, 0.6530808210372925, 0.9999994039535522, 0.9727559685707092, 0.6785391569137573, 0.9592244625091553, 0.767763078212738, 0.8712605237960815, 0.40973299741744995, 0.6489162445068359, 0.5186029076576233, 0.5779763460159302, 0.43698519468307495, 0.5239257216453552, 0.5273091793060303, 0.4847719371318817, 0.5156106948852539, 0.9999918937683105, 0.5774606466293335, 0.9999995231628418, 0.999995231628418
2, 1, 12, 13, 11, 15, 10, 5, 7, 8, 4, 19, 9, 18, 14, 6, 16, 20, 3, 17
0.7978484630584717, 0.9984391331672668, 0.5329113602638245, 0.9625860452651978, 0.7713525891304016, 0.8483487367630005, 0.6028002500534058, 0.6936122179031372, 0.3423879146575928, 0.7323441505432129, 0.5742910504341125, 0.834115207195282, 0.49548402428627014, 0.3566852807998657, 0.5375838875770569, 0.453909307718277, 0.5397724509239197, 0.6788579821586609, 0.6768728494644165, 0.7599144577980042, 0.7909428477287292, 0.4947013854980469, 0.5218544006347656, 0.5882825255393982, 0.490451842546463, 0.5621633529663086, 0.5577656030654907, 0.9999988079071045, 0.7662894129753113, 1.0, 0.9999984502792358
11, 12, 10, 19, 17, 3, 13, 5, 1, 4, 6, 2, 18, 16, 14, 20, 9, 15, 8, 7
0.9874251484870911, 0.697116494178772, 0.9607956409454346, 0.4076731204986572, 0.9850642085075378, 0.5191481709480286, 0.9370977878570557, 0.4379555284976959, 0.858715832233429, 0.5799297094345093, 0.6401594281196594, 0.9042859673500061, 0.9040835499763489, 0.5858176946640015, 0.8446285724639893, 0.5028190612792969, 0.47286921739578247, 0.5735489130020142, 0.6183989644050598, 0.3720874786376953, 0.5777012705802917, 0.6651405096054077, 0.6718819737434387, 0.731054425239563, 0.2482345849275589, 0.9999994039535522, 0.3206629753112793, 0.3865148723125458, 0.9999865293502808, 0.523405134677887, 0.9999994039535522
3, 2, 10, 1, 11, 16, 17, 7, 19, 5, 6, 18, 15, 13, 20, 14, 12, 9, 4, 8
0.40925025939941406, 0.7335941195487976, 0.9060304760932922, 0.6252935528755188, 0.7894275784492493, 0.4712163209915161, 0.6861340403556824, 0.6023852229118347, 0.46800392866134644, 0.44411253929138184, 0.8033329248428345, 0.39718303084373474, 0.3425682485103607, 0.8021119832992554, 0.305770605802536, 0.5243998765945435, 0.6683036088943481, 0.40289998054504395, 0.593360424041748, 0.4808177351951599, 0.500683605670929, 0.795455813407898, 0.4131990373134613, 0.9999997615814209, 0.4378330111503601, 0.5038899779319763, 0.3780782222747803, 0.9999780654907227, 0.5720433592796326, 0.9324208498001099, 0.9999998807907104
1, 2, 3, 4, 5, 6, 7, 8, 9, 10, 12, 13, 14, 15, 17, 18, 20, 11, 16, 19
0.9615604281425476, 0.9729732871055603, 0.9975269436836243, 0.9936949610710144, 0.9767670035362244, 0.9979222416877747, 0.992476761341095, 0.9975540041923523, 0.9835943579673767, 0.9999990463256836, 0.9994361996650696, 0.9999995231628418, 0.6094936728477478, 0.9999995231628418, 0.9953540563583374, 0.9999994039535522, 0.9921401143074036, 0.9999964237213135, 0.9674713015556335, 0.9999613761901855, 0.6823076605796814, 0.9843345284461975, 0.9907512664794922, 0.908600926399231, 0.9999994039535522, 0.9999884366989136, 0.9691635966300964, 0.9999986886978149, 0.9780473113059998, 0.9999997615814209, 1.0
1, 2, 6, 14, 5, 11, 8, 12, 4, 16, 10, 17, 9, 15, 7, 18, 13, 20, 19, 3
0.9258321523666382, 0.9333294034004211, 0.9082595705986023, 0.7042698860168457, 0.9217440485954285, 0.7862409353256226, 0.7714621424674988, 0.9743013381958008, 0.6543996930122375, 0.6385637521743774, 0.8444910049438477, 0.37212422490119934, 0.4793925881385803, 0.7912489175796509, 0.5270134210586548, 0.444684237241745, 0.40259721875190735, 0.8448517322540283, 0.4835599660873413, 0.6586055159568787, 0.9557564854621887, 0.589827299118042, 0.7792999744415283, 0.42085355520248413, 0.799623966217041, 0.66887366771698, 0.604754626750946, 0.9999996423721313, 0.822188675403595, 0.9999994039535522, 0.9999997615814209
14, 12, 15, 19, 13, 16, 11, 7, 2, 17, 20, 9, 1, 6, 3, 5, 8, 10, 4, 18
0.9996498823165894, 0.993720531463623, 0.9993197917938232, 0.9439950585365295, 0.9993414282798767, 0.9707467555999756, 0.997246265411377, 0.7135555744171143, 0.9223249554634094, 0.4622929096221924, 0.7614445686340332, 0.4491465091705322, 0.5462202429771423, 0.7133429646492004, 0.3423570990562439, 0.580166220664978, 0.6069307327270508, 0.43145638704299927, 0.32623088359832764, 0.9999996423721313, 0.23361845314502716, 0.4445660412311554, 0.3526006042957306, 0.4041038751602173, 0.3546779751777649, 0.6862635612487793, 0.49996453523635864, 0.754886269569397, 0.5583193302154541, 1.0, 0.9999982118606567
2, 1, 3, 6, 7, 12, 13, 18, 19, 9, 10, 16, 17, 4, 14, 5, 11, 15, 8, 20
0.8170594573020935, 0.6020065546035767, 0.9931880235671997, 0.9303545951843262, 0.9999980926513672, 0.3897334039211273, 0.3903666138648987, 0.9384825825691223, 0.5138334035873413, 0.8893676996231079, 0.8340305089950562, 0.7174018025398254, 0.7273333072662354, 0.5746205449104309, 0.7151321768760681, 0.7133816480636597, 0.5813102722167969, 0.36727961897850037, 0.5647581219673157, 0.49450647830963135, 0.7524662613868713, 0.8049046397209167, 0.7959174513816833, 0.5801917910575867, 0.6081070899963379, 0.6334021091461182, 0.5860710740089417, 0.999994158744812, 0.8397144675254822, 0.9999889135360718, 1.0
1, 2, 16, 6, 19, 18, 17, 7, 8, 4, 9, 11, 13, 5, 14, 12, 3, 15, 20, 10
0.9907286167144775, 0.8850821852684021, 0.4207226037979126, 0.9729067087173462, 0.3378724455833435, 0.588548481464386, 0.8583573698997498, 0.5549728274345398, 0.6016709208488464, 0.3278949558734894, 0.679172158241272, 0.6475695967674255, 0.787620484828949, 0.6783130168914795, 0.6395498514175415, 0.8989880084991455, 0.5232500433921814, 0.9034507274627686, 0.9726595282554626, 0.4283771514892578, 0.7356058359146118, 0.635206937789917, 0.761573851108551, 0.7591214179992676, 0.9119848608970642, 0.9425031542778015, 0.9881153106689453, 0.5234155654907227, 0.9999998807907104, 0.9999997615814209, 0.9999996423721313
2, 4, 5, 17, 14, 18, 8, 16, 9, 1, 10, 6, 13, 12, 7, 11, 20, 19, 3, 15
0.7596613764762878, 0.9429476857185364, 0.5580111145973206, 0.9961891770362854, 0.9334974884986877, 0.8487640023231506, 0.4669039249420166, 0.8226759433746338, 0.3493898808956146, 0.3421599566936493, 0.590796947479248, 0.9112962484359741, 0.6652359962463379, 0.6994978785514832, 0.725549578666687, 0.9312949776649475, 0.6167694330215454, 0.6837501525878906, 0.33507320284843445, 0.7627534866333008, 0.9090625047683716, 0.6255736947059631, 0.4133462607860565, 0.6410793662071228, 0.43379104137420654, 0.9999996423721313, 0.7154201865196228, 0.8947721719741821, 0.867031991481781, 0.9999998807907104, 0.9999996423721313
19, 16, 8, 7, 3, 2, 1, 11, 13, 10, 18, 17, 20, 4, 12, 15, 9, 14, 5, 6
0.5319274067878723, 0.44859835505485535, 0.655806303024292, 0.9659655690193176, 0.4943922758102417, 0.38608798384666443, 0.5776082277297974, 0.5787190794944763, 0.9280077219009399, 0.47728192806243896, 0.640246570110321, 0.6363059878349304, 0.43746328353881836, 0.4243241846561432, 0.4273146688938141, 0.7030413150787354, 0.847238302230835, 0.6641146540641785, 0.6381427645683289, 0.5440403819084167, 0.9999995231628418, 0.49849340319633484, 0.8527737855911255, 0.5831760764122009, 0.7214037775993347, 0.6992456316947937, 0.5345171689987183, 0.494498074054718, 0.9999891519546509, 0.6039139032363892, 0.9999998807907104
18, 7, 10, 1, 6, 2, 3, 8, 9, 13, 11, 12, 16, 19, 14, 5, 15, 4, 20, 17
0.6628506779670715, 0.5192021131515503, 0.7811354398727417, 0.986885666847229, 0.5558182597160339, 0.9816932678222656, 0.6716170907020569, 0.8028483390808105, 0.8017222881317139, 0.4515625536441803, 0.999032735824585, 0.984571099281311, 0.8225494623184204, 0.9962524771690369, 0.6377798914909363, 0.99932861328125, 0.7903318405151367, 0.9974205493927002, 0.9402647018432617, 0.9845970273017883, 0.901316225528717, 0.8429268002510071, 0.9938462376594543, 0.9804273247718811, 0.46553710103034973, 0.9019145369529724, 0.9700484871864319, 0.785305917263031, 0.9999997615814209, 0.9999995231628418, 0.9999998807907104
1, 2, 3, 4, 5, 7, 8, 10, 12, 15, 16, 18, 9, 11, 13, 14, 17, 19, 6, 20
0.5380843877792358, 0.9855983853340149, 0.9952660799026489, 0.8260659575462341, 0.9990272521972656, 0.9854393005371094, 0.6796249747276306, 0.8723440766334534, 0.9047585129737854, 0.9982692003250122, 0.6437858939170837, 0.9996629953384399, 0.8863864541053772, 0.9995273351669312, 0.944506049156189, 0.9922102689743042, 0.9258056282997131, 0.7532486915588379, 0.9862083196640015, 0.5966283082962036, 0.966555118560791, 0.5093508958816528, 0.9479881525039673, 0.8814451694488525, 0.8577483296394348, 0.7577854990959167, 0.6261174082756042, 0.9999986886978149, 0.8871976137161255, 1.0, 1.0
16, 11, 2, 10, 7, 9, 12, 18, 17, 5, 13, 15, 6, 1, 3, 8, 19, 20, 4, 14
0.6512400507926941, 0.8652622699737549, 0.9440771341323853, 0.9848964214324951, 0.7183858752250671, 0.532217264175415, 0.6573864221572876, 0.6363991498947144, 0.5760015845298767, 0.9102608561515808, 0.6280822157859802, 0.49671322107315063, 0.33375200629234314, 0.7352806329727173, 0.5696917772293091, 0.45759931206703186, 0.6663045883178711, 0.9305806756019592, 0.40976154804229736, 0.662091851234436, 0.49884241819381714, 0.637997031211853, 0.6895221471786499, 0.42652639746665955, 0.584333062171936, 0.7519896030426025, 0.42480912804603577, 0.9999998807907104, 0.7025191187858582, 0.9999998807907104, 0.9999991655349731
15, 19, 14, 18, 13, 7, 2, 3, 11, 4, 5, 10, 6, 8, 16, 20, 17, 1, 9, 12
0.978008508682251, 0.7742493152618408, 0.7885902523994446, 0.5511322617530823, 0.5060932636260986, 0.3349406123161316, 0.8108103275299072, 0.5510041117668152, 0.7244600653648376, 0.5728187561035156, 0.5419139266014099, 0.3407750129699707, 0.39059147238731384, 0.42836350202560425, 0.5238873958587646, 0.31738802790641785, 0.5819605588912964, 0.5952056646347046, 0.5287756323814392, 0.43972235918045044, 0.6274963617324829, 0.5620343089103699, 0.538918137550354, 0.5850341320037842, 0.9999995231628418, 0.8558234572410583, 0.7885012626647949, 0.6076510548591614, 0.718584418296814, 1.0, 0.9999994039535522
8, 3, 1, 7, 6, 14, 12, 11, 9, 19, 13, 16, 2, 10, 15, 4, 17, 20, 5, 18
0.6143553256988525, 0.9416622519493103, 0.9644779562950134, 0.47746551036834717, 0.9523375034332275, 0.9764034152030945, 0.5321001410484314, 0.8984134793281555, 0.5753526091575623, 0.7371370792388916, 0.7750325798988342, 0.5881830453872681, 0.6772187948226929, 0.5572730302810669, 0.6022692918777466, 0.5145267248153687, 0.4667050540447235, 0.3469226062297821, 0.6365007162094116, 0.5392682552337646, 0.48125600814819336, 0.435843288898468, 0.5418404936790466, 0.34967437386512756, 0.4677335321903229, 0.7153717279434204, 0.6134704947471619, 0.9999995231628418, 0.7057511806488037, 0.999995231628418, 0.9999963045120239
1, 2, 3, 4, 5, 6, 7, 8, 9, 11, 12, 13, 14, 15, 16, 17, 18, 19, 20, 10
0.8641341924667358, 0.9976741671562195, 0.9987127780914307, 0.687749981880188, 0.9994078874588013, 0.4995726943016052, 0.999921441078186, 0.9735901951789856, 0.9992784857749939, 0.9999997615814209, 0.6988738179206848, 0.9999938011169434, 0.8273764848709106, 0.9999995231628418, 0.9743404984474182, 0.9999998807907104, 0.9951618313789368, 0.9999997615814209, 0.9999798536300659, 0.999998927116394, 0.9788472056388855, 0.9999996423721313, 0.996020495891571, 0.9999984502792358, 0.9997772574424744, 0.9989664554595947, 0.9790315628051758, 0.6654064655303955, 0.9999991655349731, 0.9999996423721313, 0.9999998807907104
6, 1, 2, 3, 4, 5, 7, 8, 9, 10, 11, 12, 13, 14, 15, 16, 17, 18, 19, 20
0.5048025846481323, 0.7418128848075867, 0.6050465703010559, 0.6514524221420288, 0.8919981122016907, 0.9805523753166199, 0.9676833748817444, 0.9573094844818115, 0.9908720850944519, 0.9999994039535522, 0.9997594952583313, 0.9999995231628418, 0.9998738765716553, 0.9999995231628418, 0.9999431371688843, 0.9999996423721313, 0.9999585151672363, 0.9999992847442627, 0.9133544564247131, 0.9999996423721313, 0.9999806880950928, 0.9999983310699463, 0.9553125500679016, 0.9999990463256836, 0.9999978542327881, 0.9999967813491821, 0.9999624490737915, 0.9999994039535522, 0.9999995231628418, 0.9999994039535522, 0.9999996423721313
11, 3, 7, 2, 1, 5, 4, 6, 13, 10, 14, 17, 12, 20, 9, 19, 18, 16, 15, 8
0.7797044515609741, 0.8885766863822937, 0.6928227543830872, 0.5245766043663025, 0.6667200326919556, 0.6382696032524109, 0.4698459506034851, 0.5927289128303528, 0.6946709752082825, 0.9576135873794556, 0.4879932701587677, 0.9364175200462341, 0.7343963980674744, 0.5778166651725769, 0.4948950707912445, 0.5328435301780701, 0.5657500624656677, 0.6254057884216309, 0.6623464822769165, 0.323404461145401, 0.9999997615814209, 0.5233935713768005, 0.8962463140487671, 0.31754252314567566, 0.7662882208824158, 0.43613502383232117, 0.7310540676116943, 0.6653851270675659, 0.8198923468589783, 0.999998927116394, 0.9999545812606812
4, 16, 1, 14, 3, 17, 15, 9, 10, 7, 12, 6, 19, 2, 13, 11, 8, 18, 20, 5
0.9012472033500671, 0.9585634469985962, 0.5433391332626343, 0.7787756323814392, 0.42787376046180725, 0.5837337970733643, 0.4209602177143097, 0.48367413878440857, 0.7422441244125366, 0.3171476125717163, 0.5981186628341675, 0.3322276473045349, 0.6171501874923706, 0.9590417742729187, 0.6519315242767334, 0.5399163365364075, 0.4656267762184143, 0.40559297800064087, 0.5303076505661011, 0.45742887258529663, 0.39633721113204956, 0.5116622447967529, 0.6223369836807251, 0.3941859304904938, 0.668847918510437, 0.5549516081809998, 0.5845367312431335, 0.9999836683273315, 0.8311194181442261, 0.9999997615814209, 0.9999998807907104
3, 1, 2, 5, 11, 4, 18, 14, 13, 20, 16, 17, 6, 12, 10, 7, 15, 9, 8, 19
0.682012677192688, 0.9963876008987427, 0.7074164152145386, 0.9128420948982239, 0.9878374338150024, 0.9977158308029175, 0.8715154528617859, 0.779952347278595, 0.5396226644515991, 0.8641149997711182, 0.677823007106781, 0.8978101015090942, 0.9852782487869263, 0.794599711894989, 1.0, 0.871930718421936, 0.7810961604118347, 0.7099184393882751, 0.7764758467674255, 0.5358501672744751, 0.9192945957183838, 0.6192116141319275, 0.6232078075408936, 0.5336920022964478, 0.44372546672821045, 0.7177022099494934, 0.9929814338684082, 0.7721415162086487, 0.9019184112548828, 0.9999997615814209, 0.9999998807907104
8, 10, 3, 5, 6, 1, 4, 16, 11, 14, 12, 15, 9, 13, 2, 17, 18, 19, 7, 20
0.6346685886383057, 0.3540433943271637, 0.8397743105888367, 0.508622944355011, 0.49325644969940186, 0.9561437964439392, 0.7381323575973511, 0.85126793384552, 0.5093327760696411, 0.8108634948730469, 0.8392294645309448, 0.5753365159034729, 0.9056635499000549, 0.8278522491455078, 0.4893009662628174, 0.43279609084129333, 0.43833065032958984, 0.6019694209098816, 0.3715994656085968, 0.5157499313354492, 0.6099079251289368, 0.40596717596054077, 0.4974841773509979, 0.4268452525138855, 0.6835119724273682, 0.8418138027191162, 0.376836359500885, 0.999995231628418, 0.6039246320724487, 1.0, 1.0
