1, 2, 3, 10, 13, 19, 20, 6, 9, 14, 16, 18, 4, 5, 8, 15, 17, 12, 7, 11
0.878095805644989, 0.9989858269691467, 0.9641366600990295, 0.7581230998039246, 0.9671760201454163, 0.44932839274406433, 0.7376963496208191, 0.7601826786994934, 0.7522205710411072, 0.6605397462844849, 0.9999960660934448, 0.43639621138572693, 0.9726848006248474, 0.919768214225769, 0.7951174378395081, 0.903519868850708, 0.9430631399154663, 0.5049911737442017, 0.4926334619522095, 0.36777228116989136, 0.9850500226020813, 0.8051053285598755, 0.9993360638618469, 0.5478265881538391, 0.988655686378479, 0.7258892059326172, 0.7310501337051392, 0.7401696443557739, 0.6892977952957153, 0.9999901056289673, 0.999988317489624
1, 3, 5, 16, 19, 11, 15, 8, 14, 18, 12, 17, 13, 2, 10, 20, 4, 6, 7, 9
0.5614054799079895, 0.48217353224754333, 0.7083269953727722, 0.7427595853805542, 0.7941445112228394, 0.7527172565460205, 0.7137515544891357, 0.6503051519393921, 0.36164575815200806, 0.8797545433044434, 0.9274774789810181, 0.4938715696334839, 0.9746230840682983, 0.8329759836196899, 0.8580232858657837, 0.4174606502056122, 0.5237808227539062, 0.5013595223426819, 0.9535723328590393, 0.8116183280944824, 0.7192054390907288, 0.8705416321754456, 0.4751129746437073, 0.948802649974823, 0.9999299049377441, 0.9953460097312927, 0.999998927116394, 0.5224820375442505, 0.9991746544837952, 0.6396928429603577, 0.9995538592338562
1, 2, 3, 4, 5, 7, 9, 15, 14, 20, 13, 17, 10, 11, 12, 8, 16, 18, 19, 6
0.9825868010520935, 0.9880956411361694, 0.6515390276908875, 0.50734543800354, 0.8458577394485474, 0.9966830611228943, 0.724303662776947, 0.9970748424530029, 0.5120091438293457, 0.9148910641670227, 0.9157702326774597, 0.7083926796913147, 0.9999984502792358, 0.7810590863227844, 0.46908679604530334, 0.8675233125686646, 0.5218964219093323, 0.5442512631416321, 0.6620705127716064, 0.6649011373519897, 0.6589711308479309, 0.8820832967758179, 0.9884343147277832, 0.8257871866226196, 0.91485595703125, 0.6950113773345947, 0.9926364421844482, 0.9890515208244324, 0.7089884877204895, 0.999970555305481, 0.999434769153595
1, 2, 3, 5, 7, 4, 6, 9, 10, 19, 14, 11, 16, 17, 18, 13, 15, 12, 8, 20
0.9750131964683533, 0.9710420370101929, 0.9893196821212769, 0.9000446796417236, 0.9309422373771667, 0.7489603757858276, 0.9917852878570557, 0.6396310329437256, 0.9998049139976501, 0.988218367099762, 0.9678686857223511, 0.9411360025405884, 0.8774106502532959, 0.9354248046875, 0.658372700214386, 0.29005637764930725, 0.9614929556846619, 0.9720244407653809, 0.8458943963050842, 0.8210693597793579, 0.7662338018417358, 0.5534129738807678, 0.8790841102600098, 0.8979180455207825, 0.7214909195899963, 0.903274655342102, 0.4358929395675659, 0.9999940395355225, 0.9519706964492798, 0.8962178230285645, 0.999997615814209
1, 3, 2, 5, 7, 6, 8, 16, 4, 11, 15, 17, 9, 10, 18, 12, 14, 19, 13, 20
0.9981060028076172, 0.4761084318161011, 0.6701776385307312, 0.3769195079803467, 0.5298761129379272, 0.7307707667350769, 0.9931566119194031, 0.5059868693351746, 0.7862058281898499, 0.3857521414756775, 0.9695355892181396, 0.9814984202384949, 0.9436022639274597, 0.9205975532531738, 0.7196966409683228, 0.42552265524864197, 0.4887416958808899, 0.999942421913147, 0.9951983094215393, 0.9993745684623718, 0.9951863884925842, 0.6991719603538513, 0.46464285254478455, 0.675736665725708, 0.9547715783119202, 0.6548845171928406, 0.8055838942527771, 0.8080583214759827, 0.9999938011169434, 0.9999716281890869, 0.9999979734420776
1, 3, 8, 6, 14, 7, 9, 11, 16, 12, 10, 17, 18, 13, 15, 20, 5, 2, 4, 19
0.8154295086860657, 0.9825480580329895, 0.5296949148178101, 0.532561719417572, 0.8684979677200317, 0.7878465056419373, 0.519844651222229, 0.9779585599899292, 0.9884235262870789, 0.5022717118263245, 0.991909921169281, 0.3800446689128876, 0.8771294951438904, 0.5369897484779358, 0.9906540513038635, 0.5299593210220337, 0.9741809368133545, 0.6989030241966248, 0.9998675584793091, 0.9984967708587646, 0.902536153793335, 0.8417457938194275, 0.5128505825996399, 0.9999607801437378, 0.6705754399299622, 0.9875598549842834, 0.9006443619728088, 0.8251503705978394, 0.9980674386024475, 0.9999828338623047, 0.9999654293060303
2, 1, 7, 8, 4, 10, 13, 19, 6, 3, 11, 14, 16, 9, 12, 17, 18, 5, 20, 15
0.4287105202674866, 0.8565433621406555, 0.6152091026306152, 0.9862426519393921, 0.3823156952857971, 0.6334073543548584, 0.8168689608573914, 0.8697007298469543, 0.766156017780304, 0.7677856683731079, 0.9944103360176086, 0.7622100114822388, 0.6333140134811401, 0.7316619157791138, 0.7494794130325317, 0.8575774431228638, 0.7477899193763733, 0.5552493929862976, 0.8952139019966125, 0.9067429304122925, 0.7001823782920837, 0.5812870264053345, 0.702900230884552, 0.676866888999939, 0.5758908987045288, 0.8757383823394775, 0.667148768901825, 0.7826482653617859, 0.9999961853027344, 0.9999915361404419, 0.9999914169311523
1, 2, 6, 10, 8, 15, 11, 4, 5, 9, 16, 12, 14, 7, 3, 13, 17, 19, 18, 20
0.841762363910675, 0.999962568283081, 0.6551302075386047, 0.9346650838851929, 0.9899175763130188, 0.5754694938659668, 0.9789326786994934, 0.6945275068283081, 0.8074021339416504, 0.9681916236877441, 0.5036081075668335, 0.979674756526947, 0.44420862197875977, 0.9652922749519348, 0.9049115777015686, 0.6644030213356018, 0.759663999080658, 0.5852760076522827, 0.997849702835083, 0.9380311369895935, 0.592496931552887, 0.9995185136795044, 0.6297468543052673, 0.9999308586120605, 0.9999915361404419, 0.9892962574958801, 0.9966731071472168, 0.8352460265159607, 0.999862551689148, 0.9999004602432251, 0.9999992847442627
4, 3, 10, 17, 18, 19, 5, 7, 11, 14, 15, 1, 2, 6, 9, 12, 16, 20, 13, 8
0.41683146357536316, 0.6037154197692871, 0.9370291233062744, 0.7866050004959106, 0.8688779473304749, 0.6752537488937378, 0.9518645405769348, 0.732703685760498, 0.8472363948822021, 0.30570417642593384, 0.635051429271698, 0.9851356148719788, 0.6590468287467957, 0.7021821141242981, 0.9982017278671265, 0.9763590097427368, 0.9942741990089417, 0.9974337220191956, 0.7157047390937805, 0.38144463300704956, 0.673105776309967, 0.9327027201652527, 0.999883770942688, 0.988743782043457, 0.9992328882217407, 0.9888136982917786, 0.6030691266059875, 0.9999985694885254, 0.8031652569770813, 0.9999953508377075, 0.9999313354492188
1, 2, 3, 4, 5, 13, 17, 18, 9, 15, 16, 12, 10, 20, 6, 11, 8, 19, 7, 14
0.8684328198432922, 0.9879155158996582, 0.648385763168335, 0.9913783073425293, 0.9998406171798706, 0.9935654997825623, 0.7702569961547852, 0.9781938791275024, 0.833146333694458, 0.9952777624130249, 0.9999765157699585, 0.992211103439331, 0.7022254467010498, 0.3616591989994049, 0.9668193459510803, 0.9646534323692322, 0.9206974506378174, 0.5595417022705078, 0.8086041808128357, 0.981296718120575, 0.5546882152557373, 0.9999899864196777, 0.7114843130111694, 0.5484040975570679, 0.6567162275314331, 0.87544184923172, 0.5116836428642273, 0.8773984313011169, 0.8128437995910645, 0.9999910593032837, 0.9999942779541016
15, 16, 1, 2, 3, 4, 5, 6, 7, 8, 9, 10, 12, 13, 14, 17, 18, 19, 11, 20
0.6082282066345215, 0.5714548230171204, 0.7639970779418945, 0.8758799433708191, 0.5325245261192322, 0.7513439059257507, 0.7374585270881653, 0.5973650217056274, 0.9775004982948303, 0.5679239630699158, 0.5991716980934143, 0.759490430355072, 0.6512971520423889, 0.9999493360519409, 0.9505475759506226, 0.9999223947525024, 0.6053377985954285, 0.999919056892395, 0.42648476362228394, 0.9996291399002075, 0.8731643557548523, 0.9986497759819031, 0.9948915243148804, 0.9160621166229248, 0.5903781056404114, 0.808050811290741, 0.7215280532836914, 0.8198849558830261, 0.9999001026153564, 0.9997187256813049, 0.9999936819076538
1, 2, 5, 6, 7, 3, 4, 8, 9, 10, 12, 13, 15, 16, 19, 18, 17, 14, 11, 20
0.9873378276824951, 0.994818389415741, 0.5548999309539795, 0.9650734066963196, 0.9314427375793457, 0.5231327414512634, 0.9551390409469604, 0.6058839559555054, 0.903265118598938, 0.9999594688415527, 0.9263982176780701, 0.9999638795852661, 0.7971455454826355, 0.9999712705612183, 0.9936636686325073, 0.9999648332595825, 0.9737043380737305, 0.9999849796295166, 0.9345638751983643, 0.9999884366989136, 0.49152830243110657, 0.9999415874481201, 0.538496732711792, 0.9999551773071289, 0.7418544888496399, 0.999971866607666, 0.7662580609321594, 0.9992356300354004, 0.9999399185180664, 0.9488915205001831, 0.9999884366989136
1, 7, 2, 5, 6, 11, 3, 4, 12, 8, 9, 17, 18, 14, 15, 10, 16, 13, 19, 20
0.9199171662330627, 0.618484616279602, 0.5958089828491211, 0.9840747117996216, 0.8788721561431885, 0.9992390871047974, 0.9999122619628906, 0.8549320101737976, 0.9132538437843323, 0.9939935803413391, 0.9986360669136047, 0.5682204365730286, 0.7337779998779297, 0.9999897480010986, 0.9528171420097351, 0.9999970197677612, 0.999679684638977, 0.9999034404754639, 0.4955662190914154, 0.9999892711639404, 0.9878018498420715, 0.9999932050704956, 0.5690425038337708, 0.9999932050704956, 0.9989308714866638, 0.999786913394928, 0.6958357095718384, 0.9648523926734924, 0.9999624490737915, 0.9999806880950928, 0.9999997615814209
1, 3, 4, 2, 8, 12, 14, 15, 5, 11, 6, 9, 7, 10, 13, 18, 17, 16, 19, 20
0.9690635800361633, 0.906512975692749, 0.5403783917427063, 0.9038806557655334, 0.9915424585342407, 0.8318716883659363, 0.4755193889141083, 0.6397581100463867, 0.5626950263977051, 0.522537112236023, 0.9246772527694702, 0.5764670372009277, 0.5376768708229065, 0.9962801337242126, 0.5331196188926697, 0.5574528574943542, 0.8128100633621216, 0.9998952150344849, 0.9766812920570374, 0.9998549222946167, 0.8769596815109253, 0.9972055554389954, 0.5006200075149536, 0.9988982677459717, 0.7738420963287354, 0.9965420365333557, 0.8573774695396423, 0.934371292591095, 0.9998364448547363, 0.9985002279281616, 0.9999991655349731
1, 2, 3, 4, 5, 6, 7, 8, 9, 10, 11, 12, 13, 14, 15, 16, 17, 18, 19, 20
0.6794748306274414, 0.9833709001541138, 0.4857088029384613, 0.6190723776817322, 0.6714861989021301, 0.9960489869117737, 0.7026491165161133, 0.9395818114280701, 0.996986448764801, 0.9998514652252197, 0.9950159192085266, 0.9997943043708801, 0.9561447501182556, 0.9999223947525024, 0.9920429587364197, 0.9999313354492188, 0.999885082244873, 0.9996607303619385, 0.9652273058891296, 0.9998558759689331, 0.9911705255508423, 0.999945878982544, 0.9995736479759216, 0.999964714050293, 0.9998618364334106, 0.9999656677246094, 0.9997109770774841, 0.9982886910438538, 0.9999969005584717, 0.9999462366104126, 0.9999995231628418
1, 2, 4, 7, 6, 12, 13, 11, 3, 5, 8, 17, 19, 18, 10, 14, 15, 9, 20, 16
0.999312162399292, 0.3160807192325592, 0.6300384998321533, 0.5695205926895142, 0.6014722585678101, 0.9947975873947144, 0.9569339156150818, 0.9879085421562195, 0.9970979690551758, 0.7663411498069763, 0.9494813680648804, 0.3558463156223297, 0.8808419108390808, 0.9717439413070679, 0.9642217755317688, 0.7810677886009216, 0.9950475692749023, 0.916357696056366, 0.9059237241744995, 0.5808078050613403, 0.9120246767997742, 0.5508198142051697, 0.9684408903121948, 0.9830082654953003, 0.8415323495864868, 0.7490724325180054, 0.54054194688797, 0.5698414444923401, 0.9999994039535522, 0.9999940395355225, 0.9999916553497314
3, 10, 2, 5, 7, 11, 13, 9, 1, 4, 12, 14, 15, 16, 17, 18, 19, 20, 6, 8
0.71491938829422, 0.9313885569572449, 0.9977355003356934, 0.836840808391571, 0.9503072500228882, 0.8907235264778137, 0.9922230839729309, 0.9823567867279053, 0.9819759130477905, 0.9991487264633179, 0.9773763418197632, 0.9353071451187134, 0.9997417330741882, 0.7631784081459045, 0.5265348553657532, 0.998668909072876, 0.9997268319129944, 0.878687858581543, 0.4977557063102722, 0.9668837785720825, 0.9901464581489563, 0.866767168045044, 0.9932461977005005, 0.8509273529052734, 0.6441868543624878, 0.7440661787986755, 0.999996542930603, 0.8718323707580566, 0.999998927116394, 0.8840201497077942, 0.9999674558639526
12, 13, 15, 1, 2, 4, 6, 8, 7, 3, 10, 18, 9, 5, 17, 16, 14, 19, 11, 20
0.37551581859588623, 0.5195620656013489, 0.6815617084503174, 0.4872705936431885, 0.5340085029602051, 0.7862945199012756, 0.32950639724731445, 0.7871540784835815, 0.47076454758644104, 0.9324085116386414, 0.6891583800315857, 0.7729402780532837, 0.45568037033081055, 0.703004002571106, 0.9826498031616211, 0.6473460793495178, 0.58217453956604, 0.4618625044822693, 0.5850294828414917, 0.9999696016311646, 0.9946510195732117, 0.9998483657836914, 0.8997893333435059, 0.9997662901878357, 0.5750393271446228, 0.9986683130264282, 0.6722727417945862, 0.6224324107170105, 0.9999754428863525, 0.999326229095459, 0.9999979734420776
1, 2, 3, 4, 5, 6, 7, 8, 10, 11, 12, 13, 14, 15, 17, 18, 9, 19, 20, 16
0.9882798194885254, 0.9757083058357239, 0.9599161148071289, 0.9266854524612427, 0.983235776424408, 0.9408117532730103, 0.8540900945663452, 0.9942104816436768, 0.9380617737770081, 0.8877595067024231, 0.999723494052887, 0.9972543120384216, 0.999647855758667, 0.7419987320899963, 0.9998544454574585, 0.9398427605628967, 0.9996989965438843, 0.9967895150184631, 0.9989669322967529, 0.9722103476524353, 0.9997655749320984, 0.6892027854919434, 0.9907596111297607, 0.9473017454147339, 0.5555645227432251, 0.9658896923065186, 0.5659430623054504, 0.8128560185432434, 0.999997615814209, 0.9999911785125732, 0.9999902248382568
2, 1, 3, 5, 4, 11, 12, 13, 17, 18, 19, 16, 10, 6, 15, 14, 20, 7, 8, 9
0.9342414140701294, 0.9958213567733765, 0.562690019607544, 0.41707757115364075, 0.5469614267349243, 0.7215481996536255, 0.9355403780937195, 0.9813511371612549, 0.5748758316040039, 0.9975318908691406, 0.9940555095672607, 0.9973837733268738, 0.9354746341705322, 0.9637153148651123, 0.8492949604988098, 0.9641993045806885, 0.8214205503463745, 0.7089405059814453, 0.7375494837760925, 0.5582535266876221, 0.7225301861763, 0.558085024356842, 0.9994496703147888, 0.9840286374092102, 0.9196175932884216, 0.9999450445175171, 0.9974498152732849, 0.9999958276748657, 0.4698008596897125, 0.9922915101051331, 0.9999969005584717
8, 20, 13, 16, 14, 17, 11, 18, 15, 19, 7, 1, 2, 4, 3, 6, 9, 5, 10, 12
0.8493751883506775, 0.6592068076133728, 0.996807336807251, 0.9075150489807129, 0.9375479221343994, 0.9052718877792358, 0.8758828639984131, 0.5719590187072754, 0.5742919445037842, 0.9596415758132935, 0.7951272130012512, 0.8923560976982117, 0.5140206217765808, 0.6464441418647766, 0.43215829133987427, 0.8421663641929626, 0.9258268475532532, 0.9219843149185181, 0.9853766560554504, 0.6063911318778992, 0.4347168207168579, 0.9961028099060059, 0.7216516733169556, 0.995868980884552, 0.4845598340034485, 0.9987168312072754, 0.5621491074562073, 0.9999822378158569, 0.8947749137878418, 0.9999953508377075, 0.9999988079071045
8, 10, 11, 19, 20, 18, 1, 2, 3, 4, 6, 7, 9, 17, 5, 14, 16, 15, 12, 13
0.5821971893310547, 0.8364861011505127, 0.3316047787666321, 0.9340271353721619, 0.8498384952545166, 0.7731842398643494, 0.6270657777786255, 0.692688524723053, 0.9785065054893494, 0.9013153910636902, 0.9324034452438354, 0.6498383283615112, 0.5636100769042969, 0.9768153429031372, 0.7642474174499512, 0.7633705735206604, 0.5465492010116577, 0.7395778894424438, 0.7310277819633484, 0.9043669104576111, 0.715389609336853, 0.9999746084213257, 0.9915871620178223, 0.9999885559082031, 0.9753772020339966, 0.9999926090240479, 0.9470786452293396, 0.999997615814209, 0.8840247392654419, 0.9999986886978149, 0.9999997615814209
1, 2, 3, 4, 6, 9, 14, 16, 18, 15, 10, 5, 17, 13, 20, 12, 11, 7, 8, 19
0.9936277866363525, 0.9974007606506348, 0.9941942095756531, 0.8823968768119812, 0.9333740472793579, 0.5997679829597473, 0.9905893802642822, 0.9346685409545898, 0.9842378497123718, 0.9091578722000122, 0.8864433765411377, 0.7512382864952087, 0.522599995136261, 0.5048520565032959, 0.48888424038887024, 0.6238366365432739, 0.8643097281455994, 0.9222812056541443, 0.5978479385375977, 0.9143474102020264, 0.7607889175415039, 0.6346641182899475, 0.9999992847442627, 0.7836520671844482, 0.9109019637107849, 0.7247847318649292, 0.8396864533424377, 0.5336806178092957, 0.9965108036994934, 0.999990701675415, 0.9999934434890747
1, 5, 4, 2, 6, 3, 13, 9, 17, 19, 20, 18, 10, 16, 12, 15, 11, 8, 7, 14
0.7698032259941101, 0.9040219783782959, 0.9598208665847778, 0.6538759469985962, 0.5620512962341309, 0.5932561159133911, 0.5728945732116699, 0.9714518189430237, 0.8387624025344849, 0.9982594847679138, 0.5211016535758972, 0.9953896999359131, 0.9989385008811951, 0.7675402760505676, 0.9999960660934448, 0.9492669105529785, 0.4458548426628113, 0.975538432598114, 0.5394368171691895, 0.9825552701950073, 0.47789981961250305, 0.9548755288124084, 0.4446928799152374, 0.9675861597061157, 0.8838380575180054, 0.8809582591056824, 0.6297211050987244, 0.5894454121589661, 0.6583985686302185, 0.999994158744812, 0.9999912977218628
1, 2, 3, 5, 7, 8, 13, 15, 18, 19, 20, 14, 6, 12, 10, 9, 16, 17, 4, 11
0.9687837958335876, 0.9506584405899048, 0.9928221106529236, 0.7720783352851868, 0.5018666982650757, 0.7972666621208191, 0.8206942677497864, 0.32813844084739685, 0.9957946538925171, 0.6415291428565979, 0.9819266200065613, 0.8261585235595703, 0.989575207233429, 0.9952072501182556, 0.5310768485069275, 0.9999972581863403, 0.6880728006362915, 0.866405725479126, 0.6696363687515259, 0.6727800369262695, 0.8535869717597961, 0.426639586687088, 0.5703306198120117, 0.37397435307502747, 0.5038825869560242, 0.7817116379737854, 0.9978442192077637, 0.9978796243667603, 0.9098995923995972, 0.9999967813491821, 0.999983549118042
1, 2, 3, 4, 5, 6, 7, 8, 9, 10, 12, 13, 14, 15, 16, 17, 18, 20, 11, 19
0.9396315813064575, 0.9766741991043091, 0.9939587116241455, 0.9709712266921997, 0.8106883764266968, 0.9194997549057007, 0.9935926795005798, 0.9919907450675964, 0.9790151119232178, 0.9999462366104126, 0.9998206496238708, 0.999976634979248, 0.38975250720977783, 0.9998181462287903, 0.6725512742996216, 0.9998713731765747, 0.9921900629997253, 0.9999421834945679, 0.9801029562950134, 0.9999257326126099, 0.6617888808250427, 0.9999170303344727, 0.9997199177742004, 0.978367269039154, 0.9973535537719727, 0.9751726984977722, 0.9999958276748657, 0.9999730587005615, 0.9999184608459473, 0.9998347759246826, 0.9979233145713806
1, 2, 3, 4, 6, 7, 11, 10, 12, 17, 9, 14, 8, 5, 16, 18, 13, 19, 20, 15
0.9195023775100708, 0.9911049008369446, 0.4361971318721771, 0.9036052823066711, 0.9762368202209473, 0.9674779176712036, 0.7887064814567566, 0.5942862033843994, 0.8115444779396057, 0.4435948431491852, 0.7695596218109131, 0.8584660291671753, 0.731770396232605, 0.7171148061752319, 0.5411808490753174, 0.5742217302322388, 0.9148644208908081, 0.5211915373802185, 0.9216889142990112, 0.9996939897537231, 0.9882992506027222, 0.9987301230430603, 0.7756534218788147, 0.9945194125175476, 0.5363232493400574, 0.9792977571487427, 0.99009108543396, 0.9991253018379211, 0.9999996423721313, 0.9999431371688843, 0.9999903440475464
14, 19, 12, 15, 7, 1, 13, 17, 11, 16, 20, 9, 3, 4, 5, 6, 8, 18, 2, 10
0.8199436068534851, 0.5682777762413025, 0.8261709213256836, 0.6257768869400024, 0.7843968868255615, 0.33504343032836914, 0.748788595199585, 0.538356363773346, 0.43172934651374817, 0.663954496383667, 0.36282047629356384, 0.36095598340034485, 0.50029057264328, 0.4776909351348877, 0.3302774131298065, 0.5080012679100037, 0.7258469462394714, 0.9582617282867432, 0.4024113714694977, 0.5543934106826782, 0.488589346408844, 0.27332043647766113, 0.2954952120780945, 0.4355194568634033, 0.6736270189285278, 0.8625281453132629, 0.849956214427948, 0.9098529815673828, 0.5389683246612549, 0.9999817609786987, 0.9999969005584717
3, 2, 1, 7, 6, 4, 9, 17, 5, 10, 12, 13, 18, 19, 11, 14, 15, 16, 20, 8
0.5360755920410156, 0.9810044169425964, 0.5736095309257507, 0.6913617253303528, 0.9995391368865967, 0.7802122235298157, 0.9124206900596619, 0.8381754159927368, 0.967107355594635, 0.7166934013366699, 0.985163152217865, 0.42026951909065247, 0.9970232844352722, 0.9257732033729553, 0.9986165761947632, 0.6227498054504395, 0.9849638342857361, 0.9377433061599731, 0.8922728896141052, 0.9927138686180115, 0.46535277366638184, 0.760696291923523, 0.9844862818717957, 0.9987697005271912, 0.5367506146430969, 0.6581915020942688, 0.9139987230300903, 0.9999880790710449, 0.8175274729728699, 0.9999959468841553, 0.9997813105583191
1, 2, 4, 7, 8, 9, 16, 14, 17, 18, 19, 6, 15, 20, 5, 11, 13, 12, 3, 10
0.9828132390975952, 0.9376471042633057, 0.49730220437049866, 0.8089476823806763, 0.8615565896034241, 0.6500735282897949, 0.9971261620521545, 0.9195852279663086, 0.9928773045539856, 0.614233136177063, 0.9746994972229004, 0.8431239128112793, 0.9815828204154968, 0.6534978151321411, 0.9940528273582458, 0.9991887211799622, 0.6840862035751343, 0.8858283758163452, 0.994810938835144, 0.5113433599472046, 0.9999972581863403, 0.6845106482505798, 0.9998492002487183, 0.8876197934150696, 0.9999395608901978, 0.9998733997344971, 0.5273087620735168, 0.999030590057373, 0.9987319111824036, 0.9999790191650391, 0.9999948740005493
2, 4, 5, 17, 14, 1, 3, 10, 12, 7, 13, 8, 18, 9, 16, 11, 20, 15, 19, 6
0.7428983449935913, 0.9153127670288086, 0.9913630485534668, 0.9975922107696533, 0.8792261481285095, 0.997735857963562, 0.9988343119621277, 0.8859325051307678, 0.9882526993751526, 0.38082772493362427, 0.9363924264907837, 0.36934614181518555, 0.8242928981781006, 0.5874807834625244, 0.9343131184577942, 0.9920107126235962, 0.29948702454566956, 0.7294908165931702, 0.7307595610618591, 0.745181679725647, 0.988121747970581, 0.9981086254119873, 0.6177034378051758, 0.9821199774742126, 0.7386412024497986, 0.9999983310699463, 0.6757132411003113, 0.8354378342628479, 0.6224311590194702, 0.9999884366989136, 0.9997764229774475
1, 2, 3, 4, 7, 8, 10, 11, 5, 6, 13, 16, 20, 17, 18, 9, 12, 14, 15, 19
0.9764276146888733, 0.9359631538391113, 0.9971253275871277, 0.790162205696106, 0.47688567638397217, 0.8399943709373474, 0.9132044315338135, 0.9802482724189758, 0.721277117729187, 0.9886834025382996, 0.8101053833961487, 0.9843164682388306, 0.9999037981033325, 0.9997828602790833, 0.5427752137184143, 0.7576572299003601, 0.9448218941688538, 0.9999988079071045, 0.8670048117637634, 0.7975145578384399, 0.9229885339736938, 0.6632683277130127, 0.6688374876976013, 0.9999723434448242, 0.6120544672012329, 0.9999738931655884, 0.9901918172836304, 0.9999786615371704, 0.9968696236610413, 0.9999961853027344, 0.9999963045120239
1, 2, 6, 3, 4, 8, 9, 15, 19, 17, 20, 10, 7, 12, 16, 13, 11, 18, 5, 14
0.6318052411079407, 0.9596723318099976, 0.6097540855407715, 0.6990334391593933, 0.7585368156433105, 0.9233971834182739, 0.9996981620788574, 0.9337977766990662, 0.9733221530914307, 0.48042842745780945, 0.4517405033111572, 0.6147114038467407, 0.9637829661369324, 0.6465803980827332, 0.9999982118606567, 0.7138820886611938, 0.5251083374023438, 0.9147064089775085, 0.9984322190284729, 0.6362994313240051, 0.9932695031166077, 0.9225534796714783, 0.9658700823783875, 0.5170926451683044, 0.9398924708366394, 0.9093920588493347, 0.8615216016769409, 0.6187679767608643, 0.9136618375778198, 0.9999963045120239, 0.9999982118606567
1, 2, 3, 4, 5, 7, 8, 12, 15, 16, 18, 19, 20, 10, 9, 13, 17, 6, 11, 14
0.9393196105957031, 0.9903705716133118, 0.9108337759971619, 0.998786985874176, 0.9877166152000427, 0.8931033611297607, 0.8732797503471375, 0.9621304869651794, 0.9127040505409241, 0.9830431342124939, 0.9795942306518555, 0.9820482730865479, 0.7000158429145813, 0.7826178073883057, 0.862489640712738, 0.5847497582435608, 0.5542616844177246, 0.97904372215271, 0.9999996423721313, 0.6585087180137634, 0.9663025736808777, 0.7082384824752808, 0.6477693319320679, 0.5053713321685791, 0.5194987654685974, 0.6748010516166687, 0.763469398021698, 0.9999810457229614, 0.8266628980636597, 0.9999842643737793, 0.9999978542327881
2, 7, 9, 10, 12, 11, 16, 18, 20, 1, 3, 6, 19, 4, 5, 8, 13, 15, 14, 17
0.7636988759040833, 0.8830313682556152, 0.5269072651863098, 0.9999033212661743, 0.9758611917495728, 0.9993147850036621, 0.9990912675857544, 0.9354280233383179, 0.5359917879104614, 0.9998131394386292, 0.9966909885406494, 0.9985564351081848, 0.9986420273780823, 0.9631457924842834, 0.9999991655349731, 0.7960030436515808, 0.8272120952606201, 0.7496787309646606, 0.5875725746154785, 0.9887237548828125, 0.4959539771080017, 0.6771912574768066, 0.9992901086807251, 0.9999790191650391, 0.9960851669311523, 0.99998939037323, 0.7675517797470093, 0.9999920129776001, 0.5350856781005859, 0.999985933303833, 0.999996542930603
1, 4, 7, 2, 3, 5, 11, 14, 15, 19, 18, 10, 13, 12, 9, 8, 16, 20, 6, 17
0.32479363679885864, 0.30556222796440125, 0.42421770095825195, 0.3061828315258026, 0.8698552250862122, 0.7490883469581604, 0.5815888047218323, 0.8111720085144043, 0.8217543363571167, 0.6881229281425476, 0.5473594665527344, 0.45089685916900635, 0.8971807956695557, 0.8061437606811523, 0.46946001052856445, 0.7590192556381226, 0.38355138897895813, 0.5172632932662964, 0.9122074842453003, 0.8366766571998596, 0.540206253528595, 0.9771091341972351, 0.6825607419013977, 0.6681241989135742, 0.8073166012763977, 0.9303790330886841, 0.5121737122535706, 0.9999979734420776, 0.9579020738601685, 0.9996384382247925, 0.9998138546943665
1, 3, 6, 7, 8, 5, 9, 15, 17, 11, 12, 4, 10, 13, 14, 16, 18, 20, 2, 19
0.6457450985908508, 0.724607527256012, 0.6071159839630127, 0.8750938177108765, 0.9861642718315125, 0.7282180786132812, 0.826871395111084, 0.9436377286911011, 0.9496946334838867, 0.8607843518257141, 0.4348610043525696, 0.8352708220481873, 0.4337548017501831, 0.5374693870544434, 0.5621947050094604, 0.49753209948539734, 0.9896206855773926, 0.9364024996757507, 0.9195973873138428, 0.87965989112854, 0.6825137138366699, 0.543537974357605, 0.6892853379249573, 0.6233147382736206, 0.5583166480064392, 0.9614846110343933, 0.9136679172515869, 0.6892519593238831, 0.566014289855957, 0.9999876022338867, 0.9999397993087769
1, 2, 3, 4, 5, 6, 7, 8, 11, 12, 13, 14, 15, 16, 17, 18, 20, 10, 9, 19
0.9225790500640869, 0.9941431879997253, 0.7169961333274841, 0.7716159224510193, 0.9738588929176331, 0.8425676822662354, 0.9981928467750549, 0.982273280620575, 0.5076500773429871, 0.7573570013046265, 0.9993957281112671, 0.9877076745033264, 0.9814421534538269, 0.6383285522460938, 0.9987747073173523, 0.82158362865448, 0.9998805522918701, 0.9698044657707214, 0.999671459197998, 0.9967622756958008, 0.9973267316818237, 0.9569417834281921, 0.9993768334388733, 0.9984340071678162, 0.5655772089958191, 0.9999995231628418, 0.7606344819068909, 0.7879207730293274, 0.5698418021202087, 0.9999936819076538, 0.9999743700027466
1, 2, 4, 6, 17, 12, 13, 15, 8, 19, 10, 11, 20, 9, 14, 16, 18, 3, 5, 7
0.912689745426178, 0.6214002966880798, 0.9509653449058533, 0.906556248664856, 0.6369761228561401, 0.6144375801086426, 0.8279028534889221, 0.2689603865146637, 0.7619727849960327, 0.6433367133140564, 0.6479405164718628, 0.9306313991546631, 0.6668727993965149, 0.988584041595459, 0.5078936815261841, 0.990406334400177, 0.857819139957428, 0.999010443687439, 0.9996693134307861, 0.862817645072937, 0.9999984502792358, 0.764045000076294, 0.9960552453994751, 0.9984731078147888, 0.4950205981731415, 0.8662282228469849, 0.9982728958129883, 0.9999926090240479, 0.40741539001464844, 0.8947193026542664, 0.8791398406028748
3, 1, 2, 4, 5, 6, 7, 8, 10, 13, 14, 17, 18, 19, 11, 15, 16, 9, 20, 12
0.5922902226448059, 0.904890775680542, 0.9149084687232971, 0.8913254737854004, 0.883769154548645, 0.9004058837890625, 0.9820812344551086, 0.9983689188957214, 0.5529610514640808, 0.7143116593360901, 0.9712275862693787, 0.8811615705490112, 0.8216137886047363, 0.7103310823440552, 0.5886397361755371, 0.5558539032936096, 0.7942469120025635, 0.3238207995891571, 0.789442777633667, 0.5812960863113403, 0.5199892520904541, 0.574508786201477, 0.5915164351463318, 0.7980100512504578, 0.9996556043624878, 0.9997186064720154, 0.6781972646713257, 0.5621691942214966, 0.9999958276748657, 0.9999905824661255, 0.999985933303833
1, 2, 4, 11, 16, 15, 13, 5, 3, 6, 14, 17, 19, 10, 9, 12, 7, 8, 18, 20
0.9721431732177734, 0.6230514645576477, 0.510747492313385, 0.501028835773468, 0.33270955085754395, 0.5648102164268494, 0.5693674683570862, 0.6344509720802307, 0.8747702836990356, 0.6362140774726868, 0.46831414103507996, 0.6217225193977356, 0.6725112795829773, 0.7772632241249084, 0.9852297902107239, 0.9919610619544983, 0.621141791343689, 0.8266757726669312, 0.8491271138191223, 0.985345721244812, 0.49790364503860474, 0.7567629814147949, 0.5854091048240662, 0.7278715372085571, 0.9999804496765137, 0.995647132396698, 0.7656267881393433, 0.988661527633667, 0.9999454021453857, 0.9996342658996582, 0.9999992847442627
11, 1, 3, 2, 4, 5, 18, 8, 12, 6, 14, 13, 20, 10, 16, 15, 7, 9, 17, 19
0.9361812472343445, 0.49988415837287903, 0.8769122958183289, 0.6353934407234192, 0.7854540348052979, 0.9802425503730774, 0.980951189994812, 0.7416881322860718, 0.9997666478157043, 0.9560856819152832, 0.7485005855560303, 0.9972867965698242, 0.9881792068481445, 0.9270216822624207, 0.9564801454544067, 0.9333605766296387, 0.7563686370849609, 0.9793828725814819, 0.9999997615814209, 0.9646120667457581, 0.7163604497909546, 0.8644496202468872, 0.48292070627212524, 0.8830903768539429, 0.39649495482444763, 0.9027708172798157, 0.8006846904754639, 0.9999958276748657, 0.9994568228721619, 0.9999946355819702, 0.9998906850814819
1, 2, 4, 5, 6, 3, 7, 8, 9, 11, 13, 14, 10, 16, 15, 19, 12, 18, 17, 20
0.7927624583244324, 0.6989836692810059, 0.8524951934814453, 0.5888628363609314, 0.874471127986908, 0.7273880839347839, 0.5634176135063171, 0.8660216927528381, 0.7024633884429932, 0.9999592304229736, 0.4900095760822296, 0.9999306201934814, 0.5337393283843994, 0.9999256134033203, 0.941307544708252, 0.9999755620956421, 0.4985228478908539, 0.9999480247497559, 0.7986974120140076, 0.9998445510864258, 0.5816587805747986, 0.9996432065963745, 0.7363587021827698, 0.9944063425064087, 0.9409056901931763, 0.9937646389007568, 0.883955180644989, 0.8458958864212036, 0.9999430179595947, 0.998805046081543, 0.9999994039535522
