9, 5, 6, 14, 16, 13, 1, 2, 3, 8, 10, 11, 12, 17, 19, 4, 7, 15, 18, 20
0.9222556948661804, 0.6020298600196838, 0.91102135181427, 0.7778725624084473, 0.5417309999465942, 0.6017442941665649, 0.5123160481452942, 0.4786124527454376, 0.47696226835250854, 0.39889785647392273, 0.863143801689148, 0.966966986656189, 0.7060617208480835, 0.9992398023605347, 0.992506206035614, 0.9378894567489624, 0.4315012991428375, 0.9914747476577759, 0.9866249561309814, 0.8981547355651855, 0.950416624546051, 0.946032702922821, 0.9892199635505676, 0.5375657677650452, 0.9977249503135681, 0.9986417889595032, 0.9969486594200134, 0.9702353477478027, 0.9999964237213135, 0.9999922513961792, 0.9999985694885254
17, 6, 4, 13, 16, 15, 10, 11, 18, 1, 19, 9, 12, 3, 20, 5, 8, 2, 7, 14
0.5013547539710999, 0.9235553741455078, 0.4633826017379761, 0.9068300724029541, 0.7441026568412781, 0.5819309949874878, 0.8743442296981812, 0.6551308035850525, 0.7020769715309143, 0.6767651438713074, 0.6429839134216309, 0.5250182151794434, 0.6076487898826599, 0.5401566624641418, 0.4655665457248688, 0.5032578110694885, 0.5837874412536621, 0.2665932774543762, 0.5611616373062134, 0.3069493770599365, 0.9825652837753296, 0.9989473223686218, 0.4279196858406067, 0.4325515627861023, 0.5583030581474304, 0.34245821833610535, 0.9135928750038147, 0.6995229125022888, 0.5311869978904724, 0.9999960660934448, 0.9999992847442627
1, 4, 5, 8, 11, 2, 20, 7, 13, 17, 18, 14, 3, 6, 19, 9, 10, 12, 15, 16
0.8211404085159302, 0.601261556148529, 0.6389247179031372, 0.9733840227127075, 0.9998615980148315, 0.9998776912689209, 0.7554393410682678, 0.6336154937744141, 0.9999953508377075, 0.8011987209320068, 0.995144248008728, 0.754621148109436, 0.9988417029380798, 0.5806110501289368, 0.9999226331710815, 0.9997722506523132, 0.9386714100837708, 0.999671459197998, 0.80902498960495, 0.9997342228889465, 0.9992330074310303, 0.9999582767486572, 0.6039074063301086, 0.9999979734420776, 0.988654613494873, 0.9999992847442627, 0.9999779462814331, 0.9999996423721313, 0.9921837449073792, 0.9999997615814209, 0.9999997615814209
5, 12, 13, 14, 1, 3, 17, 10, 19, 15, 16, 18, 2, 7, 8, 4, 6, 9, 11, 20
0.8974957466125488, 0.9922080636024475, 0.9854176044464111, 0.8392598032951355, 0.5470078587532043, 0.9946678876876831, 0.9965586066246033, 0.561190664768219, 0.3403956890106201, 0.8073759078979492, 0.5175232887268066, 0.9946548938751221, 0.9926599860191345, 0.593745231628418, 0.7245954871177673, 0.6291071772575378, 0.3579428791999817, 0.9971051812171936, 0.998902440071106, 0.6195803284645081, 0.8901230692863464, 0.31870877742767334, 0.2815224826335907, 0.3395932614803314, 0.5071739554405212, 0.9998013377189636, 0.8411597609519958, 0.9996113181114197, 0.9999921321868896, 0.999963641166687, 0.9999973773956299
1, 16, 3, 2, 18, 11, 9, 10, 15, 5, 8, 7, 6, 19, 4, 14, 17, 13, 12, 20
0.969751238822937, 0.5733948349952698, 0.9673307538032532, 0.8223361372947693, 0.6061711311340332, 0.905137300491333, 0.998099148273468, 0.2685354948043823, 0.8242061734199524, 0.44826173782348633, 0.9230973124504089, 0.8335584402084351, 0.99240642786026, 0.9993273019790649, 0.7916873693466187, 0.9983524084091187, 0.413228839635849, 0.9868291020393372, 0.9527789354324341, 0.9990265369415283, 0.8939002156257629, 0.9878435134887695, 0.905669093132019, 0.9481263160705566, 0.5003858804702759, 0.6723158955574036, 0.9766008853912354, 0.8519492745399475, 0.9999847412109375, 0.9999666213989258, 0.9999998807907104
16, 8, 18, 20, 19, 10, 12, 13, 1, 2, 11, 9, 4, 5, 14, 7, 15, 17, 3, 6
0.8331785798072815, 0.9529240727424622, 0.5374050736427307, 0.8271189332008362, 0.6038883924484253, 0.7860164642333984, 0.9973382353782654, 0.9068930149078369, 0.4936302900314331, 0.9171695709228516, 0.7166504859924316, 0.8370896577835083, 0.5120193362236023, 0.9005148410797119, 0.6608226299285889, 0.9399377703666687, 0.9952999353408813, 0.5920703411102295, 0.9961639642715454, 0.7206063270568848, 0.8303734064102173, 0.9998716115951538, 0.9992237091064453, 0.9998553991317749, 0.6173940896987915, 0.9297709465026855, 0.7904998660087585, 0.7123084664344788, 0.9999988079071045, 0.5389329791069031, 0.9999995231628418
10, 15, 12, 16, 11, 20, 5, 6, 2, 18, 19, 7, 4, 3, 8, 9, 17, 13, 14, 1
0.900460422039032, 0.6237066984176636, 0.6932397484779358, 0.8078804612159729, 0.74932461977005, 0.5069617033004761, 0.7400955557823181, 0.5276656150817871, 0.3829820454120636, 0.9773122072219849, 0.438856840133667, 0.7184074521064758, 0.6948509216308594, 0.5715343356132507, 0.9704610705375671, 0.5652570128440857, 0.8542774319648743, 0.5881665945053101, 0.9704607129096985, 0.39176201820373535, 0.9194020628929138, 0.6220244765281677, 0.8755391240119934, 0.8030667304992676, 0.9996219873428345, 0.5017473101615906, 0.9999650716781616, 0.5680739879608154, 0.9989473223686218, 0.9992534518241882, 0.9999996423721313
4, 14, 10, 9, 13, 12, 11, 8, 18, 15, 6, 17, 20, 3, 7, 5, 2, 19, 16, 1
0.9135310053825378, 0.9525041580200195, 0.5846725702285767, 0.8423811793327332, 0.8245424628257751, 0.9877827763557434, 0.7772842049598694, 0.5059890151023865, 0.9963665008544922, 0.9983533620834351, 0.38716134428977966, 0.8936083316802979, 0.9141032099723816, 0.2882847785949707, 0.691091001033783, 0.3662489950656891, 0.41683676838874817, 0.42292681336402893, 0.5662769675254822, 0.9365980625152588, 0.34940871596336365, 0.5505428910255432, 0.36255285143852234, 0.8502610921859741, 0.7891099452972412, 0.5077531337738037, 0.9999704360961914, 0.9930421113967896, 0.9999889135360718, 0.81043541431427, 0.9999992847442627
1, 2, 3, 4, 5, 6, 7, 9, 10, 11, 12, 13, 14, 15, 17, 8, 19, 20, 16, 18
0.4499187469482422, 0.8869778513908386, 0.9137794971466064, 0.9992191791534424, 0.9308722019195557, 0.8929121494293213, 0.999169111251831, 0.8924776315689087, 0.9916526675224304, 0.9987578392028809, 0.9796537756919861, 0.9565563797950745, 0.995383083820343, 0.984606921672821, 0.9943519830703735, 0.9982247948646545, 0.9905780553817749, 0.7240539789199829, 0.9833251237869263, 0.9978029131889343, 0.9817160964012146, 0.9922640323638916, 0.9593344926834106, 0.9473603963851929, 0.9957515001296997, 0.9999656677246094, 0.9999923706054688, 0.9999063014984131, 0.9992608428001404, 0.9999995231628418, 0.9999984502792358
3, 1, 2, 5, 6, 11, 13, 14, 19, 16, 17, 18, 7, 8, 9, 12, 10, 15, 4, 20
0.9090028405189514, 0.9612355828285217, 0.9275764226913452, 0.9798622727394104, 0.9995725750923157, 0.9860295653343201, 0.5525477528572083, 0.9943337440490723, 0.8526619672775269, 0.9680283069610596, 0.8992210030555725, 0.9893566966056824, 0.4536055028438568, 0.6453679203987122, 0.7429413795471191, 0.9974713325500488, 0.9986913800239563, 0.9632061719894409, 0.9996769428253174, 0.6018335223197937, 0.9991225600242615, 0.930155336856842, 0.9999324083328247, 0.9997835755348206, 0.5444574952125549, 0.7745749950408936, 0.9996993541717529, 0.9999990463256836, 0.97878098487854, 0.9999909400939941, 0.9999992847442627
10, 1, 16, 18, 3, 4, 5, 9, 6, 13, 19, 15, 2, 7, 8, 12, 11, 14, 17, 20
0.8855997323989868, 0.7941260933876038, 0.8259780406951904, 0.6893515586853027, 0.7604968547821045, 0.9857336282730103, 0.9990479350090027, 0.6695263981819153, 0.9866936802864075, 0.5378646850585938, 0.43435266613960266, 0.7310017347335815, 0.927362322807312, 0.47234126925468445, 0.8606935143470764, 0.5254788994789124, 0.5671502351760864, 0.934474766254425, 0.7924838662147522, 0.4238985478878021, 0.999879002571106, 0.9910458922386169, 0.9206286668777466, 0.9987286925315857, 0.9747713208198547, 0.9740395545959473, 0.8900044560432434, 0.8006908297538757, 0.9997265934944153, 0.9998385906219482, 0.9999990463256836
8, 15, 16, 18, 11, 13, 4, 5, 12, 14, 10, 3, 17, 9, 6, 7, 1, 2, 20, 19
0.6756013035774231, 0.9998403787612915, 0.6267820000648499, 0.9999146461486816, 0.8855625987052917, 0.9998332262039185, 0.9995854496955872, 0.9809103608131409, 0.9044086337089539, 0.9989363551139832, 0.9999673366546631, 0.5820096135139465, 0.9998086094856262, 0.8878345489501953, 0.9923668503761292, 0.6116147041320801, 0.8755536675453186, 0.49482598900794983, 0.9878275394439697, 0.8414642214775085, 0.7522957921028137, 0.9874163269996643, 0.6923812627792358, 0.49182963371276855, 0.9875808954238892, 0.5234129428863525, 0.999980092048645, 0.8670320510864258, 0.9999997615814209, 0.9999974966049194, 1.0
18, 12, 6, 7, 10, 9, 15, 17, 5, 2, 11, 3, 4, 14, 19, 16, 8, 13, 1, 20
0.5198788642883301, 0.825249969959259, 0.38746073842048645, 0.4010755717754364, 0.26364412903785706, 0.9329041838645935, 0.35533663630485535, 0.2862569987773895, 0.9057522416114807, 0.7756702303886414, 0.6260774731636047, 0.9818273186683655, 0.9941535592079163, 0.39125892519950867, 0.9767168760299683, 0.6234198808670044, 0.7190790772438049, 0.41297629475593567, 0.5622637867927551, 0.9926177859306335, 0.981698751449585, 0.9570648074150085, 0.8811183571815491, 0.7517262697219849, 0.48821133375167847, 0.4879160523414612, 0.9970435500144958, 0.987329363822937, 0.9609479904174805, 0.9999834299087524, 1.0
1, 2, 3, 4, 5, 6, 7, 8, 10, 11, 12, 13, 14, 15, 17, 18, 19, 20, 9, 16
0.9217672348022461, 0.8714460134506226, 0.9884636998176575, 0.9094944000244141, 0.9226053953170776, 0.9996411800384521, 0.9997106194496155, 0.9995123147964478, 0.9292956590652466, 0.9959766268730164, 0.9986693859100342, 0.9989694356918335, 0.9983018636703491, 0.9997621178627014, 0.9957077503204346, 0.9974020719528198, 0.9967300891876221, 0.9789307117462158, 0.9944808483123779, 0.9998077750205994, 0.9900850057601929, 0.9262632727622986, 0.8631808161735535, 0.9999045133590698, 0.4949948191642761, 0.9999866485595703, 0.9987363219261169, 0.9999501705169678, 0.9991456270217896, 0.999976396560669, 0.9999991655349731
11, 13, 14, 16, 17, 8, 15, 5, 6, 1, 2, 3, 4, 7, 9, 10, 12, 18, 19, 20
0.5075089335441589, 0.4160672128200531, 0.753068208694458, 0.5379689335823059, 0.8766630291938782, 0.9657222032546997, 0.5181021094322205, 0.49030300974845886, 0.993800699710846, 0.9981815814971924, 0.6098328828811646, 0.9481814503669739, 0.9881746768951416, 0.5550839900970459, 0.984696626663208, 0.6829184889793396, 0.9866980910301208, 0.9874027967453003, 0.997489333152771, 0.7427253127098083, 0.9819959402084351, 0.9999920129776001, 0.9993147850036621, 0.9999713897705078, 0.9956027269363403, 0.999995231628418, 0.9999680519104004, 0.9957345128059387, 0.9999996423721313, 0.9999979734420776, 0.9999991655349731
1, 16, 17, 8, 12, 15, 20, 5, 4, 7, 3, 11, 2, 10, 9, 18, 6, 19, 14, 13
0.9723765850067139, 0.6698933839797974, 0.8998138308525085, 0.9333387613296509, 0.9988849759101868, 0.7143544554710388, 0.9431483149528503, 0.9158068895339966, 0.4703790843486786, 0.502219021320343, 0.5939244627952576, 0.8518896102905273, 0.5312332510948181, 0.9516921043395996, 0.32084280252456665, 0.656199038028717, 0.3981078565120697, 0.9909652471542358, 0.6015254259109497, 0.6726487278938293, 0.9839766025543213, 0.9993529915809631, 0.5466605424880981, 0.9101696014404297, 0.7929620742797852, 0.9997108578681946, 0.6562894582748413, 0.9999980926513672, 0.9993926286697388, 0.9999994039535522, 0.9999990463256836
2, 4, 7, 10, 13, 14, 17, 18, 3, 6, 8, 9, 1, 5, 11, 12, 16, 15, 19, 20
0.4712691605091095, 0.604231595993042, 0.6596696972846985, 0.9232496023178101, 0.9738851189613342, 0.586830735206604, 0.6127179265022278, 0.9988928437232971, 0.999602735042572, 0.907929539680481, 0.9880620241165161, 0.989807665348053, 0.999510645866394, 0.3576107919216156, 0.6134607195854187, 0.9988313317298889, 0.8747593760490417, 0.8341521620750427, 0.8475731015205383, 0.9992920160293579, 0.6447837352752686, 0.9997056126594543, 0.9998231530189514, 0.9953437447547913, 0.532500684261322, 0.9304540157318115, 0.9683751463890076, 0.9504092931747437, 0.9999979734420776, 0.9999961853027344, 0.9999986886978149
1, 4, 7, 19, 20, 5, 6, 10, 12, 11, 14, 16, 2, 3, 8, 9, 17, 15, 18, 13
0.9683391451835632, 0.8386338949203491, 0.9850901365280151, 0.8054237961769104, 0.9881772398948669, 0.9570963978767395, 0.9869650602340698, 0.416861355304718, 0.995093822479248, 0.7519327998161316, 0.7621222734451294, 0.9997745156288147, 0.9977689981460571, 0.9129047989845276, 0.851982593536377, 0.9989598989486694, 0.9998284578323364, 0.8442538380622864, 0.9282774925231934, 0.5693711638450623, 0.9998898506164551, 0.9918531775474548, 0.9995905756950378, 0.9984215497970581, 0.9994290471076965, 0.9995250701904297, 0.9930724501609802, 0.9999871253967285, 0.9449850916862488, 0.9999979734420776, 0.9999979734420776
19, 17, 16, 5, 14, 2, 1, 4, 6, 8, 15, 10, 18, 11, 12, 13, 3, 7, 9, 20
0.77951580286026, 0.4761448800563812, 0.8355816602706909, 0.5368099808692932, 0.6287958025932312, 0.7577747106552124, 0.3701629936695099, 0.7859218120574951, 0.9671510457992554, 0.44593897461891174, 0.9326514005661011, 0.9207575917243958, 0.9429090023040771, 0.8110222220420837, 0.9891071915626526, 0.9962640404701233, 0.5146766901016235, 0.528892993927002, 0.9955130219459534, 0.8488122820854187, 0.9802377223968506, 0.5767353177070618, 0.967470645904541, 0.9601584672927856, 0.9117618799209595, 0.9999676942825317, 0.5195483565330505, 0.9627085328102112, 0.9760623574256897, 0.9999724626541138, 0.9999986886978149
18, 14, 9, 8, 11, 19, 20, 1, 2, 3, 4, 7, 10, 12, 13, 15, 16, 17, 5, 6
0.47719183564186096, 0.4391576647758484, 0.5077604651451111, 0.8650752902030945, 0.406166136264801, 0.7844951748847961, 0.6540653109550476, 0.6440242528915405, 0.6145262122154236, 0.801274299621582, 0.9945181012153625, 0.9997335076332092, 0.5233195424079895, 0.8988026976585388, 0.9120028018951416, 0.9991071820259094, 0.7196667790412903, 0.9897122383117676, 0.5190537571907043, 0.9992621541023254, 0.8215752840042114, 0.9999657869338989, 0.9996786117553711, 0.9911834001541138, 0.8709613084793091, 0.998399555683136, 0.9924107789993286, 0.999886155128479, 0.9999997615814209, 0.9966081380844116, 0.9999969005584717
10, 13, 6, 12, 1, 5, 2, 3, 16, 18, 4, 8, 9, 7, 14, 17, 15, 11, 20, 19
0.9552160501480103, 0.5160214304924011, 0.7554944753646851, 0.8326646089553833, 0.6150493025779724, 0.8869031667709351, 0.7690000534057617, 0.6888555288314819, 0.5646682977676392, 0.557935893535614, 0.9875137209892273, 0.7563008666038513, 0.7854630351066589, 0.9580031633377075, 0.9994686245918274, 0.5967743396759033, 0.6927545070648193, 0.997347354888916, 0.9003522396087646, 0.6858753561973572, 0.6456804275512695, 0.8518055081367493, 0.485361248254776, 0.9972996115684509, 0.9976987242698669, 0.5774879455566406, 0.9546419978141785, 0.6757610440254211, 0.9999995231628418, 0.9999994039535522, 1.0
1, 2, 7, 10, 12, 17, 4, 8, 9, 11, 13, 14, 18, 16, 19, 20, 5, 6, 15, 3
0.9601832032203674, 0.86629718542099, 0.8635144233703613, 0.9810001850128174, 0.5501427054405212, 0.9997304081916809, 0.9625925421714783, 0.8863235116004944, 0.9991976618766785, 0.8044867515563965, 0.6179683804512024, 0.9990512728691101, 0.8320280909538269, 0.42318904399871826, 0.9992793202400208, 0.9996143579483032, 0.9644428491592407, 0.9969727993011475, 0.9834895133972168, 0.7697176337242126, 0.6260718703269958, 0.8546792268753052, 0.8908904790878296, 0.9946908354759216, 0.9157978892326355, 0.9999905824661255, 0.9845470786094666, 0.9996422529220581, 0.9923902153968811, 0.9999983310699463, 0.9999932050704956
3, 4, 6, 10, 1, 2, 7, 8, 14, 16, 9, 13, 15, 19, 5, 20, 17, 18, 12, 11
0.5975867509841919, 0.9444493055343628, 0.9503967761993408, 0.5282248258590698, 0.8115208148956299, 0.7626094818115234, 0.3414042294025421, 0.8386410474777222, 0.8328696489334106, 0.5427955389022827, 0.8817360997200012, 0.7183590531349182, 0.9983428716659546, 0.9817184209823608, 0.9228374361991882, 0.4215027093887329, 0.8759104013442993, 0.8488689064979553, 0.9269891977310181, 0.9975071549415588, 0.6446468234062195, 0.5193746089935303, 0.9999963045120239, 0.9993096590042114, 0.6512959599494934, 0.9999903440475464, 0.9997898936271667, 0.9999454021453857, 0.7279728651046753, 0.9999992847442627, 0.9999983310699463
13, 14, 16, 4, 5, 19, 20, 3, 7, 1, 2, 6, 8, 15, 18, 9, 10, 11, 12, 17
0.6308773159980774, 0.47805461287498474, 0.768635630607605, 0.7600102424621582, 0.5385708808898926, 0.5658597946166992, 0.349232941865921, 0.9763746857643127, 0.6341715455055237, 0.5574808716773987, 0.996281087398529, 0.9998519420623779, 0.4807223081588745, 0.6134589910507202, 0.5925151705741882, 0.9889517426490784, 0.6704169511795044, 0.9994309544563293, 0.5194869637489319, 0.6153799295425415, 0.9979245662689209, 0.9987967014312744, 0.7401241660118103, 0.9999866485595703, 0.9989054203033447, 0.9999902248382568, 0.9604558348655701, 0.9999964237213135, 0.9999464750289917, 0.9999991655349731, 0.9999997615814209
1, 2, 3, 4, 6, 8, 15, 17, 14, 13, 12, 11, 7, 10, 9, 19, 18, 16, 20, 5
0.9987857937812805, 0.8576584458351135, 0.8778057098388672, 0.6404119729995728, 0.8314000368118286, 0.9929797053337097, 0.3720736503601074, 0.8953182101249695, 0.9729911088943481, 0.9989854693412781, 0.43933090567588806, 0.7644063234329224, 0.502400279045105, 0.738615095615387, 0.5535042881965637, 0.927051305770874, 0.7437238693237305, 0.9956603646278381, 0.6059448719024658, 0.6042084097862244, 0.42784827947616577, 0.9813047647476196, 0.9862258434295654, 0.9207248687744141, 0.9719944000244141, 0.5850428938865662, 0.9870601892471313, 0.9999220371246338, 0.5175232887268066, 0.9999958276748657, 0.9999804496765137
1, 5, 3, 16, 4, 6, 9, 13, 10, 19, 14, 11, 12, 8, 2, 15, 17, 18, 7, 20
0.9061110019683838, 0.784237802028656, 0.9187999963760376, 0.7673658728599548, 0.9999276399612427, 0.7411922812461853, 0.9078212380409241, 0.9454619288444519, 0.9974023699760437, 0.9978479146957397, 0.9467717409133911, 0.8867751359939575, 0.9380526542663574, 0.8539813756942749, 0.8898120522499084, 0.6400573253631592, 0.4937853515148163, 0.9866509437561035, 0.40717631578445435, 0.8606153726577759, 0.43656104803085327, 0.5718080401420593, 0.6913393139839172, 0.896485447883606, 0.560759961605072, 0.7401604652404785, 0.9923787117004395, 0.9999955892562866, 0.9814471006393433, 0.9999644756317139, 0.9999997615814209
8, 12, 17, 3, 13, 14, 15, 11, 4, 6, 5, 1, 16, 19, 20, 7, 9, 2, 18, 10
0.5959485173225403, 0.9119327664375305, 0.3521968126296997, 0.8843701481819153, 0.9534916877746582, 0.7050667405128479, 0.9955992698669434, 0.7821158170700073, 0.9970468878746033, 0.8734441995620728, 0.9821824431419373, 0.7048301100730896, 0.7864623665809631, 0.9740185141563416, 0.6191354393959045, 0.9923911690711975, 0.8302610516548157, 0.9929614663124084, 0.9336950778961182, 0.7357744574546814, 0.994425892829895, 0.9996618032455444, 0.9153969287872314, 0.972826361656189, 0.45033490657806396, 0.6548171043395996, 0.8267078399658203, 0.9999932050704956, 0.9997134804725647, 0.9999996423721313, 0.9999996423721313
1, 2, 3, 4, 11, 18, 19, 12, 5, 13, 20, 14, 16, 9, 10, 15, 7, 8, 17, 6
0.9768494963645935, 0.9623626470565796, 0.9427907466888428, 0.9998587369918823, 0.9154266119003296, 0.5581396818161011, 0.9959372282028198, 0.9442131519317627, 0.9552731513977051, 0.9613690376281738, 0.6785843372344971, 0.8823742270469666, 0.7450408339500427, 0.6988564729690552, 0.9992823004722595, 0.8676490187644958, 0.999997615814209, 0.5110927224159241, 0.6667810082435608, 0.999487042427063, 0.9999706745147705, 0.42845407128334045, 0.9996943473815918, 0.9997918009757996, 0.9809350371360779, 0.995151162147522, 0.8960636258125305, 0.9999744892120361, 0.9986735582351685, 0.9999988079071045, 0.999998927116394
14, 11, 6, 4, 12, 8, 18, 3, 15, 10, 16, 9, 7, 19, 5, 13, 17, 1, 2, 20
0.6949782967567444, 0.5375338792800903, 0.8444299101829529, 0.992817759513855, 0.6376906037330627, 0.9917175769805908, 0.5197798609733582, 0.42148521542549133, 0.8393730521202087, 0.9433196783065796, 0.5841835141181946, 0.6117944717407227, 0.91933274269104, 0.7719934582710266, 0.9630035161972046, 0.9878917932510376, 0.4221057593822479, 0.8375367522239685, 0.43243837356567383, 0.43872594833374023, 0.5128089785575867, 0.8354523777961731, 0.5069261193275452, 0.9032683372497559, 0.7695876955986023, 0.7577866911888123, 0.9196048378944397, 0.8198888301849365, 0.9999693632125854, 0.9999856948852539, 0.9999979734420776
10, 2, 5, 11, 20, 15, 13, 14, 18, 16, 12, 4, 8, 6, 19, 3, 7, 17, 1, 9
0.6159492135047913, 0.9927230477333069, 0.9153201580047607, 0.4945182502269745, 0.590511679649353, 0.8382858037948608, 0.6423254609107971, 0.9999960660934448, 0.7436619400978088, 0.8485503196716309, 0.609247088432312, 0.8602069020271301, 0.33418184518814087, 0.4697518050670624, 0.6311388611793518, 0.45662179589271545, 0.3954593539237976, 0.5116872787475586, 0.2300037145614624, 0.7028689980506897, 0.4948745667934418, 0.33359798789024353, 0.8827519416809082, 0.3774348795413971, 0.6465131044387817, 0.3584483861923218, 0.5330988168716431, 0.6405982971191406, 0.9241023063659668, 0.6406170725822449, 0.9999961853027344
7, 2, 6, 11, 18, 8, 9, 3, 5, 14, 12, 13, 10, 16, 17, 19, 4, 1, 15, 20
0.9158706665039062, 0.7444648146629333, 0.8038249015808105, 0.438994437456131, 0.5034937262535095, 0.6849541664123535, 0.9628053307533264, 0.35634395480155945, 0.9886711835861206, 0.48633524775505066, 0.49816131591796875, 0.8593351244926453, 0.7406330704689026, 0.7051255106925964, 0.7534345984458923, 0.9359725117683411, 0.9829871654510498, 0.5184587836265564, 0.4674627482891083, 0.7434203624725342, 0.5363522171974182, 0.7730131149291992, 0.8565248847007751, 0.6631151437759399, 0.8389401435852051, 0.6784171462059021, 0.9873676300048828, 0.953961193561554, 0.999971866607666, 0.9999958276748657, 0.9999992847442627
1, 9, 5, 6, 10, 11, 16, 17, 15, 8, 4, 2, 3, 7, 20, 14, 19, 18, 12, 13
0.9184660911560059, 0.5499062538146973, 0.700156569480896, 0.9966576099395752, 0.7625685334205627, 0.665369987487793, 0.9996935129165649, 0.9996752738952637, 0.8374291062355042, 0.4071034789085388, 0.9966321587562561, 0.9986165761947632, 0.5357838273048401, 0.6077985763549805, 0.3673793375492096, 0.8237276673316956, 0.6141513586044312, 0.9997252821922302, 0.8356467485427856, 0.9668726325035095, 0.9999985694885254, 0.9997747540473938, 0.9750126600265503, 0.9999918937683105, 0.9999866485595703, 0.9999533891677856, 0.8958092927932739, 0.9999732971191406, 0.8740702867507935, 0.9999991655349731, 0.9999996423721313
16, 15, 8, 6, 17, 18, 1, 2, 3, 4, 13, 14, 20, 11, 12, 5, 7, 9, 10, 19
0.8333622217178345, 0.6540325284004211, 0.5365718603134155, 0.6862438321113586, 0.5639851689338684, 0.4634705185890198, 0.7622168660163879, 0.38176605105400085, 0.9341534972190857, 0.9590249061584473, 0.7494366765022278, 0.9872380495071411, 0.37999677658081055, 0.7359510660171509, 0.7045118808746338, 0.7715094089508057, 0.9920627474784851, 0.9997265934944153, 0.7027430534362793, 0.999998927116394, 0.48479676246643066, 0.9220566749572754, 0.9876337051391602, 0.9980182647705078, 0.4605907201766968, 0.9994663596153259, 0.8651880621910095, 0.999995231628418, 0.9992164373397827, 0.9999990463256836, 0.999997615814209
7, 1, 3, 2, 5, 6, 8, 13, 14, 16, 19, 4, 9, 12, 17, 20, 11, 15, 10, 18
0.42556020617485046, 0.6059138178825378, 0.5925469398498535, 0.684834361076355, 0.45794838666915894, 0.9529449939727783, 0.7576939463615417, 0.9934955835342407, 0.5379623174667358, 0.9932819604873657, 0.9993897676467896, 0.6703867316246033, 0.8252526521682739, 0.877474844455719, 0.9718469977378845, 0.6902777552604675, 0.9980524778366089, 0.9552915692329407, 0.7357105612754822, 0.651296079158783, 0.574072539806366, 0.7690644264221191, 0.9999955892562866, 0.9997872710227966, 0.5824196934700012, 0.9998393058776855, 0.9921165108680725, 0.999983549118042, 0.8887532949447632, 0.9999996423721313, 0.9999998807907104
1, 2, 4, 5, 6, 8, 9, 13, 15, 16, 19, 3, 11, 14, 18, 20, 7, 12, 17, 10
0.9404464364051819, 0.759702205657959, 0.8913670182228088, 0.9784678220748901, 0.9803277850151062, 0.3892246186733246, 0.7698289752006531, 0.9468914866447449, 0.9937995076179504, 0.8761588931083679, 0.9256121516227722, 0.8448325991630554, 0.9896266460418701, 0.5865020155906677, 0.9314966797828674, 0.6128700971603394, 0.5128985047340393, 0.6228621006011963, 0.9697127938270569, 0.500677227973938, 0.969465970993042, 0.9868539571762085, 0.581873893737793, 0.9999934434890747, 0.9851722717285156, 0.9993734955787659, 0.6993745565414429, 0.9999229907989502, 0.901911735534668, 0.9999963045120239, 0.9999992847442627
15, 17, 14, 7, 18, 13, 5, 19, 3, 10, 1, 8, 9, 4, 2, 6, 11, 12, 20, 16
0.6194201111793518, 0.4103894829750061, 0.8649793863296509, 0.9365054368972778, 0.5108317732810974, 0.3318609893321991, 0.6838456988334656, 0.7651125192642212, 0.49753639101982117, 0.9689351320266724, 0.9858044981956482, 0.6955270767211914, 0.9010071158409119, 0.8663792610168457, 0.5314424633979797, 0.7268447279930115, 0.8285831212997437, 0.45847615599632263, 0.5633265376091003, 0.7512528300285339, 0.986617386341095, 0.5927287340164185, 0.8683239817619324, 0.9946367144584656, 0.5441462397575378, 0.8917884230613708, 0.982267439365387, 0.9353388547897339, 0.9999985694885254, 0.9999954700469971, 0.9999994039535522
1, 5, 6, 13, 14, 10, 12, 15, 16, 18, 19, 20, 11, 2, 3, 4, 7, 8, 9, 17
0.8731880187988281, 0.5477917790412903, 0.795944333076477, 0.9964147806167603, 0.7524219155311584, 0.9996880292892456, 0.9546944499015808, 0.9962289929389954, 0.6056692600250244, 0.9975258708000183, 0.8513023257255554, 0.9866064786911011, 0.8474140763282776, 0.9247145056724548, 0.5572608709335327, 0.9563576579093933, 0.9524164795875549, 0.9996404647827148, 0.9999094009399414, 0.5404675602912903, 0.6260979771614075, 0.4146045744419098, 0.9984220266342163, 0.6151547431945801, 0.5600152611732483, 0.9991725087165833, 0.9917696714401245, 0.9722884297370911, 0.9999951124191284, 0.9986163377761841, 0.9999959468841553
3, 7, 14, 6, 13, 1, 2, 4, 19, 15, 5, 11, 8, 9, 16, 18, 17, 10, 12, 20
0.5714099407196045, 0.8001282811164856, 0.4829748272895813, 0.7202433347702026, 0.8565476536750793, 0.9770307540893555, 0.7376312613487244, 0.9471381902694702, 0.9964578747749329, 0.9674736261367798, 0.8212628364562988, 0.8572258949279785, 0.5642397403717041, 0.8559818267822266, 0.7243129014968872, 0.9300013780593872, 0.9787141680717468, 0.5093368291854858, 0.7494832873344421, 0.977471649646759, 0.8619413375854492, 0.9314315915107727, 0.6148116588592529, 0.9148797988891602, 0.9746541976928711, 0.6334049105644226, 0.8006897568702698, 0.9930958151817322, 0.9999971389770508, 0.9999908208847046, 0.9999997615814209
11, 2, 9, 12, 3, 4, 1, 5, 15, 17, 19, 20, 7, 10, 14, 16, 8, 6, 13, 18
0.6619439721107483, 0.5213914513587952, 0.32923752069473267, 0.5912174582481384, 0.9651005864143372, 0.996039867401123, 0.602048933506012, 0.9918910264968872, 0.8324489593505859, 0.5066699385643005, 0.4107778072357178, 0.4373284578323364, 0.6500652432441711, 0.4617842435836792, 0.6605846285820007, 0.911823034286499, 0.999504804611206, 0.9999963045120239, 0.623436689376831, 0.6423732042312622, 0.9344344735145569, 0.4421391487121582, 0.5769097805023193, 0.9859640598297119, 0.9997900128364563, 0.489360511302948, 0.5886577367782593, 0.9999507665634155, 0.6584122776985168, 0.9999973773956299, 0.9999967813491821
1, 2, 11, 15, 12, 14, 18, 16, 17, 19, 6, 8, 3, 5, 9, 13, 20, 4, 10, 7
0.984887957572937, 0.5408587455749512, 0.6466179490089417, 0.4722769558429718, 0.9955430626869202, 0.6566512584686279, 0.9781685471534729, 0.753385603427887, 0.9983559250831604, 0.9962037205696106, 0.9967672824859619, 0.78826904296875, 0.9356086254119873, 0.910180926322937, 0.788875162601471, 0.8794907331466675, 0.8989909887313843, 0.9988200068473816, 0.7467289566993713, 0.9978784322738647, 0.5790728330612183, 0.46580448746681213, 0.700299859046936, 0.964769184589386, 0.9995962977409363, 0.8242202401161194, 0.9999955892562866, 0.7569164037704468, 0.9978444576263428, 0.9999940395355225, 0.9999985694885254
12, 19, 2, 6, 13, 1, 3, 7, 14, 16, 17, 15, 9, 10, 11, 18, 8, 20, 4, 5
0.9437583088874817, 0.9698429107666016, 0.6115624904632568, 0.872172474861145, 0.37666547298431396, 0.8774632811546326, 0.6021015644073486, 0.5734425783157349, 0.7927970886230469, 0.49175623059272766, 0.9810028076171875, 0.9815265536308289, 0.663184404373169, 0.9898015856742859, 0.5456897020339966, 0.9997425675392151, 0.9454677700996399, 0.9804704189300537, 0.9976227879524231, 0.843525230884552, 0.9627777934074402, 0.7946473956108093, 0.9998420476913452, 0.9980068802833557, 0.9975384473800659, 0.9999821186065674, 0.6512916684150696, 0.9829286336898804, 0.9999990463256836, 0.9692864418029785, 0.9999986886978149
7, 8, 2, 3, 1, 19, 10, 16, 5, 9, 4, 11, 12, 18, 6, 15, 17, 13, 14, 20
0.6780619621276855, 0.7295721769332886, 0.74326092004776, 0.9982571005821228, 0.9841551780700684, 0.7619929313659668, 0.8497776389122009, 0.5442847609519958, 0.5544573664665222, 0.9963538646697998, 0.9997957348823547, 0.5677811503410339, 0.9996892213821411, 0.6888084411621094, 0.9939395189285278, 0.9970276951789856, 0.8318068385124207, 0.4528846740722656, 0.9918628931045532, 0.9997630715370178, 0.9280803203582764, 0.9998788833618164, 0.5167716145515442, 0.9998218417167664, 0.9999816417694092, 0.7799842357635498, 0.839715301990509, 0.9994639754295349, 0.9999994039535522, 0.9999834299087524, 0.9999995231628418
6, 7, 3, 19, 17, 12, 18, 14, 20, 4, 5, 10, 13, 2, 9, 11, 8, 1, 15, 16
0.8647524118423462, 0.9092109799385071, 0.7041319012641907, 0.5209688544273376, 0.7508516311645508, 0.7022336721420288, 0.7434568405151367, 0.992562472820282, 0.9909674525260925, 0.7131608724594116, 0.6033164858818054, 0.9091320037841797, 0.9883595705032349, 0.6272045373916626, 0.9931811690330505, 0.6035223007202148, 0.9978715181350708, 0.9673625230789185, 0.8177012205123901, 0.9998761415481567, 0.999977707862854, 0.5414739847183228, 0.763211727142334, 0.8006406426429749, 0.9259382486343384, 0.9172763824462891, 0.9996963739395142, 0.9999552965164185, 0.6150506734848022, 0.9999997615814209, 0.9999970197677612
1, 2, 6, 3, 15, 18, 20, 19, 4, 8, 17, 14, 7, 9, 10, 11, 16, 12, 5, 13
0.9258726239204407, 0.991376519203186, 0.651456892490387, 0.6832699775695801, 0.8477602601051331, 0.949733316898346, 0.9488123059272766, 0.7669135928153992, 0.8089967370033264, 0.9999910593032837, 0.9585026502609253, 0.9872485995292664, 0.3606218993663788, 0.7363293766975403, 0.8612290620803833, 0.9473468661308289, 0.802058219909668, 0.7517197728157043, 0.4950433075428009, 0.9992812275886536, 0.9850531220436096, 0.6571422219276428, 0.9991217255592346, 0.9986124038696289, 0.6923446655273438, 0.603651762008667, 0.9254608154296875, 0.9935784339904785, 0.8477752208709717, 0.9999977350234985, 0.9999984502792358
4, 16, 17, 8, 12, 6, 20, 10, 15, 11, 7, 13, 14, 9, 19, 1, 2, 3, 5, 18
0.4744992256164551, 0.47142064571380615, 0.508146345615387, 0.8910480737686157, 0.977954626083374, 0.42663198709487915, 0.9969191551208496, 0.9986999034881592, 0.9093905687332153, 0.730623722076416, 0.9432442784309387, 0.7128083109855652, 0.4136987328529358, 0.5792193412780762, 0.3571302592754364, 0.7340086698532104, 0.35606086254119873, 0.888808012008667, 0.6718696355819702, 0.5702717304229736, 0.9181849956512451, 0.9584850072860718, 0.3324783742427826, 0.44154092669487, 0.5841431617736816, 0.4110945463180542, 0.6977332830429077, 0.86500084400177, 0.7606443762779236, 0.9999963045120239, 0.9999773502349854
1, 2, 4, 13, 16, 15, 3, 9, 11, 10, 12, 6, 8, 7, 20, 19, 5, 14, 17, 18
0.9828973412513733, 0.9758886694908142, 0.756087601184845, 0.9833791851997375, 0.9310208559036255, 0.9965158700942993, 0.569770097732544, 0.7855491638183594, 0.9992735981941223, 0.8372159004211426, 0.9431084990501404, 0.9963723421096802, 0.998006284236908, 0.450609415769577, 0.6472308039665222, 0.9992127418518066, 0.9998447895050049, 0.38345563411712646, 0.8801840543746948, 0.8536562919616699, 0.6713888645172119, 0.9999991655349731, 0.6441181898117065, 0.8619871139526367, 0.6757467985153198, 0.999980092048645, 0.9064822793006897, 0.9999938011169434, 0.9949325919151306, 0.9999998807907104, 0.9999997615814209
8, 9, 18, 19, 12, 13, 16, 15, 10, 3, 4, 11, 7, 6, 14, 17, 1, 5, 2, 20
0.4071977436542511, 0.5876967906951904, 0.6152836084365845, 0.5388146638870239, 0.8881266117095947, 0.8585857152938843, 0.7765466570854187, 0.7151070237159729, 0.9544498324394226, 0.9809211492538452, 0.8808292150497437, 0.48984697461128235, 0.9972280859947205, 0.9980345368385315, 0.49559351801872253, 0.7975105047225952, 0.5164968967437744, 0.4333660304546356, 0.42621996998786926, 0.595198392868042, 0.32253408432006836, 0.4444431662559509, 0.6239082217216492, 0.9278661012649536, 0.47670626640319824, 0.7231743335723877, 0.45208635926246643, 0.9122501611709595, 0.994522213935852, 0.9994049072265625, 0.9999995231628418
1, 3, 5, 9, 8, 13, 14, 7, 12, 16, 17, 15, 18, 20, 11, 10, 2, 4, 6, 19
0.7687448859214783, 0.9163392782211304, 0.9361453056335449, 0.9454776048660278, 0.45715561509132385, 0.9759376645088196, 0.995381772518158, 0.998977780342102, 0.998871386051178, 0.5200356841087341, 0.999016523361206, 0.787318229675293, 0.9986947178840637, 0.8824174404144287, 0.9739900231361389, 0.8822924494743347, 0.6722683310508728, 0.9012975692749023, 0.9777014255523682, 0.9911593794822693, 0.9666688442230225, 0.9993979930877686, 0.9217531085014343, 0.7690430879592896, 0.5847287774085999, 0.999656081199646, 0.6574802994728088, 0.9998452663421631, 0.9905799031257629, 0.9999988079071045, 0.9999953508377075
19, 1, 18, 10, 16, 12, 14, 11, 15, 8, 4, 17, 2, 6, 7, 9, 5, 20, 3, 13
0.9953289031982422, 0.8983635306358337, 0.9850502610206604, 0.9867796897888184, 0.6235779523849487, 0.9922131896018982, 0.947444498538971, 0.9679462313652039, 0.5790809392929077, 0.9118239283561707, 0.6016886234283447, 0.8401697278022766, 0.6654021143913269, 0.6471585631370544, 0.7394453287124634, 0.2935757339000702, 0.6798439621925354, 0.31014078855514526, 0.4932365417480469, 0.7174269556999207, 0.9994983673095703, 0.4067702889442444, 0.47717079520225525, 0.6909282803535461, 0.7422266602516174, 0.686289370059967, 0.471103310585022, 0.9999980926513672, 0.7606343626976013, 0.9999861717224121, 0.9999995231628418
2, 7, 12, 13, 16, 18, 17, 19, 1, 3, 4, 5, 8, 9, 10, 11, 14, 15, 6, 20
0.4174540042877197, 0.7274978756904602, 0.9258502721786499, 0.7459888458251953, 0.997403085231781, 0.9602839946746826, 0.8022395968437195, 0.33670762181282043, 0.9955722093582153, 0.9481233954429626, 0.9691588878631592, 0.8143637776374817, 0.8858815431594849, 0.5340818762779236, 0.7229851484298706, 0.8795186877250671, 0.9875325560569763, 0.9988491535186768, 0.5744120478630066, 0.9986032843589783, 0.9999905824661255, 0.9981043338775635, 0.9999914169311523, 0.9992702603340149, 0.9999657869338989, 0.9997949004173279, 0.989266037940979, 0.9999978542327881, 0.8822879791259766, 0.9999898672103882, 0.9999963045120239
