6, 8, 10, 19, 13, 14, 1, 2, 3, 12, 11, 16, 7, 4, 15, 20, 5, 9, 17, 18
0.9910550117492676, 0.4375343322753906, 0.9672542214393616, 0.9244370460510254, 0.46780484914779663, 0.3052070438861847, 0.7796018123626709, 0.8670815229415894, 0.5202115774154663, 0.6463723182678223, 0.3106909692287445, 0.24855367839336395, 0.36513015627861023, 0.2985680103302002, 0.48253536224365234, 0.7204930186271667, 0.8797324895858765, 0.391128271818161, 0.8343527317047119, 0.4112328886985779, 0.3506567180156708, 0.2963307797908783, 0.8724188208580017, 0.4399399757385254, 0.9999995231628418, 0.3853085935115814, 0.6859191656112671, 0.9999898672103882, 0.542843759059906, 1.0, 0.9999990463256836
6, 17, 1, 4, 11, 7, 3, 18, 19, 10, 13, 12, 9, 14, 15, 5, 8, 20, 2, 16
0.9825019836425781, 0.9830930233001709, 0.9891154766082764, 0.6038777232170105, 0.6400351524353027, 0.6794442534446716, 0.9738908410072327, 0.49865832924842834, 0.6111219525337219, 0.7256698608398438, 0.4552854001522064, 0.5890918970108032, 0.504492461681366, 0.45146486163139343, 0.3029381334781647, 0.4933429956436157, 0.26621127128601074, 0.3696448504924774, 0.4504214823246002, 0.4286647439002991, 0.4049519896507263, 0.4406033158302307, 0.41957610845565796, 0.8198854327201843, 0.3892110288143158, 0.5026765465736389, 0.7852895259857178, 0.5698124170303345, 0.8354514837265015, 0.9999996423721313, 0.9999970197677612
1, 8, 11, 4, 5, 17, 18, 13, 3, 6, 12, 9, 10, 15, 16, 2, 7, 19, 20, 14
0.7561324834823608, 0.5667515993118286, 0.990744948387146, 0.9973588585853577, 0.6437132358551025, 0.9988430738449097, 0.5968366861343384, 0.40651383996009827, 0.951599657535553, 0.8513184189796448, 0.7639182209968567, 0.6543553471565247, 0.36620235443115234, 0.854049026966095, 0.39790862798690796, 0.6070272922515869, 0.7514610290527344, 0.9802327156066895, 0.8191660642623901, 0.7005839347839355, 0.6967650651931763, 0.9985032081604004, 0.9966392517089844, 0.4120674133300781, 0.9134571552276611, 0.9994543194770813, 0.7852944731712341, 0.8962484002113342, 1.0, 0.9999998807907104, 1.0
1, 2, 3, 5, 7, 12, 13, 14, 15, 16, 17, 18, 19, 4, 6, 8, 9, 10, 11, 20
0.542271614074707, 0.453915536403656, 0.8183084726333618, 0.7739791870117188, 0.9540432095527649, 0.7439953684806824, 0.8293375372886658, 0.9995521903038025, 0.992933988571167, 0.9996541738510132, 0.922883152961731, 0.9984422326087952, 0.9803598523139954, 0.9999303817749023, 0.9929512143135071, 0.9976179003715515, 0.6017300486564636, 0.9900063872337341, 0.9596363306045532, 0.8758019804954529, 0.9991820454597473, 0.6873986124992371, 0.9887484312057495, 0.9483101963996887, 0.9973662495613098, 0.9999831914901733, 0.9961709380149841, 0.9998579025268555, 0.9999992847442627, 0.9999873638153076, 0.9999994039535522
1, 2, 3, 5, 6, 7, 8, 9, 10, 11, 12, 13, 14, 15, 16, 17, 18, 19, 20, 4
0.993372917175293, 0.9999933242797852, 0.8279648423194885, 0.7048123478889465, 0.9719769358634949, 0.990931510925293, 0.9905325174331665, 0.9473340511322021, 0.9999916553497314, 0.8151949644088745, 0.9999899864196777, 0.9976266026496887, 0.9999971389770508, 0.9990758895874023, 0.9999960660934448, 0.9788309931755066, 0.9999955892562866, 0.9319429993629456, 0.9999958276748657, 0.9992929697036743, 0.9999384880065918, 0.9963609576225281, 0.9998070597648621, 0.9637768864631653, 0.999849796295166, 0.9999885559082031, 0.9991378784179688, 0.9999929666519165, 0.7826515436172485, 0.9999970197677612, 0.9999996423721313
18, 20, 8, 16, 19, 13, 1, 2, 15, 17, 14, 12, 3, 6, 5, 4, 7, 11, 9, 10
0.5153186917304993, 0.8976719379425049, 0.8512901663780212, 0.9989842772483826, 0.8469139337539673, 0.9986386895179749, 0.5611550807952881, 0.9985641837120056, 0.7726010680198669, 0.9402130246162415, 0.7221091985702515, 0.37617477774620056, 0.9391103386878967, 0.49209606647491455, 0.7252274751663208, 0.7611098289489746, 0.7330108880996704, 0.37268003821372986, 0.5997750163078308, 0.3368419110774994, 0.6390429139137268, 0.25308966636657715, 0.5412012338638306, 0.2380114048719406, 0.9090991616249084, 0.6833732724189758, 0.6261032223701477, 0.6925027370452881, 0.7745749354362488, 1.0, 0.999998927116394
10, 15, 12, 1, 8, 3, 7, 4, 11, 16, 2, 20, 13, 14, 19, 9, 18, 5, 6, 17
0.976569414138794, 0.8125855326652527, 0.9802935123443604, 0.711798369884491, 0.8111675381660461, 0.9666934609413147, 0.3180973529815674, 0.421149879693985, 0.5100887417793274, 0.6304541826248169, 0.27661123871803284, 0.4501226842403412, 0.47270309925079346, 0.468625545501709, 0.9880900382995605, 0.4614278972148895, 0.3992227017879486, 0.9999992847442627, 0.8457670211791992, 0.4296734631061554, 0.8569632768630981, 0.48505106568336487, 0.5513759255409241, 0.6599302887916565, 0.35495835542678833, 0.6221177577972412, 0.7216721773147583, 0.4080239236354828, 0.6757509708404541, 1.0, 0.9999990463256836
4, 13, 12, 2, 14, 18, 1, 15, 5, 11, 17, 6, 19, 16, 3, 8, 9, 10, 7, 20
0.9081071615219116, 0.8669647574424744, 0.8169874548912048, 0.8928980827331543, 0.9762305021286011, 0.744458019733429, 0.8339163661003113, 0.37946557998657227, 0.821669340133667, 0.46981385350227356, 0.7152683734893799, 0.8571497201919556, 0.9021002650260925, 0.45813000202178955, 0.45435360074043274, 0.6318373680114746, 0.3939068019390106, 0.7834851145744324, 0.3448489308357239, 0.4637080729007721, 0.8405715227127075, 0.42333418130874634, 0.9919244647026062, 0.5728518962860107, 0.37542983889579773, 0.538726806640625, 0.9279723167419434, 0.9999891519546509, 0.9283850789070129, 0.9999998807907104, 0.9999996423721313
17, 1, 6, 7, 8, 4, 10, 9, 2, 3, 13, 11, 14, 15, 19, 20, 16, 18, 5, 12
0.9262070059776306, 0.9215484857559204, 0.499187707901001, 0.6001611351966858, 0.6050390005111694, 0.9164286255836487, 0.7313761115074158, 0.7257902026176453, 0.965735673904419, 0.5870533585548401, 0.6510939002037048, 0.8528379797935486, 0.9825884103775024, 0.40379735827445984, 0.9901356101036072, 0.7090001106262207, 0.9470140933990479, 0.9634557962417603, 0.7495636343955994, 0.502348005771637, 0.8173811435699463, 0.8724764585494995, 0.9763309359550476, 0.9999992847442627, 0.6688769459724426, 0.5479537844657898, 0.9304570555686951, 0.9711222052574158, 0.9324523210525513, 1.0, 0.9999994039535522
1, 2, 3, 5, 6, 14, 15, 11, 13, 16, 17, 18, 4, 7, 8, 9, 10, 12, 19, 20
0.8406676650047302, 0.9948846697807312, 0.9984207153320312, 0.971209704875946, 0.9999148845672607, 0.9638324975967407, 0.92304527759552, 0.9389809370040894, 0.4930919110774994, 0.8919891119003296, 0.646077036857605, 0.915164053440094, 0.6493543982505798, 0.8106608986854553, 0.691969633102417, 0.9728013277053833, 0.9849110841751099, 0.7060889005661011, 0.7555411458015442, 0.39335983991622925, 0.9919629096984863, 0.999098539352417, 0.9693134427070618, 0.9999991655349731, 0.9622607231140137, 0.9999979734420776, 0.7634783387184143, 0.9999997615814209, 0.9999986886978149, 0.9999902248382568, 0.9999996423721313
1, 16, 18, 6, 9, 4, 3, 5, 13, 17, 15, 2, 19, 12, 11, 14, 7, 8, 10, 20
0.7509331107139587, 0.6354976296424866, 0.8455312848091125, 0.8619683384895325, 0.9952778816223145, 0.6479759812355042, 0.975475013256073, 0.5060752034187317, 0.5137230157852173, 0.7704788446426392, 0.7227257490158081, 0.3859637975692749, 0.8549886345863342, 0.318419873714447, 0.7903079986572266, 0.3744485080242157, 0.5826425552368164, 0.7494071125984192, 0.612592875957489, 0.6884032487869263, 0.36299484968185425, 0.7362084984779358, 0.600892186164856, 0.49212712049484253, 0.5467004179954529, 0.34418028593063354, 0.7303997874259949, 0.7690762281417847, 0.9999856948852539, 1.0, 0.9999997615814209
16, 15, 8, 18, 4, 5, 13, 11, 20, 12, 17, 10, 3, 9, 14, 19, 7, 6, 2, 1
0.8198550939559937, 0.732475757598877, 0.7439953088760376, 0.8825109601020813, 0.5664704442024231, 0.799940824508667, 0.9377282857894897, 0.6184605956077576, 0.9978837370872498, 0.9116122722625732, 0.590802788734436, 0.8702186346054077, 0.9505378007888794, 0.35500389337539673, 0.7461166381835938, 0.45851606130599976, 0.46599671244621277, 0.4336892366409302, 0.4349658191204071, 0.7062327265739441, 0.7642918229103088, 0.5510644912719727, 0.4567595422267914, 0.37020114064216614, 0.43797025084495544, 0.3936566412448883, 0.5195046067237854, 0.3552500009536743, 0.43704694509506226, 0.6992511749267578, 0.9999997615814209
18, 19, 14, 4, 11, 10, 9, 12, 20, 17, 15, 8, 13, 5, 2, 16, 6, 7, 3, 1
0.6156870722770691, 0.8061677813529968, 0.5929712653160095, 0.7299141883850098, 0.5837271213531494, 0.9113745093345642, 0.7163159847259521, 0.5290519595146179, 0.48490968346595764, 0.5951345562934875, 0.8102092146873474, 0.6454088091850281, 0.3359125256538391, 0.5390062928199768, 0.3693102300167084, 0.8670017719268799, 0.4712183177471161, 0.6524911522865295, 0.584077000617981, 0.7503549456596375, 0.46205928921699524, 0.8757797479629517, 0.9799741506576538, 0.40461426973342896, 0.9604279398918152, 0.5404499769210815, 0.5660005211830139, 0.28107231855392456, 0.5172920823097229, 0.771837592124939, 0.9999997615814209
1, 2, 3, 4, 5, 6, 7, 8, 9, 10, 11, 12, 13, 14, 15, 16, 17, 18, 19, 20
0.9902106523513794, 0.8049899339675903, 0.9518746137619019, 0.8321011662483215, 0.9839410185813904, 0.9454694986343384, 0.9991220831871033, 0.9988390803337097, 0.7905212044715881, 0.9999980926513672, 0.9988470077514648, 0.9999997615814209, 0.999771773815155, 0.9999992847442627, 0.9999533891677856, 0.9999995231628418, 0.9999603033065796, 0.9999984502792358, 0.9995635151863098, 0.999998927116394, 0.9999345541000366, 0.9999836683273315, 0.9588148593902588, 0.9999990463256836, 0.9999908208847046, 0.9999980926513672, 0.9999908208847046, 0.9999994039535522, 0.9999992847442627, 0.9999996423721313, 0.9999988079071045
8, 9, 10, 15, 2, 1, 7, 5, 6, 13, 14, 11, 12, 16, 17, 18, 19, 3, 4, 20
0.94310462474823, 0.5363500714302063, 0.9417160749435425, 0.8049039840698242, 0.8000806570053101, 0.8097144961357117, 0.5968555212020874, 0.9352911710739136, 0.45601022243499756, 0.3564823567867279, 0.9426303505897522, 0.7991949915885925, 0.4423123598098755, 0.9928232431411743, 0.9233493804931641, 0.8560751080513, 0.47948744893074036, 0.856274425983429, 0.5321434140205383, 0.8611909747123718, 0.5834917426109314, 0.9969719648361206, 0.9459611773490906, 0.8974684476852417, 0.9252175688743591, 0.6049081683158875, 0.9999758005142212, 0.5735313892364502, 0.9992768168449402, 0.9999997615814209, 0.9999994039535522
16, 17, 1, 2, 5, 8, 12, 15, 7, 3, 6, 11, 18, 19, 4, 9, 10, 13, 14, 20
0.9946742057800293, 0.8958770036697388, 0.9853312969207764, 0.9630730748176575, 0.9079887866973877, 0.9988502264022827, 0.4820631146430969, 0.5790103077888489, 0.9996621608734131, 0.6579639911651611, 0.9839833974838257, 0.9722896814346313, 0.4143131375312805, 0.6972576379776001, 0.45443952083587646, 0.8160446286201477, 0.6827436685562134, 0.8287442326545715, 0.5956170558929443, 0.48829543590545654, 0.5713779330253601, 0.6402146220207214, 0.6458266973495483, 0.9999934434890747, 0.9993643164634705, 0.9992202520370483, 0.9998016953468323, 0.9994207620620728, 0.9999997615814209, 0.9999995231628418, 1.0
18, 2, 3, 4, 5, 7, 10, 12, 11, 1, 6, 8, 9, 13, 14, 15, 16, 17, 19, 20
0.9033655524253845, 0.9975621700286865, 0.6747856140136719, 0.991476833820343, 0.5346736907958984, 0.9977096319198608, 0.39300552010536194, 0.6332319378852844, 0.9775285124778748, 0.8923361897468567, 0.7718709707260132, 0.975033164024353, 0.6763173341751099, 0.7648753523826599, 0.43658581376075745, 0.9945441484451294, 0.9678902626037598, 0.9999957084655762, 0.9905063509941101, 0.9999994039535522, 0.9996304512023926, 0.9999895095825195, 0.7145264148712158, 0.9999982118606567, 0.9967418313026428, 0.9999852180480957, 0.9835890531539917, 0.9999397993087769, 0.9999982118606567, 0.9999992847442627, 0.9999997615814209
1, 2, 3, 4, 5, 6, 7, 8, 9, 10, 11, 12, 13, 14, 15, 16, 17, 18, 19, 20
0.7539836764335632, 0.9936749339103699, 0.9996529817581177, 0.9035640954971313, 0.9963580965995789, 0.9993376135826111, 0.9987056255340576, 0.9519352912902832, 0.9991165995597839, 0.9999994039535522, 0.9900918006896973, 0.9999998807907104, 0.9999512434005737, 0.9999982118606567, 0.9995356798171997, 0.9999969005584717, 0.9979878664016724, 0.9999986886978149, 0.9999655485153198, 0.9999977350234985, 0.998999297618866, 0.9999997615814209, 0.9999985694885254, 0.9999995231628418, 0.9999939203262329, 0.9999957084655762, 0.9997689127922058, 0.9999986886978149, 0.9999995231628418, 0.9999995231628418, 0.9999979734420776
14, 18, 10, 19, 6, 4, 5, 2, 1, 17, 15, 12, 11, 8, 20, 7, 16, 9, 3, 13
0.7728158235549927, 0.9634363055229187, 0.6843260526657104, 0.971989631652832, 0.44105997681617737, 0.8629640936851501, 0.4212411940097809, 0.5855869054794312, 0.3583621680736542, 0.7314159870147705, 0.37693455815315247, 0.5589467287063599, 0.856937050819397, 0.5434958338737488, 0.6836092472076416, 0.34972748160362244, 0.3627621829509735, 0.27324122190475464, 0.48013612627983093, 0.5905519723892212, 0.6143675446510315, 0.20435312390327454, 0.3094324767589569, 0.9999986886978149, 0.3313061594963074, 0.4363676607608795, 0.7400888204574585, 0.4947401285171509, 0.7185804843902588, 0.9999994039535522, 0.9999966621398926
1, 2, 3, 4, 7, 8, 9, 11, 12, 13, 14, 15, 16, 17, 18, 19, 20, 5, 6, 10
0.5958898663520813, 0.9985490441322327, 0.9213138818740845, 0.7327735424041748, 0.5303840041160583, 0.6294631361961365, 0.99831223487854, 0.9999885559082031, 0.961708128452301, 0.9999969005584717, 0.7492586374282837, 0.9999992847442627, 0.9986675977706909, 0.999997615814209, 0.9915599226951599, 0.9999971389770508, 0.8800877332687378, 0.9999902248382568, 0.994403064250946, 0.9999979734420776, 0.9997933506965637, 0.9999778270721436, 0.995442271232605, 0.9979621171951294, 0.998630940914154, 0.9327391386032104, 0.9999960660934448, 0.9403165578842163, 0.9999986886978149, 0.9999982118606567, 0.9999998807907104
1, 2, 3, 4, 5, 6, 7, 8, 9, 10, 11, 12, 13, 14, 15, 16, 17, 18, 19, 20
0.9512022733688354, 0.7781836986541748, 0.9996633529663086, 0.7078567147254944, 0.9956244826316833, 0.9988337159156799, 0.9551149010658264, 0.9981786012649536, 0.9999256134033203, 0.9999963045120239, 0.9982115030288696, 0.9999992847442627, 0.9986639022827148, 0.9999992847442627, 0.9999521970748901, 0.9999982118606567, 0.9993103742599487, 0.9999822378158569, 0.9993365406990051, 0.9999847412109375, 0.9999344348907471, 0.9999977350234985, 0.9999943971633911, 0.9999963045120239, 0.999963641166687, 0.9999945163726807, 0.9999974966049194, 0.9999815225601196, 0.9999967813491821, 0.9999986886978149, 0.999998927116394
1, 2, 3, 4, 5, 6, 7, 8, 9, 10, 11, 12, 13, 14, 15, 16, 17, 18, 19, 20
0.9962067604064941, 0.996417760848999, 0.9833053946495056, 0.526524007320404, 0.8466804623603821, 0.9984229803085327, 0.9999768733978271, 0.9989805817604065, 0.9999270439147949, 0.9999994039535522, 0.9989228844642639, 1.0, 0.9997513890266418, 0.9999998807907104, 0.9997943043708801, 0.9999997615814209, 0.999957799911499, 0.9999996423721313, 0.9979216456413269, 0.9999998807907104, 0.9999716281890869, 1.0, 0.9999908208847046, 0.9999998807907104, 0.9999656677246094, 0.9999996423721313, 0.999998927116394, 0.9999992847442627, 0.9999996423721313, 0.9999988079071045, 0.9999991655349731
1, 2, 3, 4, 6, 7, 8, 9, 10, 11, 12, 13, 15, 16, 17, 18, 19, 5, 20, 14
0.9531655311584473, 0.9714467525482178, 0.978335976600647, 0.9189165234565735, 0.7629119753837585, 0.9992579817771912, 0.9821869134902954, 0.9796648025512695, 0.9999991655349731, 0.9944100975990295, 0.9999996423721313, 0.9515745043754578, 0.9999994039535522, 0.9488959908485413, 0.9999992847442627, 0.9998326301574707, 0.9999758005142212, 0.528683602809906, 0.9995417594909668, 0.9978426694869995, 0.9932680726051331, 0.8597396612167358, 0.9985914826393127, 0.9728084206581116, 0.8884756565093994, 0.999419093132019, 0.6815871596336365, 0.6723247766494751, 0.9999960660934448, 0.9999998807907104, 1.0
5, 4, 18, 15, 17, 3, 20, 14, 13, 19, 16, 8, 6, 12, 11, 10, 9, 2, 1, 7
0.7073816061019897, 0.4550769329071045, 0.7438629269599915, 0.8817059993743896, 0.8379043936729431, 0.7966874837875366, 0.5354234576225281, 0.6617808938026428, 0.5430841445922852, 0.502526044845581, 0.9896626472473145, 0.9806089997291565, 0.41482385993003845, 0.9552814364433289, 0.5764656066894531, 0.8159716725349426, 0.5804118514060974, 0.5521414875984192, 0.7241379022598267, 0.3265271782875061, 0.8057007193565369, 0.739345371723175, 0.3480190634727478, 0.6998782753944397, 0.42211687564849854, 0.4487297534942627, 0.6369880437850952, 0.29590904712677, 0.4171930253505707, 0.8354657292366028, 0.9999982118606567
15, 17, 6, 8, 19, 9, 10, 20, 18, 11, 14, 1, 16, 5, 2, 3, 4, 13, 7, 12
0.9219266772270203, 0.44656485319137573, 0.9759356379508972, 0.9859042763710022, 0.6083554029464722, 0.819097638130188, 0.6343716979026794, 0.9606483578681946, 0.5547957420349121, 0.9027235507965088, 0.9550284743309021, 0.6384403705596924, 0.8499528765678406, 0.823086678981781, 0.800728976726532, 0.7797684669494629, 0.8087912201881409, 0.6279383301734924, 0.30758628249168396, 0.8043915629386902, 0.5421886444091797, 0.4876735210418701, 0.31127262115478516, 0.4034794867038727, 0.9814241528511047, 0.4752880036830902, 0.6825668215751648, 0.6892557740211487, 0.6959446668624878, 1.0, 0.9999973773956299
1, 5, 3, 4, 6, 15, 14, 12, 10, 18, 17, 11, 16, 2, 7, 19, 20, 8, 9, 13
0.8565348982810974, 0.46194469928741455, 0.5858631134033203, 0.8638803958892822, 0.5423274636268616, 0.9970160722732544, 0.269798219203949, 0.9921661615371704, 0.28749117255210876, 0.9766369462013245, 0.40438610315322876, 0.9831002950668335, 0.5130202770233154, 0.9469300508499146, 0.46586519479751587, 0.7732180953025818, 0.48402950167655945, 0.6206416487693787, 0.40512025356292725, 0.5946965217590332, 0.4737294018268585, 0.542561411857605, 0.5410699844360352, 0.6254612803459167, 0.7662650346755981, 0.4706517457962036, 0.9999992847442627, 0.6935269236564636, 0.8006874918937683, 0.9999998807907104, 0.9999998807907104
14, 13, 12, 3, 17, 11, 18, 2, 19, 16, 4, 6, 1, 15, 5, 9, 7, 8, 20, 10
0.9258171319961548, 0.6336985230445862, 0.863082230091095, 0.37380144000053406, 0.9399625062942505, 0.5982686877250671, 0.5024880170822144, 0.786320149898529, 0.6681644320487976, 0.6977651715278625, 0.7681385278701782, 0.4321017265319824, 0.36827152967453003, 0.6479419469833374, 0.6702428460121155, 0.5221089720726013, 0.9780316948890686, 0.9968744516372681, 0.33139514923095703, 0.6864767074584961, 0.5298672318458557, 0.4690728485584259, 0.9999624490737915, 0.3992716073989868, 0.3690643608570099, 0.5729437470436096, 0.45684385299682617, 0.8056241869926453, 0.9999978542327881, 0.9999998807907104, 0.9999991655349731
1, 2, 3, 4, 5, 11, 13, 14, 15, 17, 18, 19, 12, 6, 7, 8, 9, 10, 16, 20
0.7684416770935059, 0.999351441860199, 0.9575357437133789, 0.952519953250885, 0.9939682483673096, 0.6320850253105164, 0.4997241795063019, 0.9960823655128479, 0.7551195025444031, 0.9842838048934937, 0.45248815417289734, 0.9937001466751099, 0.41108158230781555, 0.9935582280158997, 0.8149822950363159, 0.9938530921936035, 0.9862154722213745, 0.6747640371322632, 0.7362117767333984, 0.6233246922492981, 0.9847040176391602, 0.4212926924228668, 0.9687705039978027, 0.9996967315673828, 0.9929552674293518, 0.9998942613601685, 0.9987109899520874, 0.9793524146080017, 0.9999982118606567, 1.0, 0.9999997615814209
8, 3, 14, 11, 12, 10, 15, 7, 18, 6, 4, 17, 16, 19, 13, 2, 1, 5, 20, 9
0.8484988808631897, 0.4089325964450836, 0.6678944230079651, 0.2972277104854584, 0.9331960082054138, 0.7522217631340027, 0.6546238660812378, 0.42134177684783936, 0.518453061580658, 0.5641374588012695, 0.6088542938232422, 0.9695674180984497, 0.6755753755569458, 0.43818098306655884, 0.6536846160888672, 0.26138943433761597, 0.49598369002342224, 0.7140952348709106, 0.40611526370048523, 0.5827131271362305, 0.4706907272338867, 0.6710084676742554, 0.6500328183174133, 0.6518080830574036, 0.665400505065918, 0.5524966716766357, 0.9593566656112671, 0.459179550409317, 0.5077975392341614, 0.9999997615814209, 0.9999960660934448
10, 2, 5, 9, 11, 15, 14, 16, 12, 19, 20, 1, 8, 6, 13, 3, 17, 7, 4, 18
0.9908242225646973, 0.9538173675537109, 0.7127671837806702, 0.7199525833129883, 0.5501993298530579, 0.6938068270683289, 0.6023995876312256, 0.5959562659263611, 0.6841740012168884, 0.6695767045021057, 0.681371808052063, 0.7625874876976013, 0.2900494933128357, 0.6966150403022766, 0.43248119950294495, 0.9034827947616577, 0.8575273752212524, 0.3927381932735443, 0.9999995231628418, 0.5109314322471619, 0.3053590953350067, 0.7667090892791748, 0.387996643781662, 0.6982053518295288, 0.3065048158168793, 0.46001559495925903, 0.8519340753555298, 0.5528087615966797, 0.7461271286010742, 1.0, 0.9999967813491821
18, 8, 9, 5, 6, 2, 15, 12, 13, 20, 17, 1, 7, 11, 4, 19, 16, 3, 10, 14
0.7373874187469482, 0.6503375172615051, 0.4322303533554077, 0.8198714256286621, 0.6738131046295166, 0.35088661313056946, 0.49564316868782043, 0.5487422347068787, 0.2894398272037506, 0.5801509618759155, 0.556908130645752, 0.7650912404060364, 0.9202527403831482, 0.36434611678123474, 0.9999994039535522, 0.3726860284805298, 0.761498212814331, 0.29182735085487366, 0.31065821647644043, 0.4629116952419281, 0.4739169180393219, 0.4026668071746826, 0.5077768564224243, 0.4075584411621094, 0.5963844060897827, 0.4255331754684448, 0.5155982971191406, 0.9999452829360962, 0.558273196220398, 0.9999996423721313, 0.999991774559021
1, 2, 3, 5, 6, 8, 9, 10, 11, 14, 15, 16, 17, 18, 19, 7, 12, 13, 4, 20
0.7237281799316406, 0.537249743938446, 0.9999129772186279, 0.9480260014533997, 0.999235987663269, 0.8020302653312683, 0.6221383213996887, 0.9968223571777344, 0.9846677184104919, 0.9941629767417908, 0.9964764714241028, 0.9880279302597046, 0.4967266321182251, 0.9866494536399841, 0.994502067565918, 0.8194397687911987, 0.916532039642334, 0.9991815686225891, 0.9984577894210815, 0.740874171257019, 0.7290118932723999, 0.3749151825904846, 0.9918560981750488, 0.3893163204193115, 0.4019410312175751, 0.9241247177124023, 0.9948821067810059, 0.9999997615814209, 0.940788745880127, 1.0, 0.9999995231628418
8, 15, 6, 2, 1, 16, 4, 17, 18, 11, 12, 5, 7, 10, 9, 20, 13, 14, 3, 19
0.6709209084510803, 0.8650779128074646, 0.9208357930183411, 0.5491904020309448, 0.74960857629776, 0.7127772569656372, 0.39015406370162964, 0.745191752910614, 0.4295189082622528, 0.8293712139129639, 0.37254399061203003, 0.8935548663139343, 0.5557375550270081, 0.8766685128211975, 0.6554233431816101, 0.9765833616256714, 0.9738193154335022, 0.4550625681877136, 0.9775905609130859, 0.7369824647903442, 0.8153034448623657, 0.8951075673103333, 0.502865731716156, 0.999998927116394, 0.8288992643356323, 0.450754851102829, 0.9217720627784729, 0.883499264717102, 0.5350970029830933, 1.0, 0.9999982118606567
1, 3, 2, 16, 19, 20, 14, 9, 15, 11, 13, 8, 7, 12, 6, 5, 18, 10, 4, 17
0.3981083631515503, 0.4977301061153412, 0.7602364420890808, 0.5760233998298645, 0.5255557894706726, 0.7927227020263672, 0.9429101943969727, 0.2360941469669342, 0.9999990463256836, 0.3875354528427124, 0.5081877708435059, 0.45158687233924866, 0.40813443064689636, 0.5679937601089478, 0.7248725891113281, 0.6067239046096802, 0.5062214732170105, 0.7405192255973816, 0.3360283374786377, 0.4219195544719696, 0.31689390540122986, 0.5174627900123596, 0.3684956431388855, 0.8301675319671631, 0.7905052900314331, 0.6243405938148499, 0.8558095097541809, 0.9398958683013916, 0.8791267275810242, 0.9999996423721313, 0.9999967813491821
13, 15, 2, 3, 6, 7, 9, 16, 5, 4, 19, 14, 17, 18, 20, 12, 11, 8, 1, 10
0.517124593257904, 0.8879135847091675, 0.6746597290039062, 0.8560305237770081, 0.6483199596405029, 0.8619550466537476, 0.5063118934631348, 0.3273110091686249, 0.42829880118370056, 0.5069230198860168, 0.6133843660354614, 0.39367836713790894, 0.6290125250816345, 0.6876419186592102, 0.5171651840209961, 0.563805341720581, 0.37952110171318054, 0.5060913562774658, 0.449124813079834, 0.4763745367527008, 0.4456256926059723, 0.5025277137756348, 0.9999990463256836, 0.8687902092933655, 0.5922660827636719, 0.6825568079948425, 0.489514023065567, 0.6688581705093384, 0.9999843835830688, 0.999998927116394, 0.9999985694885254
14, 1, 18, 13, 17, 5, 19, 7, 10, 2, 11, 16, 3, 15, 4, 6, 9, 20, 8, 12
0.9950411915779114, 0.8505228161811829, 0.975381076335907, 0.8127580285072327, 0.6067823767662048, 0.885351300239563, 0.7430732250213623, 0.8366312384605408, 0.9334043860435486, 0.4550657272338867, 0.6596659421920776, 0.8951389193534851, 0.651940643787384, 0.6451270580291748, 0.6635568141937256, 0.45041289925575256, 0.5562827587127686, 0.47431525588035583, 0.7322738766670227, 0.8325316309928894, 0.44479531049728394, 0.6665786504745483, 0.9822753667831421, 0.4822461009025574, 0.5090610384941101, 0.41149404644966125, 0.45569735765457153, 0.9999985694885254, 0.5964272022247314, 1.0, 0.9999990463256836
14, 13, 6, 12, 10, 5, 11, 1, 2, 15, 16, 7, 18, 19, 20, 3, 4, 8, 9, 17
0.5339228510856628, 0.5494728684425354, 0.8041307926177979, 0.9706036448478699, 0.7532397508621216, 0.662956714630127, 0.7660174369812012, 0.4735892713069916, 0.431612491607666, 0.6387802958488464, 0.706078290939331, 0.610116720199585, 0.4890801012516022, 0.597724974155426, 0.4607924818992615, 0.6428424119949341, 0.6495000123977661, 0.9140195250511169, 0.4784253239631653, 0.482328325510025, 0.6125045418739319, 0.6552796959877014, 0.986191987991333, 0.3934599459171295, 0.9999974966049194, 0.4528990387916565, 0.8649253845214844, 0.4981159269809723, 0.9997416138648987, 1.0, 0.9999988079071045
3, 6, 14, 11, 1, 7, 2, 20, 18, 15, 8, 19, 5, 13, 4, 16, 12, 10, 9, 17
0.968666136264801, 0.4094943404197693, 0.9676541090011597, 0.7727023959159851, 0.8076909780502319, 0.8663603067398071, 0.4597721993923187, 0.5836218595504761, 0.9323915243148804, 0.3365921080112457, 0.9999995231628418, 0.43184131383895874, 0.4154672622680664, 0.3865746855735779, 0.26403307914733887, 0.44940778613090515, 0.6652539372444153, 0.5179123282432556, 0.5075973868370056, 0.7130141258239746, 0.7584892511367798, 0.47606316208839417, 0.6992055177688599, 0.41854071617126465, 0.805616021156311, 0.455178439617157, 0.731051504611969, 0.5926361680030823, 0.6584067344665527, 0.9999997615814209, 0.9999953508377075
12, 3, 4, 11, 2, 9, 1, 10, 17, 8, 18, 16, 14, 19, 20, 6, 15, 5, 7, 13
0.5042144060134888, 0.8543660640716553, 0.3216986060142517, 0.7373558878898621, 0.7833880186080933, 0.9933570027351379, 0.5015425086021423, 0.4969014525413513, 0.7390362024307251, 0.5327903032302856, 0.7656838297843933, 0.5587586164474487, 0.8510826826095581, 0.7942109107971191, 0.7135844826698303, 0.6849007606506348, 0.5884762406349182, 0.4461788237094879, 0.8390549421310425, 0.9311975836753845, 0.471994549036026, 0.8596720099449158, 0.801075279712677, 0.9999996423721313, 0.49063825607299805, 0.559711754322052, 0.8196151852607727, 0.8760892748832703, 0.6001753211021423, 0.9999998807907104, 0.9999995231628418
17, 19, 14, 12, 11, 15, 16, 1, 2, 3, 5, 20, 10, 4, 18, 7, 8, 6, 9, 13
0.9969615340232849, 0.9862246513366699, 0.929665207862854, 0.5463523864746094, 0.7483015656471252, 0.5472002029418945, 0.8687329888343811, 0.7304677963256836, 0.8441903591156006, 0.5086007714271545, 0.9008455276489258, 0.3853748142719269, 0.7830725312232971, 0.4311144948005676, 0.6973559260368347, 0.32673534750938416, 0.8348529934883118, 0.3871665298938751, 0.792247474193573, 0.9999991655349731, 0.46615761518478394, 0.6628499031066895, 0.40158846974372864, 0.43758752942085266, 0.9762717485427856, 0.6126851439476013, 0.5431472659111023, 0.6247577667236328, 0.709013819694519, 1.0, 0.9999997615814209
12, 2, 6, 3, 7, 19, 13, 14, 16, 17, 1, 9, 15, 10, 11, 18, 4, 5, 8, 20
0.9757999777793884, 0.999870777130127, 0.6115036606788635, 0.9364880919456482, 0.6207617521286011, 0.9925814867019653, 0.9728323817253113, 0.40626636147499084, 0.9811197519302368, 0.5180020928382874, 0.8580268025398254, 0.4420524835586548, 0.647488534450531, 0.47667962312698364, 0.8320921659469604, 0.49110057950019836, 0.6372809410095215, 0.6172125339508057, 0.9671354293823242, 0.755551278591156, 0.7980250716209412, 0.5908303260803223, 0.9978736639022827, 0.9995212554931641, 0.4702121317386627, 0.9999842643737793, 0.4765453636646271, 0.9997681975364685, 0.9252257943153381, 0.9999996423721313, 0.9999998807907104
1, 2, 3, 7, 8, 10, 16, 11, 5, 9, 12, 15, 17, 19, 4, 6, 13, 14, 18, 20
0.6936251521110535, 0.9957648515701294, 0.9998886585235596, 0.6576974391937256, 0.999419093132019, 0.7959522604942322, 0.8473495244979858, 0.9928567409515381, 0.986193835735321, 0.4072295129299164, 0.32203003764152527, 0.7777571082115173, 0.9637752175331116, 0.994053065776825, 0.888207197189331, 0.9990192651748657, 0.9395751953125, 0.9792593717575073, 0.6126441955566406, 0.8732564449310303, 0.8675012588500977, 0.9439268708229065, 0.8496633172035217, 0.982554018497467, 0.6348268985748291, 0.9999997615814209, 0.9995757937431335, 0.9994207620620728, 0.9999997615814209, 1.0, 1.0
1, 2, 3, 4, 5, 6, 7, 8, 9, 10, 11, 12, 13, 14, 15, 16, 17, 18, 19, 20
0.34748291969299316, 0.7840549945831299, 0.9977490305900574, 0.5554719567298889, 0.996850311756134, 0.9944913387298584, 0.9996618032455444, 0.9979764819145203, 0.9539598822593689, 0.9999985694885254, 0.9937240481376648, 0.9999998807907104, 0.999636173248291, 0.9999994039535522, 0.9997312426567078, 0.9999998807907104, 0.9999985694885254, 0.999998927116394, 0.9999539852142334, 0.9999972581863403, 0.9999935626983643, 0.9999992847442627, 0.9999918937683105, 0.9999991655349731, 0.9999891519546509, 0.999998927116394, 0.9999986886978149, 0.9999977350234985, 0.9999980926513672, 0.9999998807907104, 0.9999980926513672
1, 2, 6, 7, 9, 10, 11, 13, 14, 17, 18, 19, 3, 5, 12, 15, 16, 4, 8, 20
0.8472803831100464, 0.9977329969406128, 0.5865704417228699, 0.7100633382797241, 0.9909380674362183, 0.9997610449790955, 0.8073298335075378, 0.9993991851806641, 0.6917303800582886, 0.999860405921936, 0.9724694490432739, 0.9987316727638245, 0.8513862490653992, 0.9997615218162537, 0.7405951023101807, 0.9988767504692078, 0.9931888580322266, 0.7941010594367981, 0.9815759658813477, 0.6748989820480347, 0.6566159129142761, 0.7111952900886536, 0.9162890315055847, 0.9415299296379089, 0.9136735796928406, 0.7213969230651855, 0.999997615814209, 0.9979647397994995, 0.9966220855712891, 0.9999997615814209, 0.9999997615814209
15, 1, 2, 3, 4, 8, 12, 6, 16, 17, 13, 18, 5, 11, 7, 14, 19, 9, 10, 20
0.8609471321105957, 0.9020809531211853, 0.6098604202270508, 0.853945255279541, 0.9856589436531067, 0.872930109500885, 0.5633049011230469, 0.827465832233429, 0.8994863629341125, 0.6480372548103333, 0.8695960640907288, 0.4203261435031891, 0.9696932435035706, 0.9942926168441772, 0.6847136616706848, 0.6878243684768677, 0.823246955871582, 0.5840274691581726, 0.5262202024459839, 0.7140673398971558, 0.3470597565174103, 0.9684820771217346, 0.4997189939022064, 0.3957579433917999, 0.6570039391517639, 0.979339063167572, 0.4311453104019165, 0.7520105242729187, 0.9999991655349731, 0.9999998807907104, 1.0
1, 2, 3, 4, 7, 8, 9, 11, 13, 15, 16, 19, 6, 5, 10, 12, 14, 17, 18, 20
0.8894091248512268, 0.688833475112915, 0.9998511075973511, 0.7226212024688721, 0.28223395347595215, 0.9428030252456665, 0.8197542428970337, 0.9998493194580078, 0.9516664743423462, 0.9999152421951294, 0.9489790201187134, 0.9984877109527588, 0.9277862310409546, 0.9740768671035767, 0.9523536562919617, 0.5301119685173035, 0.6540876626968384, 0.5568942427635193, 0.6994584798812866, 0.962658166885376, 0.4079723060131073, 0.9888400435447693, 0.7651537656784058, 0.9993211030960083, 0.79217529296875, 0.9999440908432007, 0.9988656044006348, 0.9999803304672241, 0.9999997615814209, 0.9999995231628418, 0.9999994039535522
6, 5, 1, 16, 15, 19, 18, 13, 12, 11, 4, 7, 9, 8, 10, 14, 3, 2, 17, 20
0.8706765174865723, 0.5594063401222229, 0.9979825019836426, 0.65241539478302, 0.7366701364517212, 0.9941243529319763, 0.9923412799835205, 0.6929240226745605, 0.761983335018158, 0.455478310585022, 0.5084019303321838, 0.4938119053840637, 0.7041146159172058, 0.44214412569999695, 0.8863422274589539, 0.42623212933540344, 0.8832399845123291, 0.22314530611038208, 0.39688611030578613, 0.29025283455848694, 0.6780200600624084, 0.48090335726737976, 0.502417802810669, 0.6633375287055969, 0.7185577154159546, 0.3986796438694, 0.5926399230957031, 0.5964301228523254, 0.9999493360519409, 1.0, 1.0
20, 8, 13, 14, 1, 2, 3, 7, 10, 11, 15, 16, 17, 4, 5, 6, 9, 12, 18, 19
0.7897398471832275, 0.6584049463272095, 0.563040018081665, 0.6029052138328552, 0.5043771266937256, 0.9389170408248901, 0.8487452864646912, 0.5515952110290527, 0.7087234854698181, 0.519464373588562, 0.38889506459236145, 0.9655457139015198, 0.991828441619873, 0.8059203624725342, 0.42732205986976624, 0.9491251111030579, 0.40190616250038147, 0.8860182166099548, 0.7228181958198547, 0.9274929761886597, 0.994309663772583, 0.4725809097290039, 0.8107948899269104, 0.970014750957489, 0.9838468432426453, 0.9999997615814209, 0.9622408747673035, 0.9999997615814209, 0.9938040971755981, 1.0, 1.0
19, 18, 1, 16, 12, 9, 17, 2, 11, 5, 20, 14, 8, 6, 10, 15, 4, 7, 3, 13
0.999782383441925, 0.9378264546394348, 0.9976937174797058, 0.936111330986023, 0.9910019040107727, 0.9835845232009888, 0.5485752820968628, 0.749950647354126, 0.9693921804428101, 0.5730152726173401, 0.9429798126220703, 0.577541172504425, 0.5625404119491577, 0.5364446640014648, 0.3604145050048828, 0.42514538764953613, 0.5992041826248169, 0.9999996423721313, 0.2852421700954437, 0.7057507038116455, 0.35809940099716187, 0.2983437776565552, 0.5009133219718933, 0.5186709761619568, 0.6458877325057983, 0.96427321434021, 0.4809217154979706, 0.4196416139602661, 0.9252215623855591, 0.9999998807907104, 0.9999996423721313
20, 9, 10, 11, 14, 17, 19, 12, 13, 18, 5, 4, 2, 15, 3, 6, 1, 8, 7, 16
0.9187881350517273, 0.9992877840995789, 0.30395543575286865, 0.982755720615387, 0.9646890759468079, 0.7785941958427429, 0.5218720436096191, 0.8716126084327698, 0.9046811461448669, 0.5308589935302734, 0.31377536058425903, 0.6147867441177368, 0.34717458486557007, 0.44861865043640137, 0.31579893827438354, 0.9500491619110107, 0.9786384701728821, 0.2655440866947174, 0.3435133993625641, 0.334587037563324, 0.6693572402000427, 0.3956221044063568, 0.5689279437065125, 0.41069671511650085, 0.3289901912212372, 0.5880959033966064, 0.5837650299072266, 0.43120744824409485, 0.5234116315841675, 1.0, 0.999997615814209
