1, 2, 3, 5, 6, 9, 11, 12, 13, 14, 16, 17, 18, 7, 8, 15, 19, 4, 10, 20
0.9974128603935242, 0.982207715511322, 0.9988335967063904, 0.9685570001602173, 0.9872292280197144, 0.7194232940673828, 0.8397157192230225, 0.9025262594223022, 0.99626225233078, 0.998918890953064, 0.8835444450378418, 0.4832962155342102, 0.9896079897880554, 0.5825456380844116, 0.9710538387298584, 0.4551827907562256, 0.879022479057312, 0.9660236239433289, 0.6699582934379578, 0.568077802658081, 0.36727678775787354, 0.375942587852478, 0.9184772372245789, 0.8426210880279541, 0.629734456539154, 0.999798595905304, 0.9128209352493286, 0.7799745202064514, 0.9999865293502808, 0.9136728048324585, 0.9999998807907104
17, 1, 13, 16, 7, 3, 11, 2, 9, 12, 5, 18, 6, 15, 4, 19, 14, 8, 10, 20
0.9966778755187988, 0.5652583837509155, 0.7046182155609131, 0.3716782033443451, 0.6749595403671265, 0.44599449634552, 0.8887008428573608, 0.4586019217967987, 0.2316007763147354, 0.43802201747894287, 0.8537085652351379, 0.3095797002315521, 0.5644378662109375, 0.710216760635376, 0.9170368313789368, 0.4421561658382416, 0.5193144083023071, 0.48184511065483093, 0.509865939617157, 0.7906012535095215, 0.5755980014801025, 0.4277484714984894, 0.9329882860183716, 0.8355372548103333, 0.8196594715118408, 0.8823800683021545, 0.5513416528701782, 0.8596490025520325, 0.9999868869781494, 0.9632167220115662, 0.9999995231628418
1, 2, 3, 4, 5, 6, 7, 8, 9, 10, 11, 12, 13, 14, 15, 16, 17, 18, 19, 20
0.8927456736564636, 0.8932268023490906, 0.8120872378349304, 0.9991270899772644, 0.9998874664306641, 0.891734778881073, 0.8477070331573486, 0.9998494386672974, 0.9990298748016357, 0.9999997615814209, 0.9997954964637756, 1.0, 0.9999743700027466, 1.0, 0.999485969543457, 1.0, 0.9999969005584717, 1.0, 0.999988317489624, 1.0, 0.9999998807907104, 1.0, 0.9999996423721313, 1.0, 0.9999998807907104, 1.0, 0.9999991655349731, 1.0, 0.9999997615814209, 0.999950647354126, 0.9999995231628418
1, 2, 3, 5, 7, 10, 12, 13, 14, 15, 16, 18, 19, 4, 6, 8, 9, 11, 17, 20
0.7430614829063416, 0.8828131556510925, 0.8424916863441467, 0.7657124400138855, 0.6785471439361572, 0.48900917172431946, 0.6942259669303894, 0.9995354413986206, 0.48357486724853516, 0.9997555613517761, 0.9944151639938354, 0.9992015957832336, 0.956416666507721, 0.9858004450798035, 0.9736595749855042, 0.9999817609786987, 0.9986838698387146, 0.9801361560821533, 0.5845346450805664, 0.4918215572834015, 0.9946059584617615, 0.8652268648147583, 0.9976531863212585, 0.9482664465904236, 0.9961748123168945, 0.9999972581863403, 0.9998311996459961, 0.9999008178710938, 0.9999995231628418, 0.8354818820953369, 0.9999995231628418
1, 2, 3, 5, 6, 7, 8, 9, 11, 12, 13, 14, 15, 16, 17, 18, 19, 20, 4, 10
0.9995275735855103, 0.9998067021369934, 0.9803560972213745, 0.869448184967041, 0.9957785606384277, 0.8792895674705505, 0.9890292882919312, 0.9557961225509644, 0.999984860420227, 0.5892256498336792, 0.9999936819076538, 0.9309409856796265, 0.9999814033508301, 0.766638457775116, 0.9999868869781494, 0.87369704246521, 0.999994158744812, 0.9740808606147766, 0.9999551773071289, 0.9855174422264099, 0.9996291399002075, 0.8030769228935242, 0.9999263286590576, 0.9999676942825317, 0.9430965185165405, 0.9995260238647461, 0.6682024002075195, 0.9999994039535522, 0.9921837449073792, 0.9999901056289673, 0.9999891519546509
1, 2, 3, 4, 5, 6, 7, 8, 9, 10, 11, 12, 13, 14, 15, 16, 17, 18, 19, 20
0.9890177249908447, 0.9998000264167786, 0.47078001499176025, 0.8573006391525269, 0.999988317489624, 0.8498992323875427, 0.8260583877563477, 0.9996339082717896, 0.9953138828277588, 0.9999997615814209, 0.9999531507492065, 1.0, 0.9999778270721436, 1.0, 0.9999685287475586, 1.0, 0.9999983310699463, 0.9999998807907104, 0.9993419051170349, 1.0, 0.9999998807907104, 1.0, 0.9999997615814209, 1.0, 0.9999985694885254, 0.9999998807907104, 0.9999996423721313, 0.9999992847442627, 0.9999996423721313, 0.9998693466186523, 0.9999991655349731
1, 2, 5, 11, 10, 12, 15, 16, 20, 3, 4, 7, 8, 9, 13, 14, 17, 18, 6, 19
0.5623993277549744, 0.9841083884239197, 0.4357473850250244, 0.6684737205505371, 0.5768778324127197, 0.9607934355735779, 0.7497097849845886, 0.7244377136230469, 0.8834946155548096, 0.9226180911064148, 0.9912779331207275, 0.3815065622329712, 0.9796386957168579, 0.5960885286331177, 0.9999932050704956, 0.7585130929946899, 0.9279859662055969, 0.8757472038269043, 0.9804332256317139, 0.6269306540489197, 0.9739689826965332, 0.9922940731048584, 0.9999964237213135, 0.9980317950248718, 0.914899468421936, 0.9946931004524231, 0.985042154788971, 0.9999905824661255, 0.7577932476997375, 0.9999955892562866, 0.9999964237213135
4, 2, 1, 3, 5, 6, 7, 8, 11, 12, 13, 14, 15, 17, 18, 19, 20, 9, 10, 16
0.7474437952041626, 0.47854310274124146, 0.34884360432624817, 0.4994022846221924, 0.8144662380218506, 0.9283312559127808, 0.9905104041099548, 0.8926224708557129, 0.5544602870941162, 0.8552743792533875, 0.9970937967300415, 0.7143045663833618, 0.9999592304229736, 0.9861921668052673, 0.9964566826820374, 0.9987586736679077, 0.9620875716209412, 0.9957303404808044, 0.9876357913017273, 0.5967515110969543, 0.983391523361206, 0.9822062253952026, 0.7658389806747437, 0.975006639957428, 0.6742980480194092, 0.9999986886978149, 0.9931949377059937, 0.9999986886978149, 0.9997726082801819, 0.9999998807907104, 0.9999967813491821
1, 2, 3, 4, 5, 6, 7, 8, 9, 10, 11, 12, 13, 14, 15, 16, 17, 18, 19, 20
0.9552192091941833, 0.9991031885147095, 0.9977588653564453, 0.9916016459465027, 0.9987727999687195, 0.938366174697876, 0.9738402366638184, 0.9858549237251282, 0.9998242259025574, 0.9999995231628418, 0.9981033802032471, 0.9999998807907104, 0.9995049238204956, 0.9999997615814209, 0.9984446167945862, 1.0, 0.9998736381530762, 0.9999996423721313, 0.9925730228424072, 0.9999997615814209, 0.9999796152114868, 0.9999998807907104, 0.9986088871955872, 1.0, 0.9999991655349731, 0.9999998807907104, 0.9999969005584717, 0.9999997615814209, 0.9999996423721313, 0.9998347759246826, 0.999998927116394
1, 2, 3, 5, 6, 14, 11, 13, 16, 17, 19, 4, 7, 8, 9, 10, 12, 15, 18, 20
0.9760736227035522, 0.9913762211799622, 0.9942805767059326, 0.97686767578125, 0.9998781681060791, 0.8400480151176453, 0.9129741191864014, 0.926171064376831, 0.6211206912994385, 0.8395498394966125, 0.4464891254901886, 0.7664637565612793, 0.7950968146324158, 0.9420034885406494, 0.9912029504776001, 0.2961134612560272, 0.5310945510864258, 0.5273764729499817, 0.9846121668815613, 0.998884379863739, 0.9597513675689697, 0.9999995231628418, 0.9525304436683655, 0.9999997615814209, 0.9827741384506226, 0.9999997615814209, 0.998188316822052, 0.9999945163726807, 0.9999990463256836, 0.9962866306304932, 0.9999998807907104
1, 2, 3, 4, 5, 6, 7, 8, 9, 10, 11, 12, 13, 14, 15, 16, 17, 18, 19, 20
0.9991707801818848, 0.9702695608139038, 0.9533947706222534, 0.9562340378761292, 0.9645951986312866, 0.9995421171188354, 0.8416327238082886, 0.9997473359107971, 0.9990881681442261, 0.9999998807907104, 0.9891457557678223, 1.0, 0.999970555305481, 1.0, 0.9999126195907593, 1.0, 0.9999994039535522, 1.0, 0.9984843134880066, 1.0, 0.999997615814209, 1.0, 0.9999997615814209, 1.0, 0.9999872446060181, 0.9999998807907104, 0.9999996423721313, 0.9999990463256836, 0.9999992847442627, 0.9998308420181274, 0.9999990463256836
15, 16, 8, 11, 13, 1, 2, 7, 6, 12, 3, 4, 5, 14, 17, 18, 20, 9, 10, 19
0.8201072216033936, 0.6444551348686218, 0.9943351149559021, 0.9548041820526123, 0.8262612223625183, 0.9650618433952332, 0.753879725933075, 0.6653160452842712, 0.7314638495445251, 0.6836767792701721, 0.9998241066932678, 0.4887964427471161, 0.8159022927284241, 0.5916624665260315, 0.8482670783996582, 0.38871264457702637, 0.7543447017669678, 0.7770038843154907, 0.9735244512557983, 0.4468504786491394, 0.8731953501701355, 0.6809829473495483, 0.9102429747581482, 0.9854553937911987, 0.3865119516849518, 0.9999994039535522, 0.661910355091095, 0.9999980926513672, 0.8266587257385254, 0.9999997615814209, 0.999969482421875
3, 4, 14, 11, 12, 15, 17, 1, 2, 5, 6, 7, 8, 9, 10, 13, 16, 18, 19, 20
0.9390619993209839, 0.905771017074585, 0.895946204662323, 0.8484154939651489, 0.6838840842247009, 0.31986454129219055, 0.7168740630149841, 0.571455717086792, 0.3866107761859894, 0.5548719763755798, 0.4559120833873749, 0.5779662728309631, 0.4193705916404724, 0.7036875486373901, 0.9915129542350769, 0.9838584065437317, 0.994175374507904, 0.9974426031112671, 0.997154712677002, 0.9999995231628418, 0.9971222281455994, 0.9999997615814209, 0.9949100613594055, 0.9999997615814209, 0.9921777844429016, 0.9999998807907104, 0.9998378753662109, 0.9999991655349731, 0.9999990463256836, 0.9736385941505432, 0.9999998807907104
1, 2, 3, 4, 5, 6, 7, 8, 9, 10, 11, 12, 13, 14, 15, 16, 17, 18, 19, 20
0.9954133629798889, 0.9840196371078491, 0.9980838298797607, 0.7153037786483765, 0.9903477430343628, 0.7044337391853333, 0.9996739625930786, 0.9998340606689453, 0.9648516178131104, 0.9999998807907104, 0.9993120431900024, 1.0, 0.9998536109924316, 1.0, 0.9999948740005493, 1.0, 0.9999707937240601, 0.9999997615814209, 0.9999616146087646, 0.9999996423721313, 0.999997615814209, 0.999937891960144, 0.9930673837661743, 1.0, 0.9999994039535522, 0.9999998807907104, 0.9999994039535522, 0.9999995231628418, 0.9999994039535522, 0.9999287128448486, 0.9999995231628418
1, 2, 3, 4, 5, 6, 7, 8, 9, 10, 11, 12, 13, 14, 15, 16, 17, 18, 19, 20
0.9919107556343079, 0.9975825548171997, 0.9997122883796692, 0.9988127946853638, 0.9997022747993469, 0.9989979863166809, 0.998491644859314, 0.9993504881858826, 0.9999294281005859, 1.0, 0.9998428821563721, 1.0, 0.9999809265136719, 1.0, 0.9999891519546509, 1.0, 0.9999997615814209, 1.0, 0.9997802376747131, 1.0, 0.9999992847442627, 1.0, 0.9999997615814209, 1.0, 0.9999994039535522, 0.9999998807907104, 0.9999978542327881, 0.9999990463256836, 0.9999997615814209, 0.9999524354934692, 0.9999992847442627
16, 17, 15, 1, 2, 5, 8, 12, 7, 3, 6, 13, 14, 18, 19, 4, 9, 10, 11, 20
0.999599277973175, 0.8692507743835449, 0.9988328814506531, 0.9081292748451233, 0.9268356561660767, 0.5570019483566284, 0.8774271607398987, 0.9996916055679321, 0.46514663100242615, 0.659247100353241, 0.8286019563674927, 0.8898047208786011, 0.623687744140625, 0.47317028045654297, 0.8217666745185852, 0.910648763179779, 0.6231671571731567, 0.9209229350090027, 0.9389411211013794, 0.7786036729812622, 0.6391479969024658, 0.7726542353630066, 0.9432121515274048, 0.6516385078430176, 0.7565330862998962, 0.9999938011169434, 0.9995015859603882, 0.9923039078712463, 0.9999992847442627, 0.9207878112792969, 0.9999997615814209
18, 15, 12, 11, 7, 5, 4, 2, 3, 6, 8, 9, 13, 14, 1, 16, 19, 10, 17, 20
0.9080435633659363, 0.9485841989517212, 0.7932145595550537, 0.751868486404419, 0.7262223958969116, 0.5527700185775757, 0.6083920001983643, 0.6045945286750793, 0.5802625417709351, 0.3497852683067322, 0.97298264503479, 0.4096246361732483, 0.9301711320877075, 0.40305295586586, 0.8356611132621765, 0.8791182637214661, 0.9999775886535645, 0.8473199605941772, 0.999995231628418, 0.9983408451080322, 0.9985212683677673, 0.9648531675338745, 0.41646838188171387, 0.9967768788337708, 0.6890506148338318, 0.6992457509040833, 0.9652889370918274, 0.611378014087677, 0.9999816417694092, 0.9496635794639587, 0.9999994039535522
1, 2, 3, 4, 5, 6, 7, 8, 9, 10, 11, 12, 13, 14, 15, 16, 17, 18, 19, 20
0.9847788214683533, 0.9805102944374084, 0.9978698492050171, 0.9652740359306335, 0.9998518228530884, 0.9995386600494385, 0.9993665814399719, 0.977655291557312, 0.9992891550064087, 0.9999998807907104, 0.9353237152099609, 1.0, 0.9999895095825195, 1.0, 0.9997817873954773, 0.9999996423721313, 0.9991563558578491, 0.9999998807907104, 0.9999407529830933, 0.9999997615814209, 0.9998942613601685, 1.0, 0.9999996423721313, 1.0, 0.9999974966049194, 0.9999998807907104, 0.9999591112136841, 0.9999997615814209, 0.9999998807907104, 0.9998089671134949, 0.999998927116394
1, 2, 3, 4, 5, 6, 7, 8, 9, 10, 11, 12, 13, 14, 15, 16, 17, 18, 19, 20
0.9953404664993286, 0.9998185038566589, 0.4887559413909912, 0.9150134325027466, 0.9959118366241455, 0.9946012496948242, 0.9352697134017944, 0.9914024472236633, 0.9952436089515686, 0.9999998807907104, 0.9993964433670044, 1.0, 0.9999964237213135, 1.0, 0.9999880790710449, 0.9999997615814209, 0.9998024106025696, 0.9999998807907104, 0.9988226294517517, 1.0, 0.9999992847442627, 1.0, 0.9999982118606567, 1.0, 0.9999995231628418, 1.0, 0.9999996423721313, 0.9999994039535522, 0.9999996423721313, 0.9999291896820068, 0.999998927116394
1, 2, 3, 4, 5, 6, 7, 8, 9, 10, 11, 12, 13, 14, 15, 16, 17, 18, 19, 20
0.962242841720581, 0.9980059266090393, 0.9991099238395691, 0.9996850490570068, 0.7246031761169434, 0.9997935891151428, 0.93445885181427, 0.9857127666473389, 0.9999983310699463, 0.9999996423721313, 0.9865522980690002, 1.0, 0.9999969005584717, 1.0, 0.9999947547912598, 1.0, 0.9999994039535522, 0.9999998807907104, 0.9999884366989136, 1.0, 0.999998927116394, 1.0, 0.9999997615814209, 1.0, 0.9999994039535522, 1.0, 0.9999994039535522, 0.9999996423721313, 0.9999995231628418, 0.9999436140060425, 0.999998927116394
1, 2, 3, 5, 6, 8, 9, 10, 12, 14, 16, 11, 15, 17, 18, 4, 7, 13, 19, 20
0.9750262498855591, 0.9942428469657898, 0.9990591406822205, 0.5030304193496704, 0.9962939620018005, 0.5520671010017395, 0.9994051456451416, 0.9988552331924438, 0.6635488867759705, 0.9992928504943848, 0.5438889861106873, 0.9988738894462585, 0.9243452548980713, 0.999504566192627, 0.5402304530143738, 0.9977565407752991, 0.6714670658111572, 0.9286715984344482, 0.9125418066978455, 0.8168681859970093, 0.9715864062309265, 0.607804536819458, 0.9940693378448486, 0.8346256613731384, 0.9884768724441528, 0.9997021555900574, 0.7461273074150085, 0.9987329840660095, 0.9999958276748657, 0.9915264248847961, 0.9999991655349731
1, 2, 3, 7, 8, 9, 10, 11, 13, 14, 15, 16, 17, 18, 19, 5, 6, 12, 4, 20
0.999629020690918, 0.9993385672569275, 0.9997594952583313, 0.7231351137161255, 0.538557767868042, 0.9871237277984619, 0.9923009872436523, 0.49889886379241943, 0.9994331002235413, 0.8381322026252747, 0.9999339580535889, 0.6738851070404053, 0.9975415468215942, 0.834199070930481, 0.999962329864502, 0.7774273157119751, 0.9999963045120239, 0.9840695261955261, 0.9999024868011475, 0.9866756796836853, 0.999550998210907, 0.9840064644813538, 0.9845581650733948, 0.999963641166687, 0.5753244757652283, 0.9998090863227844, 0.6913720965385437, 0.9851809740066528, 0.9548684358596802, 0.5039024353027344, 0.9999992847442627
1, 6, 7, 9, 10, 13, 14, 16, 19, 2, 3, 4, 5, 8, 11, 12, 15, 17, 18, 20
0.9629353880882263, 0.6773108243942261, 0.877636730670929, 0.561425507068634, 0.9809325933456421, 0.7624544501304626, 0.9942262768745422, 0.8411192893981934, 0.9718780517578125, 0.42102760076522827, 0.9703868627548218, 0.6172340512275696, 0.6203855872154236, 0.6595693230628967, 0.6300496459007263, 0.9809572696685791, 0.9997032284736633, 0.9990531802177429, 0.9845685958862305, 0.9999997615814209, 0.9998266100883484, 1.0, 0.9996366500854492, 1.0, 0.9999638795852661, 0.9999904632568359, 0.9999781847000122, 0.9999996423721313, 0.9999998807907104, 0.5195142030715942, 0.47067922353744507
1, 2, 3, 4, 5, 6, 7, 8, 9, 10, 11, 12, 13, 14, 15, 16, 17, 18, 19, 20
0.9966559410095215, 0.9991507530212402, 0.9934171438217163, 0.9987998008728027, 0.9999798536300659, 0.7606621384620667, 0.9987936019897461, 0.8916909694671631, 0.9999760389328003, 0.9999997615814209, 0.9999631643295288, 1.0, 0.9999086856842041, 1.0, 0.9999874830245972, 1.0, 0.9999990463256836, 1.0, 0.9997987151145935, 1.0, 0.9999998807907104, 1.0, 0.999998927116394, 1.0, 0.9999997615814209, 1.0, 0.9999992847442627, 0.9999994039535522, 0.9999994039535522, 0.9999303817749023, 0.9999988079071045
1, 2, 3, 4, 5, 6, 7, 8, 9, 10, 11, 12, 13, 14, 15, 16, 17, 18, 19, 20
0.9894960522651672, 0.9150241017341614, 0.9998012185096741, 0.7247092127799988, 0.9956596493721008, 0.9986165761947632, 0.9996863603591919, 0.9977478384971619, 0.9999231100082397, 0.9999998807907104, 0.9999755620956421, 1.0, 0.9997778534889221, 1.0, 0.9999812841415405, 1.0, 0.999981164932251, 1.0, 0.9998538494110107, 1.0, 0.9999997615814209, 0.9999996423721313, 0.9999836683273315, 1.0, 0.9999507665634155, 0.9999998807907104, 0.9999996423721313, 0.9999977350234985, 0.9999997615814209, 0.9999465942382812, 0.9999992847442627
1, 3, 5, 6, 16, 10, 11, 14, 2, 7, 12, 13, 15, 18, 19, 4, 8, 9, 17, 20
0.9971439242362976, 0.4880146086215973, 0.7272629141807556, 0.5254793167114258, 0.914101779460907, 0.603331446647644, 0.7241842746734619, 0.3726917803287506, 0.8886004090309143, 0.35990819334983826, 0.9501519203186035, 0.5921065807342529, 0.3606031835079193, 0.7338865995407104, 0.6803961992263794, 0.9289888739585876, 0.9844203591346741, 0.46635186672210693, 0.9657303690910339, 0.5675203800201416, 0.967995822429657, 0.9293776154518127, 0.7290420532226562, 0.9887369275093079, 0.6854556202888489, 0.7259413003921509, 0.998854398727417, 0.987945556640625, 0.9999972581863403, 0.9925353527069092, 0.9999995231628418
1, 2, 3, 4, 5, 6, 7, 8, 9, 10, 11, 12, 13, 14, 15, 16, 17, 18, 19, 20
0.5863338112831116, 0.6135935187339783, 0.9995236396789551, 0.9389665722846985, 0.9978737831115723, 0.9933122992515564, 0.9711291790008545, 0.9983737468719482, 0.9953174591064453, 0.9999998807907104, 0.9647468328475952, 1.0, 0.9999771118164062, 1.0, 0.999944806098938, 1.0, 0.9999946355819702, 0.9999998807907104, 0.9999591112136841, 0.9999997615814209, 0.9999948740005493, 1.0, 0.9999779462814331, 1.0, 0.9999866485595703, 0.9999998807907104, 0.9999991655349731, 0.9999958276748657, 0.9999986886978149, 0.9998059868812561, 0.9999978542327881
1, 2, 3, 4, 5, 11, 13, 14, 15, 16, 17, 18, 19, 20, 6, 7, 8, 9, 10, 12
0.8727306723594666, 0.9966153502464294, 0.997988224029541, 0.9956023693084717, 0.9452634453773499, 0.9288603067398071, 0.8856003880500793, 0.9978539347648621, 0.965343177318573, 0.9520820379257202, 0.6589082479476929, 0.9874665141105652, 0.6317412257194519, 0.9953410625457764, 0.4063807427883148, 0.9945857524871826, 0.6630943417549133, 0.9994848966598511, 0.9969272017478943, 0.871278703212738, 0.9178776741027832, 0.6630752682685852, 0.9999982118606567, 0.6980941295623779, 0.9992514252662659, 0.9999737739562988, 0.9999136924743652, 0.9999994039535522, 0.9990884065628052, 0.9999996423721313, 0.999992847442627
11, 14, 1, 2, 3, 4, 5, 6, 7, 8, 9, 10, 12, 13, 15, 16, 17, 18, 19, 20
0.9750605821609497, 0.47371283173561096, 0.9972270131111145, 0.9847234487533569, 0.8994049429893494, 0.9996069073677063, 0.4299788475036621, 0.7473119497299194, 0.8120701909065247, 0.8701070547103882, 0.974958598613739, 0.999319314956665, 0.9928774237632751, 0.9999996423721313, 0.9998884201049805, 0.9999994039535522, 0.9648207426071167, 0.9999996423721313, 0.9687798023223877, 0.999998927116394, 0.9988217949867249, 0.9999996423721313, 0.9918726086616516, 0.9999996423721313, 0.990439772605896, 0.9999997615814209, 0.9999995231628418, 0.9999958276748657, 0.999998927116394, 0.993089497089386, 0.9999992847442627
2, 5, 10, 11, 13, 15, 1, 4, 6, 8, 9, 12, 14, 16, 17, 18, 19, 3, 7, 20
0.960149347782135, 0.6379333138465881, 0.9754069447517395, 0.9526515007019043, 0.9115993976593018, 0.5431332588195801, 0.8444337248802185, 0.531968355178833, 0.9068750739097595, 0.6020240783691406, 0.7852134704589844, 0.5329472422599792, 0.6151973009109497, 0.7236775159835815, 0.9745277166366577, 0.999968409538269, 0.9249087572097778, 0.9999815225601196, 0.9911108016967773, 0.9985427856445312, 0.9879111051559448, 0.9989429116249084, 0.6369642019271851, 0.9999381303787231, 0.999968409538269, 0.9650171995162964, 0.999998927116394, 0.7918703556060791, 0.9982605576515198, 0.5156154036521912, 0.9999985694885254
1, 2, 3, 4, 5, 6, 7, 8, 9, 10, 11, 12, 13, 14, 15, 16, 17, 18, 19, 20
0.9812746644020081, 0.9989976286888123, 0.5342033505439758, 0.8915818333625793, 0.993851900100708, 0.9218809008598328, 0.999942421913147, 0.9980250597000122, 0.9999203681945801, 0.9999996423721313, 0.9992903470993042, 1.0, 0.9999470710754395, 0.9999998807907104, 0.9999711513519287, 1.0, 0.9999927282333374, 0.9999997615814209, 0.9999492168426514, 1.0, 0.9999995231628418, 0.9999998807907104, 0.9999974966049194, 1.0, 0.9999969005584717, 1.0, 0.9999996423721313, 0.9999985694885254, 0.9999994039535522, 0.9998424053192139, 0.9999990463256836
1, 2, 3, 4, 5, 6, 7, 8, 9, 10, 11, 12, 13, 14, 15, 16, 17, 18, 19, 20
0.9760695099830627, 0.9722825884819031, 0.9997557997703552, 0.6254722476005554, 0.9999808073043823, 0.999913215637207, 0.9809525609016418, 0.9995787739753723, 0.9990726709365845, 0.9999994039535522, 0.9999547004699707, 1.0, 0.9999939203262329, 0.9999998807907104, 0.9997591376304626, 1.0, 0.9999922513961792, 0.9999998807907104, 0.9984246492385864, 1.0, 0.9999998807907104, 1.0, 0.9999996423721313, 1.0, 0.9999996423721313, 1.0, 0.9999997615814209, 0.9999994039535522, 0.9999996423721313, 0.9999829530715942, 0.9999996423721313
1, 2, 3, 4, 5, 6, 7, 8, 11, 12, 13, 14, 15, 16, 17, 18, 9, 10, 19, 20
0.9478216171264648, 0.9994555115699768, 0.9540362358093262, 0.9992641806602478, 0.9974746108055115, 0.9948257207870483, 0.9923222661018372, 0.9668859839439392, 0.8539113998413086, 0.9996850490570068, 0.9999972581863403, 0.9957719445228577, 0.9999943971633911, 0.9956091046333313, 0.9999986886978149, 0.9170624613761902, 0.9999974966049194, 0.9979775547981262, 0.9999948740005493, 0.9251191020011902, 0.999998927116394, 0.9999604225158691, 0.9999895095825195, 0.9999465942382812, 0.6086013317108154, 0.9999910593032837, 0.9980034232139587, 0.9979485869407654, 0.9999899864196777, 0.9921790361404419, 0.9999979734420776
1, 2, 3, 4, 5, 6, 7, 8, 9, 10, 11, 12, 13, 14, 15, 16, 17, 18, 19, 20
0.9409363865852356, 0.6688591241836548, 0.999821126461029, 0.6432474255561829, 0.9990931749343872, 0.9990689158439636, 0.9931123852729797, 0.9994394183158875, 0.9969701766967773, 0.9999986886978149, 0.9974151849746704, 0.9999998807907104, 0.999809205532074, 0.9999998807907104, 0.9996354579925537, 1.0, 0.9999985694885254, 0.9999998807907104, 0.9999948740005493, 0.9999998807907104, 0.9999972581863403, 0.9999997615814209, 0.9999991655349731, 1.0, 0.999996542930603, 1.0, 0.9999995231628418, 0.9999994039535522, 0.9999997615814209, 0.9999580383300781, 0.999998927116394
1, 2, 3, 4, 5, 6, 7, 8, 9, 10, 11, 12, 13, 14, 15, 16, 17, 18, 19, 20
0.9960188269615173, 0.9331561326980591, 0.9742251038551331, 0.9845485687255859, 0.9999184608459473, 0.9985583424568176, 0.998664379119873, 0.9430392980575562, 0.9990589022636414, 0.9999995231628418, 0.6874397397041321, 0.9999997615814209, 0.9998435974121094, 0.9999997615814209, 0.9997562766075134, 1.0, 0.9999990463256836, 1.0, 0.999968409538269, 0.9999998807907104, 0.9999994039535522, 0.9999998807907104, 0.9999978542327881, 0.9999998807907104, 0.9999997615814209, 0.9999998807907104, 0.9999995231628418, 0.9999979734420776, 0.9999996423721313, 0.9999382495880127, 0.999998927116394
19, 1, 5, 7, 14, 13, 10, 2, 12, 11, 3, 9, 15, 17, 4, 16, 6, 18, 8, 20
0.9868919253349304, 0.5652608871459961, 0.7514500021934509, 0.8663275241851807, 0.5436880588531494, 0.9318282604217529, 0.8703111410140991, 0.7285669445991516, 0.9054777026176453, 0.3959524631500244, 0.4303320050239563, 0.4623754620552063, 0.5844812393188477, 0.8498729467391968, 0.6354530453681946, 0.9161471724510193, 0.5997599959373474, 0.6030898094177246, 0.8997945189476013, 0.7259091138839722, 0.9696033596992493, 0.8075796961784363, 0.5653995871543884, 0.5560192465782166, 0.7490584850311279, 0.4515743553638458, 0.5310952663421631, 0.9999871253967285, 0.8656376600265503, 0.7931022047996521, 0.9999995231628418
1, 2, 3, 4, 5, 6, 7, 8, 9, 10, 11, 12, 13, 14, 15, 16, 17, 18, 19, 20
0.9921596646308899, 0.980701744556427, 0.990416407585144, 0.9983148574829102, 0.9976611137390137, 0.9999063014984131, 0.9886055588722229, 0.9413148164749146, 0.9999610185623169, 1.0, 0.9947681427001953, 1.0, 0.9999947547912598, 1.0, 0.9999147653579712, 1.0, 0.999997615814209, 1.0, 0.9979469180107117, 1.0, 0.999998927116394, 0.9999998807907104, 0.999998927116394, 1.0, 0.9999971389770508, 1.0, 0.9999996423721313, 0.9999998807907104, 0.9999996423721313, 0.9994691014289856, 0.9999992847442627
1, 2, 3, 4, 7, 6, 14, 11, 13, 5, 15, 19, 10, 12, 18, 9, 17, 8, 16, 20
0.9934656023979187, 0.9971519708633423, 0.6790847778320312, 0.7313461303710938, 0.5634500980377197, 0.7282858490943909, 0.9742631912231445, 0.6655265688896179, 0.9245197772979736, 0.7649467587471008, 0.6050771474838257, 0.5630267262458801, 0.5168842077255249, 0.9292429685592651, 0.9744405746459961, 0.7454038262367249, 0.4135580360889435, 0.824351966381073, 0.5507869720458984, 0.9629133343696594, 0.6761987805366516, 0.9406468868255615, 0.66522216796875, 0.34701165556907654, 0.8776527047157288, 0.8688130378723145, 0.9284203052520752, 0.7718349695205688, 0.9999873638153076, 0.8333016037940979, 0.9999991655349731
1, 2, 3, 4, 5, 6, 7, 8, 9, 10, 11, 12, 13, 14, 15, 16, 17, 18, 19, 20
0.9958479404449463, 0.9096614122390747, 0.9994456171989441, 0.9998086094856262, 0.5714754462242126, 0.8865799903869629, 0.9994342923164368, 0.9714326858520508, 0.9908736944198608, 0.9999998807907104, 0.9572545289993286, 1.0, 0.9999451637268066, 0.9999996423721313, 0.9997316002845764, 0.9999908208847046, 0.9989842772483826, 0.9999994039535522, 0.9925190210342407, 1.0, 0.9999934434890747, 1.0, 0.9999926090240479, 1.0, 0.9999997615814209, 1.0, 0.9999994039535522, 0.9999995231628418, 0.9999994039535522, 0.9998593330383301, 0.999998927116394
1, 2, 3, 4, 5, 6, 7, 8, 9, 10, 11, 12, 13, 14, 15, 16, 17, 18, 19, 20
0.9829724431037903, 0.9968482851982117, 0.9998974800109863, 0.6401224136352539, 0.9998811483383179, 0.9969182014465332, 0.9998451471328735, 0.9991459846496582, 0.9995760321617126, 1.0, 0.9955989122390747, 1.0, 0.999996542930603, 1.0, 0.9999960660934448, 1.0, 0.9999977350234985, 0.9999998807907104, 0.9973226189613342, 1.0, 0.9999990463256836, 1.0, 0.9999943971633911, 1.0, 0.9999349117279053, 1.0, 0.9999998807907104, 0.9999980926513672, 0.9999997615814209, 0.9998952150344849, 0.9999992847442627
12, 2, 6, 1, 3, 7, 13, 14, 15, 16, 17, 18, 19, 4, 5, 8, 9, 10, 11, 20
0.4993402659893036, 0.9435133934020996, 0.7063701152801514, 0.8796682357788086, 0.4896910786628723, 0.5698161125183105, 0.8962185382843018, 0.625511646270752, 0.8498692512512207, 0.9303958415985107, 0.7922833561897278, 0.5095419883728027, 0.5998989343643188, 0.8687723875045776, 0.6320525407791138, 0.9967579245567322, 0.9609773755073547, 0.8525271415710449, 0.897505521774292, 0.9445958137512207, 0.977908194065094, 0.3353756070137024, 0.9999362230300903, 0.733715295791626, 0.9998835325241089, 0.9999864101409912, 0.998448371887207, 0.9999995231628418, 0.9999998807907104, 0.6893048882484436, 0.5698962807655334
1, 2, 3, 7, 8, 9, 10, 11, 12, 15, 16, 17, 19, 20, 4, 5, 6, 13, 14, 18
0.9581453800201416, 0.9963046312332153, 0.9997997879981995, 0.6323946714401245, 0.9990517497062683, 0.5054092407226562, 0.9986044764518738, 0.8921871185302734, 0.9984392523765564, 0.9495800137519836, 0.9976480603218079, 0.8746097683906555, 0.9999828338623047, 0.6989988684654236, 0.9995724558830261, 0.6401301026344299, 0.9917098879814148, 0.8608921766281128, 0.9564709663391113, 0.7277699708938599, 0.4492959976196289, 0.9999982118606567, 0.8037204742431641, 0.9995531439781189, 0.9999665021896362, 0.9999984502792358, 0.9985665678977966, 1.0, 0.9999406337738037, 1.0, 0.9999904632568359
1, 2, 3, 4, 5, 6, 7, 8, 9, 10, 11, 12, 13, 14, 15, 16, 17, 18, 19, 20
0.8297314047813416, 0.9763959050178528, 0.9600145220756531, 0.9518201351165771, 0.9997090697288513, 0.9989436268806458, 0.99988853931427, 0.9721843004226685, 0.9766632914543152, 0.9999996423721313, 0.9995006322860718, 0.9999997615814209, 0.9988528490066528, 0.9999994039535522, 0.9999147653579712, 1.0, 0.999998927116394, 0.9999996423721313, 0.9999938011169434, 0.9999998807907104, 0.9999998807907104, 0.9999998807907104, 0.9999995231628418, 0.9999998807907104, 0.9999986886978149, 0.9999998807907104, 0.9999997615814209, 0.9999990463256836, 0.9999996423721313, 0.9999496936798096, 0.9999995231628418
1, 2, 3, 4, 5, 6, 7, 8, 9, 10, 11, 12, 13, 14, 15, 16, 17, 18, 19, 20
0.9952045679092407, 0.9936056137084961, 0.8116883039474487, 0.5838361978530884, 0.838880181312561, 0.9994915723800659, 0.9997515082359314, 0.9988666772842407, 0.9999220371246338, 0.9999998807907104, 0.9993419051170349, 1.0, 0.9999746084213257, 1.0, 0.9998784065246582, 1.0, 0.9999980926513672, 0.9999998807907104, 0.9990654587745667, 0.9999998807907104, 0.9999990463256836, 1.0, 0.9999978542327881, 1.0, 0.9999938011169434, 1.0, 0.9999996423721313, 0.9999990463256836, 0.9999996423721313, 0.9998568296432495, 0.9999991655349731
1, 2, 3, 4, 5, 6, 7, 8, 9, 10, 11, 12, 13, 14, 15, 16, 17, 18, 19, 20
0.9914675951004028, 0.9998935461044312, 0.9968563318252563, 0.998706579208374, 0.7669073939323425, 0.999510645866394, 0.8723363876342773, 0.9999865293502808, 0.9751989841461182, 0.9999998807907104, 0.9999819993972778, 1.0, 0.9999285936355591, 1.0, 0.9999537467956543, 1.0, 0.9999735355377197, 1.0, 0.9994338154792786, 1.0, 0.9999995231628418, 1.0, 0.999998927116394, 1.0, 0.9999991655349731, 1.0, 0.9999994039535522, 0.9999995231628418, 0.9999994039535522, 0.9999667406082153, 0.9999991655349731
1, 2, 3, 4, 7, 8, 9, 11, 13, 15, 16, 19, 6, 17, 18, 5, 10, 12, 14, 20
0.9765375852584839, 0.5620118975639343, 0.9992238283157349, 0.9557099342346191, 0.7393530011177063, 0.5285457968711853, 0.9799619913101196, 0.9999973773956299, 0.9400485754013062, 0.9999881982803345, 0.9826416969299316, 0.9990678429603577, 0.5747910141944885, 0.9820373058319092, 0.9545300006866455, 0.5465841889381409, 0.3693644106388092, 0.7706497311592102, 0.7716570496559143, 0.48913002014160156, 0.8575963377952576, 0.9428240060806274, 0.8652802109718323, 0.9997082352638245, 0.9463579654693604, 0.9998507499694824, 0.7981639504432678, 0.9999123811721802, 0.9999970197677612, 0.9324503540992737, 0.9999995231628418
1, 2, 3, 4, 5, 6, 7, 8, 9, 10, 11, 12, 13, 14, 15, 16, 17, 18, 19, 20
0.7139309644699097, 0.9417310953140259, 0.6572352051734924, 0.9886987805366516, 0.7630929946899414, 0.9999197721481323, 0.9989145994186401, 0.9983325600624084, 0.999866247177124, 0.9999998807907104, 0.9924895763397217, 1.0, 0.9999935626983643, 1.0, 0.9999971389770508, 1.0, 0.999998927116394, 0.9999998807907104, 0.9986690282821655, 1.0, 0.9999998807907104, 1.0, 0.9999995231628418, 0.9999998807907104, 0.9999886751174927, 1.0, 0.9999997615814209, 0.9999996423721313, 0.9999996423721313, 0.9998846054077148, 0.9999992847442627
1, 2, 3, 4, 5, 7, 8, 9, 10, 11, 12, 13, 14, 15, 16, 17, 18, 19, 20, 6
0.9978207349777222, 0.9340745806694031, 0.9865531325340271, 0.7887836694717407, 0.9976484179496765, 0.7198598980903625, 0.9329097867012024, 0.5156070590019226, 0.9999970197677612, 0.8173675537109375, 0.9999994039535522, 0.9838002324104309, 0.9999995231628418, 0.9979113936424255, 0.9999998807907104, 0.9999566078186035, 0.9999998807907104, 0.989589273929596, 0.9999994039535522, 0.9999172687530518, 0.999995231628418, 0.9991791844367981, 0.9999995231628418, 0.9999804496765137, 0.9999899864196777, 0.9999988079071045, 0.9912025928497314, 0.9999978542327881, 0.8478251695632935, 0.9999986886978149, 0.9950169920921326
19, 1, 12, 9, 16, 18, 2, 14, 11, 17, 5, 3, 6, 7, 13, 4, 15, 8, 10, 20
0.9989365935325623, 0.9966069459915161, 0.9945443868637085, 0.7149537801742554, 0.7153981924057007, 0.40236759185791016, 0.7582330703735352, 0.47244298458099365, 0.7205313444137573, 0.5487029552459717, 0.43638095259666443, 0.8348852396011353, 0.6366717219352722, 0.7221604585647583, 0.8820305466651917, 0.4940721392631531, 0.6298344731330872, 0.7073237895965576, 0.38580548763275146, 0.4266073405742645, 0.4607643783092499, 0.49693378806114197, 0.5159544944763184, 0.4612768292427063, 0.8447243571281433, 0.8289236426353455, 0.7311620712280273, 0.9615294337272644, 0.9999945163726807, 0.8354762196540833, 1.0
1, 2, 3, 4, 5, 6, 7, 8, 9, 10, 11, 12, 13, 14, 15, 16, 17, 18, 19, 20
0.9828869700431824, 0.745002806186676, 0.854777455329895, 0.9956516623497009, 0.9998607635498047, 0.8153443336486816, 0.9972687363624573, 0.9993451237678528, 0.9994382262229919, 0.9999998807907104, 0.9982983469963074, 1.0, 0.9999939203262329, 0.9999997615814209, 0.9999468326568604, 1.0, 0.9999997615814209, 1.0, 0.9999237060546875, 1.0, 0.999997615814209, 1.0, 0.9999996423721313, 1.0, 0.9999986886978149, 1.0, 0.9999997615814209, 0.9999992847442627, 0.9999995231628418, 0.9999001026153564, 0.999998927116394
