1, 5, 9, 6, 16, 14, 11, 12, 13, 19, 8, 10, 2, 3, 4, 7, 15, 17, 18, 20
0.49659693241119385, 0.5853511691093445, 0.7824850082397461, 0.8170328736305237, 0.9654846787452698, 0.9560244679450989, 0.717444896697998, 0.809061586856842, 0.470271497964859, 0.35479000210762024, 0.9957423806190491, 0.9996067881584167, 0.5282412171363831, 0.9088234901428223, 0.8165261149406433, 0.943257749080658, 0.4615825414657593, 0.9978417158126831, 0.999968409538269, 0.6156078577041626, 0.9984840750694275, 0.7783223986625671, 0.9927558302879333, 0.9995039701461792, 0.9971253275871277, 0.9816980361938477, 0.5038780570030212, 0.966895341873169, 0.9999809265136719, 0.9936969876289368, 0.999997615814209
6, 17, 1, 5, 8, 13, 11, 19, 10, 16, 15, 7, 4, 3, 9, 12, 2, 18, 20, 14
0.7356902360916138, 0.745334267616272, 0.9312065243721008, 0.3792804479598999, 0.3708139657974243, 0.9767606258392334, 0.4094434678554535, 0.57177734375, 0.815517008304596, 0.8313997983932495, 0.46826642751693726, 0.38594791293144226, 0.37959417700767517, 0.4112051725387573, 0.47614264488220215, 0.5415527820587158, 0.3514447808265686, 0.807959794998169, 0.3828987181186676, 0.5805085897445679, 0.6456621289253235, 0.38686224818229675, 0.9904053807258606, 0.9997093081474304, 0.6511853933334351, 0.9262212514877319, 0.9726235866546631, 0.6892952919006348, 0.999994158744812, 0.9999892711639404, 0.9995673298835754
8, 11, 1, 4, 5, 2, 20, 17, 18, 19, 3, 6, 7, 13, 14, 15, 16, 9, 10, 12
0.8194011449813843, 0.9842384457588196, 0.9733483195304871, 0.8162931799888611, 0.8614124059677124, 0.9992289543151855, 0.7475210428237915, 0.6201949715614319, 0.9999886751174927, 0.9760797619819641, 0.9336370825767517, 0.9999879598617554, 0.9998717308044434, 0.8746135830879211, 0.73503577709198, 0.5761713981628418, 0.9888822436332703, 0.5936592221260071, 0.8990031480789185, 0.7654032111167908, 0.9913061261177063, 0.9853979349136353, 0.9584282636642456, 0.9174585342407227, 0.9998780488967896, 0.9998258948326111, 0.8333185911178589, 0.9999939203262329, 0.9924224019050598, 0.9999974966049194, 0.9999951124191284
5, 1, 3, 8, 19, 12, 10, 17, 7, 13, 14, 2, 15, 16, 18, 20, 9, 11, 6, 4
0.41974541544914246, 0.7397661209106445, 0.64751797914505, 0.6987572908401489, 0.9266720414161682, 0.7359275221824646, 0.7883373498916626, 0.7027686238288879, 0.6143075227737427, 0.6841852068901062, 0.9247888326644897, 0.9969845414161682, 0.8438538908958435, 0.6931065917015076, 0.8846228718757629, 0.9999216794967651, 0.9999483823776245, 0.5141333937644958, 0.9233630299568176, 0.8638546466827393, 0.9999734163284302, 0.9999885559082031, 0.904492199420929, 0.8678756356239319, 0.838481068611145, 0.9999933242797852, 0.48575931787490845, 0.9999467134475708, 0.999971866607666, 0.5084574222564697, 0.9993632435798645
1, 2, 3, 16, 18, 5, 8, 6, 7, 9, 10, 15, 13, 11, 14, 19, 20, 4, 12, 17
0.8637989163398743, 0.9997335076332092, 0.9088699817657471, 0.3919251263141632, 0.7440009713172913, 0.9484959244728088, 0.998047947883606, 0.38575220108032227, 0.9926361441612244, 0.8806245923042297, 0.9992291927337646, 0.42851486802101135, 0.983061671257019, 0.875400722026825, 0.9984833598136902, 0.9782530665397644, 0.893847644329071, 0.44764745235443115, 0.9164036512374878, 0.5753729939460754, 0.8284649848937988, 0.845492422580719, 0.7499825954437256, 0.4875502288341522, 0.7199483513832092, 0.9999912977218628, 0.7577639222145081, 0.9999862909317017, 0.7490304112434387, 0.9999855756759644, 0.9999767541885376
16, 8, 18, 20, 19, 12, 10, 13, 11, 14, 4, 5, 7, 15, 17, 3, 6, 9, 1, 2
0.5488272905349731, 0.8198914527893066, 0.6225511431694031, 0.8639605641365051, 0.3331979811191559, 0.9057424664497375, 0.9994244575500488, 0.9887551069259644, 0.4684140086174011, 0.9962008595466614, 0.7576109170913696, 0.9935429096221924, 0.6839712262153625, 0.9631693363189697, 0.6708741188049316, 0.9898279905319214, 0.906095027923584, 0.6929106712341309, 0.6671842932701111, 0.5610410571098328, 0.9962725639343262, 0.4235440790653229, 0.7738416790962219, 0.5949720740318298, 0.7700181007385254, 0.9493986368179321, 0.593850314617157, 0.997226893901825, 0.910319983959198, 0.5964304804801941, 0.999998927116394
10, 5, 2, 11, 16, 6, 20, 1, 3, 8, 4, 7, 12, 15, 13, 14, 17, 18, 19, 9
0.9436405897140503, 0.9519035220146179, 0.5379801392555237, 0.5124211311340332, 0.9709378480911255, 0.9597827792167664, 0.7819709777832031, 0.9938761591911316, 0.8536937236785889, 0.7038958072662354, 0.999993085861206, 0.7777066826820374, 0.5400833487510681, 0.5083395838737488, 0.8393614888191223, 0.998752236366272, 0.9967665672302246, 0.878305196762085, 0.9998779296875, 0.9997573494911194, 0.822071373462677, 0.6600533127784729, 0.9999382495880127, 0.9999845027923584, 0.6547071933746338, 0.9340976476669312, 0.5311232805252075, 0.9441099762916565, 0.5774508118629456, 0.9999151229858398, 0.9999599456787109
4, 14, 18, 12, 13, 3, 7, 11, 8, 5, 15, 6, 17, 19, 2, 10, 9, 20, 1, 16
0.7355918288230896, 0.9198320508003235, 0.937630832195282, 0.9937744140625, 0.9971331357955933, 0.8490262627601624, 0.3984813094139099, 0.9320517182350159, 0.9994820952415466, 0.436383992433548, 0.8103345036506653, 0.6359803676605225, 0.432040810585022, 0.9145956039428711, 0.6818622350692749, 0.6398369073867798, 0.33476677536964417, 0.8759492635726929, 0.6154754757881165, 0.7974492311477661, 0.6266741156578064, 0.6012362837791443, 0.6362184882164001, 0.7237176299095154, 0.888300895690918, 0.9959121942520142, 0.7718127369880676, 0.9999866485595703, 0.9999697208404541, 0.9999258518218994, 0.9999089241027832
2, 3, 4, 6, 9, 10, 11, 13, 14, 15, 17, 19, 20, 1, 7, 8, 5, 12, 16, 18
0.773335337638855, 0.8826087117195129, 0.3256334662437439, 0.45446670055389404, 0.5230662822723389, 0.7063413262367249, 0.5691661238670349, 0.9124681353569031, 0.7588491439819336, 0.9987518787384033, 0.993881106376648, 0.8813455104827881, 0.6228416562080383, 0.9155656099319458, 0.7026718258857727, 0.8390812873840332, 0.5427727103233337, 0.8079084753990173, 0.8861342668533325, 0.9958802461624146, 0.9999994039535522, 0.6352578401565552, 0.48026224970817566, 0.9997559189796448, 0.6513456702232361, 0.9999911785125732, 0.992780864238739, 0.9999892711639404, 0.8595213890075684, 0.9999979734420776, 0.9999988079071045
1, 2, 3, 5, 6, 14, 16, 17, 20, 18, 11, 13, 15, 10, 7, 8, 19, 4, 9, 12
0.7166363000869751, 0.97118079662323, 0.9920300245285034, 0.9045143127441406, 0.9990737438201904, 0.8030920624732971, 0.858431339263916, 0.41259121894836426, 0.5130182504653931, 0.9987572431564331, 0.9991752505302429, 0.8768243789672852, 0.9999967813491821, 0.5255642533302307, 0.5744009017944336, 0.7656401991844177, 0.7962853312492371, 0.9998468160629272, 0.999932050704956, 0.5888223648071289, 0.46845486760139465, 0.8416472673416138, 0.9632689952850342, 0.6783381700515747, 0.9992844462394714, 0.8386788964271545, 0.9383884072303772, 0.7038205862045288, 0.6959384083747864, 0.9999974966049194, 0.999980092048645
1, 3, 4, 2, 5, 6, 9, 16, 18, 13, 15, 10, 20, 19, 11, 17, 12, 7, 8, 14
0.8725806474685669, 0.5100230574607849, 0.997469425201416, 0.4373762011528015, 0.979259729385376, 0.5071640014648438, 0.971693217754364, 0.9939676523208618, 0.8781183362007141, 0.9998471736907959, 0.9995515942573547, 0.7268977165222168, 0.478864461183548, 0.736441433429718, 0.37215882539749146, 0.6106066703796387, 0.7977248430252075, 0.8184378147125244, 0.9999929666519165, 0.9928303360939026, 0.5052792429924011, 0.9895684123039246, 0.710565447807312, 0.9969547986984253, 0.7087326645851135, 0.9712409377098083, 0.949630856513977, 0.6882478594779968, 0.9999580383300781, 0.9999954700469971, 0.999984622001648
8, 18, 15, 16, 13, 11, 4, 5, 12, 20, 1, 2, 6, 7, 14, 3, 10, 17, 9, 19
0.5438236594200134, 0.9674262404441833, 0.7155004739761353, 0.9759768843650818, 0.8374133110046387, 0.9997573494911194, 0.9989012479782104, 0.9741859436035156, 0.7480520606040955, 0.9890103936195374, 0.9998843669891357, 0.6438450217247009, 0.9984669089317322, 0.8207759857177734, 0.6503494381904602, 0.9040580987930298, 0.957255482673645, 0.7027906775474548, 0.999487042427063, 0.8781552910804749, 0.9999270439147949, 0.8749135136604309, 0.9388613700866699, 0.6486157774925232, 0.9407269358634949, 0.9957836866378784, 0.5114931464195251, 0.9965533018112183, 0.8538294434547424, 0.9999879598617554, 0.9992198944091797
3, 4, 14, 16, 19, 11, 2, 5, 10, 9, 1, 12, 7, 6, 8, 13, 18, 15, 17, 20
0.8380212783813477, 0.939054548740387, 0.9792913794517517, 0.9901502132415771, 0.814219057559967, 0.33557116985321045, 0.7338051199913025, 0.583240270614624, 0.6180605292320251, 0.453856498003006, 0.36537477374076843, 0.9830139875411987, 0.4571320414543152, 0.8043080568313599, 0.9821693301200867, 0.7732589840888977, 0.34792593121528625, 0.6381685137748718, 0.30097678303718567, 0.9618691205978394, 0.5386332273483276, 0.9999632835388184, 0.9929080009460449, 0.9985620379447937, 0.9778698682785034, 0.6582733988761902, 0.9510923624038696, 0.9910099506378174, 0.9999991655349731, 0.9979053735733032, 0.9999963045120239
1, 2, 3, 4, 5, 6, 7, 8, 9, 10, 11, 12, 13, 14, 15, 16, 17, 18, 19, 20
0.8856952786445618, 0.6930555701255798, 0.9587359428405762, 0.6416842341423035, 0.7836210131645203, 0.9171760082244873, 0.993870735168457, 0.9968872666358948, 0.8266422152519226, 0.9998401403427124, 0.998920202255249, 0.999869704246521, 0.9996532201766968, 0.9998828172683716, 0.9965754151344299, 0.9999301433563232, 0.999483585357666, 0.9999330043792725, 0.9801518321037292, 0.9999589920043945, 0.9997307658195496, 0.9999598264694214, 0.7980375289916992, 0.9999442100524902, 0.9999717473983765, 0.9999322891235352, 0.9996180534362793, 0.9999035596847534, 0.9999954700469971, 0.9998905658721924, 0.9999990463256836
1, 2, 3, 4, 5, 6, 7, 8, 9, 10, 11, 12, 13, 14, 15, 16, 17, 18, 19, 20
0.8381845355033875, 0.996755063533783, 0.7216343879699707, 0.991619348526001, 0.9819225072860718, 0.9886482357978821, 0.7291955947875977, 0.998204231262207, 0.9769992232322693, 0.9998854398727417, 0.999439537525177, 0.9998455047607422, 0.9993477463722229, 0.9999608993530273, 0.9971919655799866, 0.9997319579124451, 0.9999282360076904, 0.9999698400497437, 0.9999375343322754, 0.999964714050293, 0.9997549653053284, 0.9999840259552002, 0.9999830722808838, 0.9999943971633911, 0.9999884366989136, 0.9999834299087524, 0.9996782541275024, 0.9998613595962524, 0.9999963045120239, 0.9999316930770874, 0.9999994039535522
1, 2, 4, 5, 8, 11, 16, 17, 15, 12, 20, 6, 7, 3, 18, 13, 14, 19, 9, 10
0.8033356666564941, 0.9601064920425415, 0.595551073551178, 0.9816901087760925, 0.4189179837703705, 0.9952955842018127, 0.4239118993282318, 0.998591959476471, 0.6519403457641602, 0.9999284744262695, 0.9973633885383606, 0.9658164978027344, 0.9399822950363159, 0.7421846985816956, 0.8140398263931274, 0.5091161131858826, 0.9999924898147583, 0.3395463228225708, 0.5768994092941284, 0.7877522110939026, 0.9986816048622131, 0.5281381011009216, 0.9845026135444641, 0.8577532172203064, 0.9352052807807922, 0.5325347781181335, 0.995850682258606, 0.9942658543586731, 0.8871745467185974, 0.999976634979248, 0.9999973773956299
9, 13, 14, 17, 18, 1, 2, 3, 4, 5, 6, 7, 8, 10, 11, 12, 15, 16, 19, 20
0.28930342197418213, 0.8481665253639221, 0.7877221703529358, 0.9978518486022949, 0.9984303116798401, 0.7763098478317261, 0.585972249507904, 0.6862631440162659, 0.883800745010376, 0.6101946830749512, 0.603114128112793, 0.9690806269645691, 0.8555665016174316, 0.9988864064216614, 0.8502296209335327, 0.733549177646637, 0.7717912793159485, 0.9999572038650513, 0.9790593385696411, 0.9998856782913208, 0.8671754002571106, 0.9999364614486694, 0.9999041557312012, 0.9999558925628662, 0.9797167181968689, 0.999944806098938, 0.9988971948623657, 0.8932929635047913, 0.9999860525131226, 0.9999278783798218, 0.9999990463256836
1, 2, 3, 4, 7, 11, 14, 19, 20, 5, 6, 10, 12, 8, 9, 16, 17, 18, 15, 13
0.8194370269775391, 0.878021240234375, 0.8361406922340393, 0.9716778993606567, 0.7040880918502808, 0.7239176630973816, 0.7849369645118713, 0.9993614554405212, 0.9996064305305481, 0.8297213912010193, 0.9700342416763306, 0.3534274697303772, 0.9999973773956299, 0.4460625648498535, 0.9996067881584167, 0.9031378626823425, 0.7242201566696167, 0.9987819790840149, 0.9999833106994629, 0.8192988038063049, 0.9999536275863647, 0.9998881816864014, 0.9786317348480225, 0.9999498128890991, 0.9982055425643921, 0.9998438358306885, 0.7500770092010498, 0.9999878406524658, 0.6039047837257385, 0.999992847442627, 0.9999916553497314
5, 14, 19, 13, 1, 2, 4, 6, 8, 15, 17, 16, 10, 18, 11, 12, 20, 3, 7, 9
0.4671624004840851, 0.5870895385742188, 0.34108901023864746, 0.7718174457550049, 0.38545435667037964, 0.7388238906860352, 0.2884082496166229, 0.6847018599510193, 0.8807216882705688, 0.6702964305877686, 0.9946176409721375, 0.5408519506454468, 0.9863117337226868, 0.9766995906829834, 0.7660262584686279, 0.5691725015640259, 0.9270405173301697, 0.439132422208786, 0.8702927231788635, 0.6718310713768005, 0.9997074007987976, 0.5495445728302002, 0.9988095760345459, 0.7122251987457275, 0.9996259212493896, 0.9999986886978149, 0.39796438813209534, 0.9999921321868896, 0.7814123034477234, 0.9985565543174744, 0.9111708402633667
1, 2, 3, 4, 9, 8, 11, 14, 18, 19, 20, 15, 16, 17, 10, 12, 13, 7, 5, 6
0.916863203048706, 0.9954200983047485, 0.6793594360351562, 0.9995039701461792, 0.7323755025863647, 0.8290548920631409, 0.9753565788269043, 0.9158467650413513, 0.9995840191841125, 0.983329713344574, 0.9997628331184387, 0.9974992871284485, 0.8697376251220703, 0.9916182160377502, 0.998200535774231, 0.9999996423721313, 0.9078077077865601, 0.46758919954299927, 0.7795265913009644, 0.4998018443584442, 0.9998005032539368, 0.9959909319877625, 0.9416995644569397, 0.9477115273475647, 0.9747743606567383, 0.976298451423645, 0.9999469518661499, 0.9999996423721313, 0.8684142231941223, 0.8247581720352173, 0.9999918937683105
2, 3, 5, 6, 10, 13, 12, 14, 16, 18, 1, 4, 7, 8, 9, 15, 17, 20, 11, 19
0.7963652610778809, 0.9636472463607788, 0.4605812728404999, 0.6610426902770996, 0.9844796061515808, 0.9560971260070801, 0.9988477230072021, 0.979323148727417, 0.934965193271637, 0.8089125156402588, 0.8800894021987915, 0.4701973795890808, 0.9354605674743652, 0.805853009223938, 0.9996515512466431, 0.9995334148406982, 0.8561002016067505, 0.9889780879020691, 0.811337411403656, 0.7228494882583618, 0.9998482465744019, 0.9966567754745483, 0.8606986403465271, 0.9983164072036743, 0.9986055493354797, 0.7248623967170715, 0.9999994039535522, 0.9999828338623047, 0.9518324732780457, 0.9999679327011108, 0.9999921321868896
1, 2, 3, 7, 10, 12, 17, 15, 16, 19, 18, 5, 6, 11, 13, 14, 8, 9, 4, 20
0.7143274545669556, 0.996354341506958, 0.9432942271232605, 0.9190837740898132, 0.8914278745651245, 0.7020374536514282, 0.9997105002403259, 0.996338963508606, 0.9821220636367798, 0.9967799782752991, 0.3909514248371124, 0.36413195729255676, 0.5178321003913879, 0.492995023727417, 0.8873168230056763, 0.6182987689971924, 0.5033924579620361, 0.5652590394020081, 0.5438393354415894, 0.9964319467544556, 0.5260732173919678, 0.5870968103408813, 0.9994058609008789, 0.9994105100631714, 0.8393889665603638, 0.9999679327011108, 0.6267967820167542, 0.9999154806137085, 0.3801078200340271, 0.8479584455490112, 0.9999951124191284
16, 8, 14, 9, 10, 6, 7, 3, 4, 1, 2, 13, 15, 11, 19, 20, 17, 18, 12, 5
0.5076537132263184, 0.7546623945236206, 0.6797624230384827, 0.9978783130645752, 0.9997026324272156, 0.4437049329280853, 0.6405627131462097, 0.6874566078186035, 0.5022340416908264, 0.7306312918663025, 0.6558024287223816, 0.9995556473731995, 0.8881281018257141, 0.9399206042289734, 0.8037524223327637, 0.4730726182460785, 0.9047661423683167, 0.7642760276794434, 0.6908751130104065, 0.3444546163082123, 0.7608394622802734, 0.5137776136398315, 0.5517562627792358, 0.9999880790710449, 0.8577162623405457, 0.5364638566970825, 0.9999277591705322, 0.9997126460075378, 0.74612957239151, 0.999993085861206, 0.9989755153656006
1, 2, 3, 4, 5, 6, 8, 9, 10, 13, 14, 15, 16, 17, 18, 19, 20, 7, 11, 12
0.5602379441261292, 0.9920529127120972, 0.8230637311935425, 0.708090603351593, 0.9922053217887878, 0.4521247148513794, 0.7387473583221436, 0.6262406706809998, 0.9911096096038818, 0.9526334404945374, 0.8371512293815613, 0.9575615525245667, 0.9999312162399292, 0.9999408721923828, 0.9921616911888123, 0.8264622688293457, 0.9997643828392029, 0.9860088229179382, 0.9959456324577332, 0.8352510333061218, 0.9984915256500244, 0.9913796186447144, 0.9846960306167603, 0.9990459084510803, 0.9991015195846558, 0.9999996423721313, 0.6757572293281555, 0.999992847442627, 0.9496365785598755, 0.9999960660934448, 0.9999995231628418
1, 2, 3, 5, 6, 8, 15, 17, 19, 20, 4, 7, 13, 12, 14, 11, 18, 9, 10, 16
0.9539210200309753, 0.4985761046409607, 0.804169237613678, 0.624260663986206, 0.8461476564407349, 0.9910368919372559, 0.9380768537521362, 0.9460369348526001, 0.9998812675476074, 0.9999114274978638, 0.6457451581954956, 0.6495603322982788, 0.8096582889556885, 0.9999982118606567, 0.914894163608551, 0.8671121001243591, 0.6617626547813416, 0.9515855312347412, 0.550586462020874, 0.6491344571113586, 0.9488418102264404, 0.9038980603218079, 0.7717905640602112, 0.8006454110145569, 0.6788313388824463, 0.8994516134262085, 0.7852575778961182, 0.9999767541885376, 0.999916672706604, 0.9999938011169434, 0.9995684027671814
3, 5, 4, 16, 1, 9, 6, 13, 10, 11, 19, 12, 14, 15, 8, 18, 7, 17, 2, 20
0.640662431716919, 0.7779213190078735, 0.5127200484275818, 0.8746720552444458, 0.7236016392707825, 0.8142288327217102, 0.4565540850162506, 0.7063090205192566, 0.9785136580467224, 0.834915816783905, 0.9797044992446899, 0.7857717275619507, 0.9847689867019653, 0.6184110641479492, 0.9923682808876038, 0.8039377331733704, 0.9147593975067139, 0.9700334668159485, 0.8648200035095215, 0.7949369549751282, 0.8060101866722107, 0.9952351450920105, 0.7775537371635437, 0.802435576915741, 0.9696735143661499, 0.44049736857414246, 0.8652049899101257, 0.9999932050704956, 0.9991587400436401, 0.9711160063743591, 0.9999909400939941
12, 17, 3, 11, 13, 15, 14, 1, 5, 4, 6, 16, 19, 8, 9, 18, 2, 20, 7, 10
0.5625014901161194, 0.2896610498428345, 0.6926840543746948, 0.9838532209396362, 0.9403438568115234, 0.9596300721168518, 0.37285923957824707, 0.8514578342437744, 0.8662653565406799, 0.9028456807136536, 0.536087155342102, 0.8871122598648071, 0.35457196831703186, 0.9201207160949707, 0.8029188513755798, 0.5725598931312561, 0.9873273968696594, 0.6293428540229797, 0.7310523390769958, 0.9780031442642212, 0.9996684789657593, 0.8031427264213562, 0.3839901089668274, 0.5114796757698059, 0.9900723695755005, 0.998072624206543, 0.9899953603744507, 0.9999901056289673, 0.8991005420684814, 0.9999845027923584, 0.999992847442627
1, 2, 3, 4, 5, 11, 13, 19, 18, 14, 16, 12, 20, 15, 9, 10, 7, 8, 17, 6
0.9654584527015686, 0.9985978007316589, 0.9041653275489807, 0.9972633123397827, 0.9120754599571228, 0.9970126152038574, 0.8015767931938171, 0.9970030188560486, 0.4546356499195099, 0.7169217467308044, 0.5548238158226013, 0.8319634795188904, 0.5793231725692749, 0.786970853805542, 0.8158760070800781, 0.9997361302375793, 0.9998608827590942, 0.6614260077476501, 0.7762380242347717, 0.4957285225391388, 0.9999936819076538, 0.7519747614860535, 0.5559052228927612, 0.48750972747802734, 0.9997394680976868, 0.9999390840530396, 0.5734550356864929, 0.9999682903289795, 0.9148926734924316, 0.9999817609786987, 0.99468994140625
1, 2, 11, 14, 12, 8, 19, 13, 17, 4, 6, 18, 10, 15, 7, 9, 16, 3, 20, 5
0.9160355925559998, 0.9016192555427551, 0.7877181172370911, 0.823584794998169, 0.999480664730072, 0.9997318387031555, 0.6917192935943604, 0.8107796907424927, 0.5621752142906189, 0.7483905553817749, 0.7867366075515747, 0.9250994920730591, 0.6790115237236023, 0.4131990969181061, 0.6373389959335327, 0.4227617681026459, 0.9985628724098206, 0.5629584193229675, 0.9245427846908569, 0.3801175057888031, 0.4547088146209717, 0.9125955104827881, 0.9990087151527405, 0.9899423122406006, 0.7405872941017151, 0.9604421257972717, 0.9996161460876465, 0.6981202363967896, 0.7306559085845947, 0.9999957084655762, 0.9416436553001404
2, 5, 10, 11, 9, 15, 20, 7, 16, 14, 1, 4, 13, 12, 18, 19, 6, 8, 17, 3
0.9055755734443665, 0.5404179096221924, 0.9916064739227295, 0.9876722693443298, 0.8904478549957275, 0.9690244197845459, 0.4094110131263733, 0.7936941385269165, 0.9878045320510864, 0.8073129653930664, 0.9999916553497314, 0.6838983297348022, 0.6173144578933716, 0.5081478953361511, 0.8305760622024536, 0.7945489883422852, 0.5890209078788757, 0.9589189887046814, 0.8356527090072632, 0.6940140724182129, 0.9620676040649414, 0.8859050273895264, 0.9853020906448364, 0.8725672960281372, 0.8469286561012268, 0.6076076626777649, 0.5496101379394531, 0.9979268312454224, 0.7799816727638245, 0.9999927282333374, 0.9597383141517639
2, 4, 7, 10, 14, 1, 3, 5, 6, 8, 9, 11, 12, 13, 16, 17, 18, 19, 20, 15
0.8425296545028687, 0.630278468132019, 0.6672917008399963, 0.6056939363479614, 0.5791730284690857, 0.9475483894348145, 0.8819966316223145, 0.9617092609405518, 0.5673547387123108, 0.978822648525238, 0.5591277480125427, 0.9821305871009827, 0.9998809099197388, 0.9997568726539612, 0.9835251569747925, 0.9997615218162537, 0.7404482364654541, 0.9999585151672363, 0.9996511936187744, 0.9997879862785339, 0.9095730185508728, 0.9982126951217651, 0.9338757395744324, 0.9941369295120239, 0.990629255771637, 0.7310423254966736, 0.8576741218566895, 0.8947625160217285, 0.9999982118606567, 0.9999899864196777, 0.999984622001648
1, 9, 5, 6, 15, 14, 19, 10, 11, 2, 3, 8, 16, 17, 12, 13, 20, 7, 4, 18
0.7548749446868896, 0.8060509562492371, 0.8819836974143982, 0.998988687992096, 0.7315732836723328, 0.7253566980361938, 0.8582019209861755, 0.4551127552986145, 0.9945834279060364, 0.9458968639373779, 0.8656567931175232, 0.8230838179588318, 0.9994229078292847, 0.9998499155044556, 0.365599125623703, 0.9973752498626709, 0.9466747641563416, 0.710334300994873, 0.7593104839324951, 0.9993053674697876, 0.9999198913574219, 0.3266427516937256, 0.728308916091919, 0.9997288584709167, 0.999987006187439, 0.7528544664382935, 0.9999985694885254, 0.9565603733062744, 0.6261152029037476, 0.9999949932098389, 0.9999063014984131
16, 4, 8, 15, 17, 18, 1, 2, 6, 3, 11, 12, 13, 14, 5, 7, 10, 9, 20, 19
0.4486567974090576, 0.918642520904541, 0.6862479448318481, 0.7417886257171631, 0.8886561989784241, 0.8729396462440491, 0.9696096777915955, 0.8885700106620789, 0.9992239475250244, 0.9986059069633484, 0.8646435141563416, 0.9769410490989685, 0.9951682090759277, 0.4333967864513397, 0.9126174449920654, 0.8767090439796448, 0.9997206330299377, 0.9999747276306152, 0.8110073208808899, 0.9673653244972229, 0.99993896484375, 0.999983549118042, 0.6261847615242004, 0.999748170375824, 0.7821636199951172, 0.9786192774772644, 0.9992923736572266, 0.8152118921279907, 0.9999971389770508, 0.9999892711639404, 0.999971866607666
1, 3, 2, 7, 8, 19, 16, 13, 5, 6, 14, 12, 17, 20, 4, 9, 11, 15, 10, 18
0.7425969839096069, 0.8719920516014099, 0.7998059391975403, 0.9109847545623779, 0.7528574466705322, 0.7561615705490112, 0.7616037130355835, 0.6251406073570251, 0.49402448534965515, 0.6152331829071045, 0.9743648171424866, 0.8570755124092102, 0.9993771910667419, 0.8176009058952332, 0.9430228471755981, 0.4754983186721802, 0.78095543384552, 0.5412631034851074, 0.9765426516532898, 0.680703341960907, 0.9999959468841553, 0.6859408020973206, 0.9893382787704468, 0.9999741315841675, 0.6637537479400635, 0.9999959468841553, 0.9953032732009888, 0.9999829530715942, 0.9398933053016663, 0.9999918937683105, 0.9999880790710449
1, 2, 3, 4, 5, 6, 7, 8, 9, 11, 13, 14, 15, 16, 18, 19, 20, 10, 12, 17
0.9749630093574524, 0.8309183716773987, 0.62501460313797, 0.6225094199180603, 0.9691205024719238, 0.9724395871162415, 0.99588543176651, 0.9933446645736694, 0.9449459910392761, 0.9998466968536377, 0.4785977005958557, 0.9997448325157166, 0.6185599565505981, 0.9998822212219238, 0.7594500184059143, 0.9999047517776489, 0.9188193082809448, 0.9994935989379883, 0.9896279573440552, 0.9944832921028137, 0.5771690011024475, 0.9678630232810974, 0.9806026816368103, 0.7690520286560059, 0.9999923706054688, 0.999976634979248, 0.5401619076728821, 0.9999117851257324, 0.5389690399169922, 0.999943733215332, 0.9999862909317017
1, 5, 7, 14, 19, 8, 10, 4, 15, 17, 3, 9, 13, 18, 2, 11, 20, 6, 12, 16
0.6110873222351074, 0.9131330251693726, 0.6100502610206604, 0.9340384006500244, 0.9879153966903687, 0.7731895446777344, 0.8817628026008606, 0.5061229467391968, 0.47381332516670227, 0.5287848114967346, 0.3969593644142151, 0.7065839767456055, 0.9135470390319824, 0.9953503608703613, 0.9998490810394287, 0.9144174456596375, 0.5493436455726624, 0.5453898906707764, 0.9450434446334839, 0.9997591376304626, 0.9999105930328369, 0.8362483382225037, 0.47266170382499695, 0.6471608281135559, 0.5234066843986511, 0.9999970197677612, 0.5926510095596313, 0.9999837875366211, 0.9805625677108765, 0.9999938011169434, 0.9999877214431763
1, 5, 6, 13, 14, 11, 12, 15, 18, 19, 3, 4, 7, 2, 10, 20, 16, 8, 9, 17
0.8441488146781921, 0.4692216217517853, 0.674619734287262, 0.8582035899162292, 0.6271423697471619, 0.9986636638641357, 0.9892058372497559, 0.922550618648529, 0.6905593276023865, 0.8136629462242126, 0.7813475131988525, 0.8010525107383728, 0.853493869304657, 0.8650264739990234, 0.9457733631134033, 0.9927405714988708, 0.9982775449752808, 0.4098619222640991, 0.9961064457893372, 0.48638758063316345, 0.6822455525398254, 0.6416113376617432, 0.8102452158927917, 0.5774655342102051, 0.9999972581863403, 0.5173971056938171, 0.9957992434501648, 0.6963302493095398, 0.9999344348907471, 0.9999916553497314, 0.9999876022338867
1, 2, 4, 7, 3, 6, 14, 11, 13, 19, 8, 9, 5, 15, 20, 18, 10, 12, 16, 17
0.9346006512641907, 0.8325110077857971, 0.6807999610900879, 0.9523235559463501, 0.8093203902244568, 0.5151680111885071, 0.9989927411079407, 0.8560499548912048, 0.9993082284927368, 0.8102827668190002, 0.9998639822006226, 0.9999737739562988, 0.5074226260185242, 0.8903003334999084, 0.7470574378967285, 0.40840545296669006, 0.5645877122879028, 0.9822717905044556, 0.9931087493896484, 0.7153933644294739, 0.9999936819076538, 0.9999815225601196, 0.5016162395477295, 0.9999915361404419, 0.7327516674995422, 0.9999902248382568, 0.9992170333862305, 0.999992847442627, 0.9324306845664978, 0.9999933242797852, 0.9999126195907593
1, 2, 3, 4, 5, 10, 12, 11, 9, 19, 20, 15, 17, 13, 14, 16, 8, 6, 7, 18
0.7478392720222473, 0.9187753200531006, 0.9406605958938599, 0.9972852468490601, 0.5695292949676514, 0.4152679741382599, 0.37182968854904175, 0.6954395771026611, 0.7381665706634521, 0.7207172513008118, 0.9902265071868896, 0.6660341024398804, 0.5567346811294556, 0.791272759437561, 0.991858184337616, 0.9999994039535522, 0.7163413166999817, 0.5755965113639832, 0.7720617651939392, 0.6692630648612976, 0.48019731044769287, 0.632102370262146, 0.5113909244537354, 0.5906093716621399, 0.9933006763458252, 0.9999442100524902, 0.7617406249046326, 0.5097757577896118, 0.6892882585525513, 0.9999862909317017, 0.9998832941055298
11, 15, 12, 14, 1, 2, 3, 6, 8, 18, 16, 17, 19, 4, 10, 5, 9, 13, 20, 7
0.9382649064064026, 0.5522363781929016, 0.9849581718444824, 0.9083564281463623, 0.9536781311035156, 0.6656028032302856, 0.9937102794647217, 0.9959635734558105, 0.8459659814834595, 0.8245548009872437, 0.9793798923492432, 0.6373555660247803, 0.9988526105880737, 0.7455002665519714, 0.6818757653236389, 0.8466617465019226, 0.9214130640029907, 0.7314336895942688, 0.5859414935112, 0.8748069405555725, 0.9878018498420715, 0.5256349444389343, 0.9967566132545471, 0.99991774559021, 0.483340322971344, 0.8159769773483276, 0.9869568347930908, 0.9999990463256836, 0.9995713829994202, 0.9999984502792358, 0.985040545463562
12, 2, 6, 7, 3, 13, 14, 19, 16, 17, 15, 1, 9, 20, 18, 10, 11, 4, 5, 8
0.5911058187484741, 0.9080812931060791, 0.622471272945404, 0.9628177285194397, 0.522156834602356, 0.9562134146690369, 0.9914345741271973, 0.9049901366233826, 0.9994530081748962, 0.7540171146392822, 0.9989122152328491, 0.6484094262123108, 0.9952477812767029, 0.7928163409233093, 0.9999574422836304, 0.9995342493057251, 0.8543001413345337, 0.7588778734207153, 0.6658917665481567, 0.7459404468536377, 0.872696578502655, 0.9999969005584717, 0.5796175003051758, 0.6442803740501404, 0.8319603800773621, 0.8871943354606628, 0.9945656061172485, 0.9999940395355225, 0.8018581867218018, 0.9996013045310974, 0.8198811411857605
1, 2, 3, 7, 8, 19, 10, 16, 4, 5, 9, 20, 11, 13, 14, 6, 12, 18, 15, 17
0.7839580178260803, 0.9760963320732117, 0.9937630295753479, 0.9517700672149658, 0.9999213218688965, 0.6880577206611633, 0.8550207018852234, 0.5003647208213806, 0.8786596655845642, 0.9839258193969727, 0.9996465444564819, 0.5068042874336243, 0.517096996307373, 0.9974443912506104, 0.5185993909835815, 0.9999979734420776, 0.9876487851142883, 0.9681200385093689, 0.63325434923172, 0.8960408568382263, 0.9998723268508911, 0.9999619722366333, 0.6547737717628479, 0.9997127652168274, 0.9912001490592957, 0.999976634979248, 0.9998900890350342, 0.9996106028556824, 0.9796129465103149, 0.9999967813491821, 0.9999988079071045
6, 7, 2, 3, 1, 4, 5, 19, 12, 17, 10, 13, 20, 14, 18, 11, 9, 8, 15, 16
0.8804385662078857, 0.9925018548965454, 0.40294238924980164, 0.8496277332305908, 0.41680458188056946, 0.4669685363769531, 0.9997190833091736, 0.38372308015823364, 0.6533258557319641, 0.6114659905433655, 0.6103728413581848, 0.9987900853157043, 0.9935584664344788, 0.7946561574935913, 0.5615898370742798, 0.999234676361084, 0.9996323585510254, 0.5902261734008789, 0.9999970197677612, 0.8629323244094849, 0.9092747569084167, 0.9971591234207153, 0.9988577365875244, 0.7646863460540771, 0.9980302453041077, 0.7548025250434875, 0.7057523131370544, 0.9999839067459106, 0.9076873660087585, 0.9999985694885254, 0.9999948740005493
1, 2, 3, 6, 4, 15, 18, 20, 10, 11, 7, 9, 14, 17, 19, 8, 16, 5, 13, 12
0.968518078327179, 0.9780945181846619, 0.7579862475395203, 0.7688630223274231, 0.6945022940635681, 0.39743244647979736, 0.6884689927101135, 0.7029455304145813, 0.8279709815979004, 0.9933527708053589, 0.9999992847442627, 0.6380494832992554, 0.3875080645084381, 0.7849938869476318, 0.9859479665756226, 0.5323649644851685, 0.9987251162528992, 0.83205246925354, 0.45428332686424255, 0.8414950966835022, 0.8340714573860168, 0.6180868744850159, 0.8436046242713928, 0.7893006205558777, 0.7660322189331055, 0.725829005241394, 0.5544121861457825, 0.9999939203262329, 0.9996389150619507, 0.9999903440475464, 0.9999840259552002
10, 16, 17, 20, 6, 11, 7, 8, 12, 4, 13, 14, 15, 1, 2, 3, 18, 19, 5, 9
0.5991051197052002, 0.265358030796051, 0.6189337372779846, 0.5701863765716553, 0.9697350859642029, 0.9983479976654053, 0.47592443227767944, 0.9982373714447021, 0.6555507779121399, 0.3922145962715149, 0.5757606029510498, 0.93006432056427, 0.34537699818611145, 0.9924653768539429, 0.9988446235656738, 0.6884374022483826, 0.8751940727233887, 0.5924476385116577, 0.9160401821136475, 0.8213832974433899, 0.6913233995437622, 0.5599365234375, 0.5735546350479126, 0.7306978702545166, 0.9892884492874146, 0.491533100605011, 0.956601619720459, 0.3835108280181885, 0.9999940395355225, 0.7548936009407043, 0.9999878406524658
1, 3, 4, 2, 13, 15, 16, 11, 9, 10, 12, 20, 8, 6, 7, 5, 14, 19, 18, 17
0.9879927635192871, 0.9436025619506836, 0.5130669474601746, 0.7053310871124268, 0.9337889552116394, 0.9588379859924316, 0.9858407974243164, 0.7198299169540405, 0.9692522883415222, 0.9267581701278687, 0.6724050045013428, 0.7457829713821411, 0.8854352235794067, 0.8818661570549011, 0.881187379360199, 0.9997425675392151, 0.999956488609314, 0.5173091292381287, 0.9999955892562866, 0.5987591743469238, 0.6307896375656128, 0.7482615113258362, 0.7121756076812744, 0.9999750852584839, 0.6148124933242798, 0.999983549118042, 0.9228511452674866, 0.9999761581420898, 0.9480945467948914, 0.9999895095825195, 0.999995231628418
2, 11, 4, 10, 18, 15, 16, 12, 13, 19, 7, 14, 17, 6, 1, 5, 8, 9, 3, 20
0.8975240588188171, 0.5188566446304321, 0.9691393971443176, 0.6161381602287292, 0.6586158275604248, 0.711147665977478, 0.7360822558403015, 0.40336835384368896, 0.9457619786262512, 0.569412350654602, 0.9955975413322449, 0.9887675642967224, 0.9312434196472168, 0.6670805811882019, 0.9915146827697754, 0.9995459914207458, 0.7013065218925476, 0.8557526469230652, 0.47329917550086975, 0.4931846261024475, 0.8480550050735474, 0.6227925419807434, 0.6471399664878845, 0.33648544549942017, 0.4530165493488312, 0.9981316924095154, 0.35780569911003113, 0.9998888969421387, 0.665778398513794, 0.9637713432312012, 0.9999939203262329
1, 2, 3, 4, 5, 7, 8, 9, 10, 11, 12, 13, 14, 15, 16, 17, 18, 20, 19, 6
0.7137543559074402, 0.8793066143989563, 0.6213186383247375, 0.9543306231498718, 0.928979754447937, 0.8516073226928711, 0.7176992297172546, 0.5691958665847778, 0.9926814436912537, 0.979924201965332, 0.9901286959648132, 0.5942382216453552, 0.9990196228027344, 0.9694371223449707, 0.999936580657959, 0.999936580657959, 0.9999765157699585, 0.9991750121116638, 0.9999083280563354, 0.9943121671676636, 0.9999445676803589, 0.999408483505249, 0.999815046787262, 0.9999665021896362, 0.9480279088020325, 0.9999669790267944, 0.7338637709617615, 0.9999990463256836, 0.8856222629547119, 0.9999746084213257, 0.9999501705169678
19, 18, 10, 16, 1, 8, 14, 17, 4, 2, 6, 7, 11, 9, 12, 15, 3, 5, 20, 13
0.9918963313102722, 0.9744362831115723, 0.991574227809906, 0.9193979501724243, 0.987231969833374, 0.6000099182128906, 0.962421715259552, 0.7072208523750305, 0.8206559419631958, 0.6937140822410583, 0.8378201723098755, 0.8313164114952087, 0.8228552937507629, 0.8249719142913818, 0.5643552541732788, 0.6165964007377625, 0.384865403175354, 0.9228358268737793, 0.8547974824905396, 0.49482834339141846, 0.5359508395195007, 0.7217824459075928, 0.835178554058075, 0.7486222982406616, 0.9510798454284668, 0.5159347653388977, 0.5810060501098633, 0.8519459366798401, 0.9999963045120239, 0.9999954700469971, 0.9999927282333374
1, 2, 4, 5, 3, 8, 9, 10, 11, 14, 12, 13, 16, 18, 17, 20, 6, 7, 19, 15
0.981505811214447, 0.45447903871536255, 0.5469428896903992, 0.9956810474395752, 0.4414292871952057, 0.579433023929596, 0.44258996844291687, 0.9997560381889343, 0.9236056804656982, 0.9997739195823669, 0.9924350380897522, 0.9998607635498047, 0.9937416911125183, 0.9409629106521606, 0.6481591463088989, 0.999915361404419, 0.9999407529830933, 0.9080823063850403, 0.5720537900924683, 0.9999587535858154, 0.9954043626785278, 0.8991175889968872, 0.9425899982452393, 0.8141652941703796, 0.9999946355819702, 0.3970967233181, 0.7634389400482178, 0.9999639987945557, 0.7548792958259583, 0.9999896287918091, 0.9999874830245972
